1322289681000
kingfish
benny
1 0 599816 600000 14 10 12 12 -1 -1 2222222222000000000000000000000000000000000000000000000000000000000000000000000000000000000000000000000000000001111111111 1
2 0 599816 599997 2 10 4 12 -1 -1 2222222222000000000000000000000000000000000000000000000000000000000000000000000000000000000000000000000010000001111011111 1
1 0 599815 599997 16 12 12 8 -1 -1 2220222222000000200000000000000000000000000000000000000000000000000000000000000000000000000000000000000010000001111011111 1
2 0 599815 599996 0 12 4 8 -1 -1 2220222222000000200000000000000000000000000000000000000000000000000000000000000000000000000000000000001010000001111011110 1
1 0 599814 599996 13 13 11 11 -1 -1 0220222222000020200000000000000000000000000000000000000000000000000000000000000000000000000000000000001010000001111011110 1
2 0 599814 599995 2 14 6 14 5 15 0220222222000020200000000000000000000000000000000000000000000000000000000000000000000000000100000000001010000001101011110 1
1 0 599813 599995 14 12 10 12 -1 -1 0220202222000020200000000000003000000000020000000000000000000000000000000000000000000000000100000000001010000001101011110 1
2 0 599813 599994 3 11 9 13 8 14 0220202222000020200000000000003000000000020000000000000000000000000000000000000010000000000100000000001010000001101001110 1
1 0 595174 599994 13 11 7 13 -1 -1 0220202022000020200000000000003000000000020000000000000000000300000000200000000010000000000100000000001010000001101001110 1
2 0 595174 599993 1 13 7 15 -1 -1 0220202022000020200000000000003000000000020000000001000000000300000000200000000010000000000100000000001010000001001001110 1
1 0 591108 599993 12 12 8 12 -1 -1 0200202022000020200000000000003000000000020000000001200000000300000000200000000010000000000100000000001010000001001001110 1
2 0 591108 599992 2 12 6 12 -1 -1 0200202022000020200000000000003000000000020000000001200000001300000000200000000010000000000100000000001000000001001001110 1
1 0 588122 599992 13 15 12 14 -1 -1 0200002022000020200000000000003000000000220000000001200000001300000000200000000010000000000100000000001000000001001001110 1
2 0 588122 599991 3 15 7 11 -1 -1 0200002022000020200000000000003000000000220000000001200000001300000000200000000010000000000100000000001001000001000001110 1
1 0 581682 599991 15 13 9 11 -1 -1 0200002020000020200000000000003000000000220000000021200000001300000000200000000010000000000100000000001001000001000001110 1
2 0 581682 599990 6 12 8 10 -1 -1 0200002020000020200000000000003000000000220000000021200000001300000001200000000010000000000100000000001001000001000001100 1
1 0 577315 599990 15 11 15 13 -1 -1 0200002020000020200000000000003000000000020000000021200000021300000001200000000010000000000100000000001001000001000001100 1
2 0 577315 599989 7 11 9 9 -1 -1 0200002020000020200000000000003000000000020000000021200000021300000001200000000010000000000100000000001001000001000001010 1
1 0 573724 599989 15 13 13 15 -1 -1 0200002020000020200000000000003000000000020000000001200000021300000021200000000010000000000100000000001001000001000001010 1
2 0 573724 599988 8 10 10 8 -1 -1 0200002020000020200000000000003000000000020000000001200000021300000021200000000010000000000100000000001001000001001001000 1
1 0 569473 599988 14 14 8 8 -1 -1 0200002020000020200000000000003000000000020000000001200000001300000021200000002010000000000100000000001001000001001001000 1
2 0 569473 599987 9 9 11 7 -1 -1 0200002020000020200000000000003000000000020000000001200000101300000021200000002010000000000100000000001001000001001000000 1
1 0 564322 599987 13 15 7 9 -1 -1 0200002020000020200000000000003000000000020000000001200000101300000001200000002010000000020100000000001001000001001000000 1
2 0 564322 599986 10 8 12 10 -1 -1 0200002020000020200000000000003000000000020000000101200000101300000001200000002010000000020100000000001001000001000000000 1
1 0 561007 599986 8 8 6 10 -1 -1 0200002020000020200000000000003000000000020000000101200000101300000001200000000010000000020100000000001201000001000000000 1
2 0 561007 599985 6 14 8 16 -1 -1 0200002020000020200000000000003000000001020000000101200000001300000001200000000010000000020100000000001201000001000000000 1
1 0 554648 599985 10 12 6 12 -1 -1 0200002020000020200000000000003000000001000000000101200000001320000001200000000010000000020100000000001201000001000000000 1
2 0 554648 599984 7 15 9 17 -1 -1 0200002020000020200000000000003000000001100000000101200000001320000001200000000000000000020100000000001201000001000000000 1
1 0 547013 599984 12 8 10 10 -1 -1 0200002020000020200000000000003000000001100000000101000000001320000001202000000000000000020100000000001201000001000000000 1
2 0 547013 599983 8 16 10 18 -1 -1 0200002020000020200000000000003000000001100000000101000000001320000001202000000100000000020100000000000201000001000000000 1
1 0 534545 599983 8 12 4 16 -1 -1 0200002020000020200000000000003000000001100000000101000000001300000001202000000100020000020100000000000201000001000000000 1
2 0 534545 599982 3 13 5 11 -1 -1 0200002020000020201000000000003000000001100000000101000000000300000001202000000100020000020100000000000201000001000000000 1
1 0 526508 599982 4 16 3 15 -1 -1 0200002000000020201000000000203000000001100000000101000000000300000001202000000100020000020100000000000201000001000000000 1
2 0 526508 599981 3 9 5 7 -1 -1 0200002001000020200000000000203000000001100000000101000000000300000001202000000100020000020100000000000201000001000000000 1
1 0 508191 599981 11 11 10 12 -1 -1 0200000001000020200000000020203000000001100000000101000000000300000001202000000100020000020100000000000201000001000000000 1
2 0 508191 599980 9 13 11 11 -1 -1 0200000001000020200000000020203000000001100000000101000000000300000001202000000110020000020000000000000201000001000000000 1
1 0 494766 599980 10 12 4 10 -1 -1 0200000001000020200000000020203000000001100000000101000000000300000001002000000110020000020200000000000201000001000000000 1
2 0 494766 599979 4 8 6 6 -1 -1 0200000001000021200000000020203000000001100000000101000000000300000001002000000100020000020200000000000201000001000000000 1
1 0 484604 599979 10 10 2 14 -1 -1 0200000001000001200000000020203000000201100000000101000000000300000001002000000100020000020200000000000201000001000000000 1
2 0 484604 599978 10 18 14 10 -1 -1 0200010001000001200000000020203000000201100000000101000000000300000001002000000000020000020200000000000201000001000000000 1
1 0 474994 599978 9 11 9 13 -1 -1 0200010001000001200000000020203000000201100000000101000000000300000001002000000000000000020200000000000201000001000200000 1
2 0 474994 599977 5 7 7 5 -1 -1 0200010001000001200000000020203000000201100000000101000000000300000000102000000000000000020200000000000201000001000200000 1
1 0 468709 599977 9 13 3 11 -1 -1 0200010001000001200000000000203000000201100000020101000000000300000000102000000000000000020200000000000201000001000200000 1
2 0 468709 599976 6 6 8 4 -1 -1 0200010101000001200000000000203000000201100000020101000000000300000000002000000000000000020200000000000201000001000200000 1
1 0 463863 599976 4 10 3 9 -1 -1 0200010101000001200000000000203000000001100000020101000020000300000000002000000000000000020200000000000201000001000200000 1
2 0 463863 599975 14 10 15 11 -1 -1 0200011101000000200000000000203000000001100000020101000020000300000000002000000000000000020200000000000201000001000200000 1
1 0 458608 599975 6 12 2 12 -1 -1 0200011101000000200000000000203000000001100000020101000020000300000000002000000000000000020200000000000201000001000000200 1
2 0 458608 599974 1 11 3 13 -1 -1 0200111101000000200000000000203000000001000000020101000020000300000000002000000000000000020200000000000201000001000000200 1
1 0 453091 599974 7 13 7 11 -1 -1 0000111121000000200000000000203000000001000000020101000020000300000000002000000000000000020200000000000201000001000000200 1
2 0 453091 599974 15 11 16 12 -1 -1 0000111121000000200000000000203000000001000000020110000020000300000000002000000000000000020200000000000201000001000000200 1
1 0 449446 599974 7 11 5 9 -1 -1 0000111121000000200000000000203000000001000000020110000020000300000000002000000000000000020200000000000201000001000000002 1
2 0 449446 599974 12 10 13 11 -1 -1 0000111121000000200000000001203000000001000000020100000020000300000000002000000000000000020200000000000201000001000000002 1
1 0 446052 599974 13 9 11 15 -1 -1 0000111121000000200000000001203000000001000000020100000020000300000000002000000000000000020200000000000001000001200000002 1
2 0 446052 599974 13 11 14 10 -1 -1 0000111121000000200000000001203000000001000000020100000020000300000000002000000000000000020201000000000001000000200000002 1
1 0 442230 599974 12 14 8 18 -1 -1 0000111121000000200000000001203000000001000000020100000020000300000000002000000000000000020201000000000001000000000200002 1
2 0 442230 599973 14 10 15 11 -1 -1 0000111121000000200000000001203000000001000000020100000020000301000000002000000000000000020201000000000000000000000200002 1
1 0 438774 599973 11 15 10 14 -1 -1 0000111121000000200000000001203000000001000000020100000020000301000000002000000000000000020201000000000000000000000000202 1
2 0 438774 599973 11 11 12 12 -1 -1 0000111121000000200000000001203000000001000000020100000020000301000000002000000001000000020200000000000000000000000000202 1
1 0 435093 599973 10 14 9 13 -1 -1 0000111121000000200000000001203000000001000000020100000020000301000000002000000001000000020000000000000020000000000000202 1
2 0 435093 599972 12 12 13 13 -1 -1 0000111121000000200000000001203000000001000000020100000020000301000000102000000000000000020000000000000020000000000000202 1
1 0 431368 599972 8 18 7 19 -1 -1 0000111121000000200000000001203000000001000000020100000020000301000000102000000000000000020000000000000000000000020000202 1
2 0 431368 599972 13 13 14 14 -1 -1 0000111121000000200000000001203000000001000000020100001020000300000000102000000000000000020000000000000000000000020000202 1
1 0 427775 599972 7 19 6 18 -1 -1 0000111121000000200000000001203000000001000000020100001020000300000000102000000000000000020000000000000000000000000002202 1
2 0 427775 599971 14 14 15 13 -1 -1 0000111121000000200000000001203000000001000100020100000020000300000000102000000000000000020000000000000000000000000002202 1
1 0 424563 599971 6 10 2 10 -1 -1 0000111121000000200000000001203000000001000100020100000020000300000000102000000000000000020000000000000000000000000000222 1
2 0 424563 599970 4 12 8 8 -1 -1 0001111121000000200000000001203000000000000100020100000020000300000000102000000000000000020000000000000000000000000000222 1
1 0 421990 599970 6 18 6 16 -1 -1 0001111121000000000000000001203000000000000100020100000020200300000000102000000000000000020000000000000000000000000000222 1
2 0 421990 599970 11 7 12 8 -1 -1 0001111121000000000000000001203000000000001000020100000020200300000000102000000000000000020000000000000000000000000000222 1
1 0 419374 599970 5 9 4 10 -1 -1 0001111121000000000000000001203000000000001000020100000020200300000000102000000000000000000000000000002000000000000000222 1
2 0 419374 599969 12 8 13 9 -1 -1 0001111121000001000000000000203000000000001000020100000020200300000000102000000000000000000000000000002000000000000000222 1
1 0 416985 599969 7 9 6 8 -1 -1 0001111121000001000000000000203000000000001000020100000020200300000000102000000000000000000000000000000000000002000000222 1
2 0 416985 599969 13 9 14 10 -1 -1 0001111121000001000000000000203000000010001000020000000020200300000000102000000000000000000000000000000000000002000000222 1
1 0 413902 599969 9 13 5 13 -1 -1 0001111121000001000000000000203000000010001000020000000020200300000000102000000000000000000000000000000000000000000200222 1
2 0 413902 599968 9 17 10 16 -1 -1 0001111121000001000000000000213000000010001000020000000020200300000000002000000000000000000000000000000000000000000200222 1
1 0 410505 599968 6 16 4 14 -1 -1 0001111121000001000000000000213000000010001000020000000020200300000000000000000000200000000000000000000000000000000200222 1
2 0 410505 599968 10 16 11 15 -1 -1 0001111121000001010000000000213000000010000000020000000020200300000000000000000000200000000000000000000000000000000200222 1
1 0 408957 599968 5 13 4 12 -1 -1 0001111121000001010000000000213000000010000000020000000020200300000000000000000000000000000002000000000000000000000200222 1
2 0 408957 599968 11 15 12 14 -1 -1 0001111121000001110000000000203000000010000000020000000020200300000000000000000000000000000002000000000000000000000200222 1
1 0 407810 599968 3 11 1 13 -1 -1 0001111121000001110000000000203000000010000000020000000020200300000000000000000000000000000000000000000002000000000200222 1
2 0 407810 599967 12 14 13 13 -1 -1 0011111021000001110000000000203000000010000000020000000020200300000000000000000000000000000000000000000002000000000200222 1
1 0 406331 599967 4 10 3 11 -1 -1 0011111021000001110000000000203000000010000000020000000020200300000000000000000000000000000000000000000000000000020200222 1
2 0 406331 599966 13 13 14 12 -1 -1 0011111121000000110000000000203000000010000000020000000020200300000000000000000000000000000000000000000000000000020200222 1
1 0 405293 599966 2 10 1 11 -1 -1 0011111121000000110000000000203000000010000000020000000020200300000000000000000000000000000000000000000000000000000220222 1
2 0 405293 599966 8 8 9 7 -1 -1 0110111121000000110000000000203000000010000000020000000020200300000000000000000000000000000000000000000000000000000220222 1
1 0 404051 599966 4 12 0 12 -1 -1 0110111121000000110000000000203000000010000000020000000020000300000200000000000000000000000000000000000000000000000220222 1
2 0 404051 599965 9 7 10 6 -1 -1 1110111121000000010000000000203000000010000000020000000020000300000200000000000000000000000000000000000000000000000220222 1
1 0 403048 599965 6 8 5 9 -1 -1 1110111121000000010000000000203000000010000000020000000020000300000000000000020000000000000000000000000000000000000220222 1
2 0 403048 599964 10 6 11 7 -1 -1 1110111121000000010000000001203000000000000000020000000020000300000000000000020000000000000000000000000000000000000220222 1
1 0 402446 599964 5 9 4 10 -1 -1 1110111121000000010000000001203000000000000000020000000020000300000000000000000000000000020000000000000000000000000220222 1
2 0 402446 599963 11 7 12 8 -1 -1 1110111121000001010000000000203000000000000000020000000020000300000000000000000000000000020000000000000000000000000220222 1
1 0 402044 599963 4 10 4 12 -1 -1 1110111121000001010000000000203000000000000000020000000020000300000000000000000000000000000000000000002000000000000220222 1
2 0 402044 599962 12 8 13 9 -1 -1 1110111121000000110000000000203000000000000000020000000020000300000000000000000000000000000000000000002000000000000220222 1
1 0 401687 599962 4 12 2 10 -1 -1 1110111121000000110000000000203000000000000000020000000020000300000000000000000000000000000000000000000000000002000220222 1
