1322295520000
droptable
kingfish
1 0 582046 600000 13 11 12 10 -1 -1 2222222222000000000000000000000000000000000000000000000000000000000000000000000000000000000000000000000000000001111111111 2
2 0 582046 599900 2 14 4 12 -1 -1 2222222222000000000000000000000000000000000000000000000000000000000000000000000000000000000000000000000100000001011111111 2
1 0 542138 599900 14 10 12 12 -1 -1 2222202222000000200000000000000000000000000000000000000000000000000000000000000000000000000000000000000100000001011111111 2
2 0 542138 599898 0 12 4 16 -1 -1 2222202222000000200000000000000000000000000000000000000000000000000000000000000000000000000000000000000110000001011011111 2
1 0 502678 599898 13 9 11 11 -1 -1 0222202222000000202000000000000000000000000000000000000000000000000000000000000000000000000000000000000110000001011011111 2
2 0 502678 599897 3 11 5 13 -1 -1 0222202222000000202000000000000000000000000000000000000000000000000000000000000000000000000100000000000110000000011011111 2
1 0 479621 599897 16 12 14 10 -1 -1 0222202022000000202000000000020000000000000000000000000000000000000000000000000000000000000100000000000110000000011011111 2
2 0 479621 599896 2 12 6 12 -1 -1 0222202022000000202000000000020000000000000000000000000000000000000000000000000000000000000100000000000110000000011111110 2
1 0 443511 599896 12 12 10 10 -1 -1 0222002022000000202000000000020000000000200000000000000000000000000000000000000000000000000100000000000110000000011111110 2
2 0 443511 599895 3 13 7 13 -1 -1 0222002022000000202000000000020000000000200000000000000000000000000000000000000100000000000100000000000100000000011111110 2
1 0 399518 599895 15 13 11 9 -1 -1 0222002002000000202000000000020000000000200000000002000000000000000000000000000100000000000100000000000100000000011111110 2
2 0 399518 599738 4 12 8 12 -1 -1 0222002002000000202000000000020000000000200000000002000000000000000000000000000100000000001100000000000100000000011111100 2
1 0 362938 599738 14 12 12 14 -1 -1 0222002002000000002000000000020000000000200000000002000000002000000000000000000100000000001100000000000100000000011111100 2
2 0 362938 595050 3 9 4 10 -1 -1 0222002002000000002000000000020000000000200000000002000000002000000000000000000100000000001100000000000101000000011101100 2
1 0 326949 595050 14 14 12 12 -1 -1 0222000002000002002000000000020000000000200000000002000000002000000000000000000100000000001100000000000101000000011101100 2
2 0 326949 592856 5 13 9 13 -1 -1 0222000002000002002000000000020000000000200000000002000000002000000000000000000100000000001100000000000111000000011100100 2
1 0 308266 592856 12 10 8 14 -1 -1 0222000002000002002000000000000000000000200000000002000000002000000000200000000100000000001100000000000111000000011100100 2
2 0 308266 590783 7 13 9 11 -1 -1 0222000002000002002000000000000000000000200000000002000000002100000000200000000100000000001100000000000011000000011100100 2
1 0 278273 590783 15 11 13 9 -1 -1 0222000002000002002000000000000000000000200000000000000000002100000002200000000100000000001100000000000011000000011100100 2
2 0 278273 588386 1 11 9 15 -1 -1 0222000002000002002000000000000000000000200000000000000000002100000002200000000100000000001100000000000011000001011100000 2
1 0 248282 588386 11 9 10 8 -1 -1 0022000002000002002000000000000000000000200000000000000000002100000002220000000100000000001100000000000011000001011100000 2
2 0 248282 584853 1 13 1 11 -1 -1 0022000002000002002000000000000000000000200000000000000000002100000002220000001100000000000100000000000011000001011100000 2
1 0 218289 584853 13 15 11 9 -1 -1 0202000002000002002000000000000000000000200000000000000000002100000002220000001100000000000100000000000011000001011100000 2
2 0 218289 582353 4 16 4 14 -1 -1 0202000002000002002000000000000000000000200000000000000000002100000002220000001100000000001100000000000011000001010100000 2
1 0 188296 582353 14 10 12 8 -1 -1 0202000002000002020000000000000000000000200000000000000000002100000002220000001100000000001100000000000011000001010100000 2
2 0 188296 578806 3 15 7 11 -1 -1 0202000002000002020000000000000000000000200000000000000000002100000002220000001100000000001100000000001011000001010000000 2
1 0 158081 578806 12 14 10 12 -1 -1 0202000000000002020000000000000000000000200000000020000000002100000002220000001100000000001100000000001011000001010000000 2
2 0 158081 575122 1 11 7 13 -1 -1 0202000000000002020000000000000000000000200000000020000000002100000002220000001110000000001100000000001010000001010000000 2
1 0 128087 575122 10 10 8 16 -1 -1 0002000000000002020000000000000000000000200000000022000000002100000002220000001110000000001100000000001010000001010000000 2
2 0 128087 570936 9 11 13 15 -1 -1 0002000000000002020000000000000000000000200000000022000000002110000002220000001010000000001100000000001010000001010000000 2
1 0 98099 570936 13 9 9 9 -1 -1 0002000000000002020000000000000000000000200000000022000000002110000000220000001010000000001100000000001010000001012000000 2
2 0 98099 564374 9 15 13 11 -1 -1 0002000000000002020000000000000000000000200000000022000000002110000010220000001010000000001100000000001010000000012000000 2
1 0 68103 564374 11 9 9 15 -1 -1 0002000000000002020000000000000000000000200000000022000000002110000010200000001010000000001100000000001010000000212000000 2
2 0 68103 559726 6 12 8 10 -1 -1 0002000000000002020000000000000000000000200000000022000000002110000010210000001010000000000100000000001010000000212000000 2
1 0 38111 559726 11 11 10 10 -1 -1 0002000000000002020000000000000000000000000000000022000000022110000010210000001010000000000100000000001010000000212000000 2
2 0 38111 555024 7 13 11 13 -1 -1 0002000000000002020000000000000000000000000000000022000000022110000010210000001110000000000000000000001010000000212000000 2
1 0 8118 555024 9 15 7 13 -1 -1 0002000000000002020000000000000000000000000000000020000000022110000010210000001110000000000020000000001010000000212000000 2
2 0 8118 552224 2 10 3 9 -1 -1 0002000000000002020000000000000000000000000000000021000000022110000010200000001110000000000020000000001010000000212000000 2
1 0 8116 552224 8 14 6 12 -1 -1 0000002000000002020000000000000000000000000000000021000000022110000010200000001110000000000020000000001010000000212000000 2
2 0 8116 548891 3 9 5 11 -1 -1 0000002000000002020000000000000000000000100000000021000000022010000010200000001110000000000020000000001010000000212000000 2
1 0 8115 548891 13 13 11 11 -1 -1 0000000000000002020000000000200000000000100000000021000000022010000010200000001110000000000020000000001010000000212000000 2
2 0 8115 543013 8 12 10 14 -1 -1 0000000000000002020000000000200000000000100000000021000000022010000010200000001110000000000120000000001010000000202000000 2
1 0 8114 543013 10 10 4 12 -1 -1 0000000000000002020000000000200000000000100000000021000000020010000010200000001112000000000120000000001010000000202000000 2
2 0 8114 534759 8 10 8 8 -1 -1 0000000000000002120000000000200000000000100000000021000000020010000010200000001012000000000120000000001010000000202000000 2
1 0 8113 534759 10 8 8 10 -1 -1 0000000000000002120000000000200000000000100000000021000000200010000010200000001012000000000120000000001010000000202000000 2
2 0 8113 526431 9 13 11 15 -1 -1 0000000000000002120000000000200000000000100000000021000000210010000010200000000012000000000120000000001010000000202000000 2
1 0 8112 526431 11 11 9 13 -1 -1 0000000000000002120000000000200000000000100000000021000000210010000010000000000012000000000122000000001010000000202000000 2
2 0 8112 518275 10 14 14 14 -1 -1 0000000000000002120000000000200000000000100000000021000000210010000010100000000012000000000022000000001010000000202000000 2
1 0 8110 518275 12 12 6 14 -1 -1 0000000000000002120000000000200000000000100000000021000000210010000010100000000010000000000022000000001010000000202002000 2
2 0 8110 509605 8 8 12 12 -1 -1 0000000000000002120000000000200000000000110000000021000000210010000010100000000010000000000022000000001000000000202002000 2
1 0 8108 509605 7 13 3 13 -1 -1 0000000000000002120000000000200000000000110000000021000000010010000010100000000010000000000022000000001020000000202002000 2
2 0 8108 500132 5 11 9 11 -1 -1 0000000010000002120000000000200000000000110000000020000000010010000010100000000010000000000022000000001020000000202002000 2
1 0 8107 500132 10 12 8 14 -1 -1 0000000010000002120000000000000000000000110000000020000000010010000012100000000010000000000022000000001020000000202002000 2
2 0 8107 493324 4 14 5 13 -1 -1 0000000010000002120000000000000000000000110000000020000000010110000012100000000000000000000022000000001020000000202002000 2
1 0 8105 493324 6 12 2 12 -1 -1 0000000010000002100000000000020000000000110000000020000000010110000012100000000000000000000022000000001020000000202002000 2
2 0 8105 487243 4 10 6 12 -1 -1 0000100010000002100000000000020000000000010000000020000000010110000012100000000000000000000022000000001020000000202002000 2
1 0 8104 487243 8 16 6 10 -1 -1 0000100010000000100000000000020000000000210000000020000000010110000012100000000000000000000022000000001020000000202002000 2
2 0 8104 481711 9 11 10 12 -1 -1 0000100010000000100000000000020000000001210000000020000000010100000012100000000000000000000022000000001020000000202002000 2
1 0 8102 481711 4 12 2 10 -1 -1 0000100010000000100000000000020000000001210000000020000000010100000010100000000020000000000022000000001020000000202002000 2
2 0 8102 477698 5 13 7 15 -1 -1 0001100010000000000000000000020000000001210000000020000000010100000010100000000020000000000022000000001020000000202002000 2
1 0 8101 477698 3 13 1 11 -1 -1 0001100010000000000000000000000000000001210000000020200000010100000010100000000020000000000022000000001020000000202002000 2
2 0 8101 469824 10 12 14 12 -1 -1 0101100000000000000000000000000000000001210000000020200000010100000010100000000020000000000022000000001020000000202002000 2
1 0 8100 469824 2 10 0 12 -1 -1 0101100000000000000000000000000000000001210000000020200000010100000010100000000000000000000022000000001020000000202022000 2
2 0 8100 464577 11 15 13 13 -1 -1 1100100000000000000000000000000000000001210000000020200000010100000010100000000000000000000022000000001020000000202022000 2
1 0 8099 464577 8 14 6 16 -1 -1 1100100000000000000000000000000000000001210000000020200000010100000010100000000000000000000020000000001020000000222022000 2
2 0 8099 459739 12 12 14 10 -1 -1 1100100000000000000000000000000000000001211000000020200000010000000010100000000000000000000020000000001020000000222022000 2
1 0 8098 459739 6 10 5 11 -1 -1 1100100000000000000000000000000000000001211000000020200000010000000010100000000000000000000020000000001000000000222222000 2
2 0 8098 456202 7 11 8 12 -1 -1 1100100000000000000000000000100000000000211000000020200000010000000010100000000000000000000020000000001000000000222222000 2
1 0 8097 456202 9 9 5 13 -1 -1 1100100000000000000000000000100000000000211000000000200000012000000010100000000000000000000020000000001000000000222222000 2
2 0 8097 453231 8 12 12 12 -1 -1 1100100000000000000000000000110000000000211000000000200000012000000000100000000000000000000020000000001000000000222222000 2
1 0 8096 453231 6 14 4 12 -1 -1 1100100000000000000000000000110000000000211000000000200000010000000000100000000000000000000020000000001020000000222222000 2
2 0 8096 451086 6 12 7 13 -1 -1 1100100000000000100000000000110000000000201000000000200000010000000000100000000000000000000020000000001020000000222222000 2
1 0 8095 451086 5 13 1 13 -1 -1 1100100000000000100000000000110000000000001000000002200000010000000000100000000000000000000020000000001020000000222222000 2
2 0 8095 448697 7 15 9 9 -1 -1 1110100000000000100000000000100000000000001000000002200000010000000000100000000000000000000020000000001020000000222222000 2
1 0 8094 448697 5 11 3 13 -1 -1 1110100000000000100000000000100000000000001000000002000000010000000020100000000000000000000020000000001020000000222222000 2
2 0 8094 446251 13 11 13 9 -1 -1 1110100010000000100000000000000000000000001000000002000000010000000020100000000000000000000020000000001020000000222222000 2
1 0 8093 446251 4 12 2 14 -1 -1 1110100010000000100000000000000000000000001000000002000000010000000020100000000000000000000020000000001020000002022222000 2
2 0 8093 444336 11 13 15 13 -1 -1 1110110010000000000000000000000000000000001000000002000000010000000020100000000000000000000020000000001020000002022222000 2
1 0 8092 444336 8 10 7 11 -1 -1 1110110010000000000000000000000000000000001000000002000000010000000020100000000000000000000000000000001020000002022222020 2
2 0 8092 443562 7 13 8 12 -1 -1 1110110010000000000000000000000000000000001000000012000000000000000020100000000000000000000000000000001020000002022222020 2
1 0 8091 443562 7 11 6 12 -1 -1 1110110010000000000000000000000000000000001000000010000000002000000020100000000000000000000000000000001020000002022222020 2
2 0 8091 442659 8 12 10 14 -1 -1 1110110010000000000000000000000000000000101000000000000000002000000020100000000000000000000000000000001020000002022222020 2
1 0 8090 442659 12 8 11 9 -1 -1 1110110010000000000000000000000000000000101000000000000000000000000020100000000002000000000000000000001020000002022222020 2
2 0 8090 441505 9 9 9 11 -1 -1 1110110010000000000000000000000000000000101000000000000000000000000020100000000002000000001000000000000020000002022222020 2
1 0 8090 441505 9 13 8 12 -1 -1 1110110010000000000000000000000000000000101000000000000000000000000002100000000002000000001000000000000020000002022222020 2
2 0 8090 439925 10 14 10 12 -1 -1 1110110010000000000000000000000000000000101000000000000000001000000002000000000002000000001000000000000020000002022222020 2
1 0 8089 439925 6 16 5 15 -1 -1 1110110010000000000000000000000000000000101000000000000000001000000002000000000020000000001000000000000020000002022222020 2
2 0 8089 438802 9 11 13 11 -1 -1 1110110010000000000000000000001000000000100000000000000000001000000002000000000020000000001000000000000020000002022222020 2
1 0 8088 438802 11 9 10 10 -1 -1 1110110010000000000000000000001000000000100000000000000000001000000000000000000020000000001000000000000020000002222222020 2
2 0 8088 437871 10 12 11 11 -1 -1 1110110010000000000000000000001000000000100000000000000000001000000000000000000120000000000000000000000020000002222222020 2
1 0 8087 437871 10 10 9 11 -1 -1 1110110010000000000000000000001000000000100000000000000000001000000000000000000100000000000200000000000020000002222222020 2
2 0 8087 437389 13 13 15 11 -1 -1 1110110010000000000000000000001000000000100000000000000000001000000001000000000000000000000200000000000020000002222222020 2
1 0 8086 437389 9 11 5 11 -1 -1 1110110010000000000000000000001000000000100000000000000000001000000001000000000000000000000200000000000020000002202222220 2
2 0 8086 437027 11 11 13 13 -1 -1 1110110010000000000000000000101000000000100000000000000000001000000000000000000000000000000200000000000020000002202222220 2
1 0 8085 437027 6 12 4 10 -1 -1 1110110010000000000000000000101000000000100000000000000000001000000000000000000000000000000000000000000020000002222222220 2
2 0 8085 436816 14 10 16 12 -1 -1 1110110010000001000000000000101000000000000000000000000000001000000000000000000000000000000000000000000020000002222222220 2
1 0 8085 436816 5 11 3 9 -1 -1 1110110010000001000000000000101000000000000000000000000000001000000000000000000000000000000000000000000020000002222022222 2
2 0 8085 436593 12 12 14 10 -1 -1 1110111010000001000000000000001000000000000000000000000000001000000000000000000000000000000000000000000020000002222022222 2
