1322292044000
ccplus
kingfish
1 0 599874 600000 14 10 12 8 -1 -1 2222222222000000000000000000000000000000000000000000000000000000000000000000000000000000000000000000000000000001111111111 2
2 0 599874 599905 2 14 4 12 -1 -1 2222222222000000000000000000000000000000000000000000000000000000000000000000000000000000000000000000001000000001111011111 2
1 0 599823 599905 12 8 11 9 -1 -1 2222202222000000200000000000000000000000000000000000000000000000000000000000000000000000000000000000001000000001111011111 2
2 0 599823 599904 0 12 4 16 -1 -1 2222202222000000200000000000000000000000000000000000000000000000000000000000000000000000001000000000000000000001111011111 2
1 0 599794 599904 14 12 10 8 -1 -1 0222202222000000202000000000000000000000000000000000000000000000000000000000000000000000001000000000000000000001111011111 2
2 0 599794 599903 3 11 5 13 -1 -1 0222202222000000202000000000000000000000000000000000000000000000000000000000001000000000001000000000000000000001111001111 2
1 0 599764 599903 10 8 9 9 7 13 0222202022000000202000000000020000000000000000000000000000000000000000000000001000000000001000000000000000000001111001111 2
2 0 599764 599902 2 12 6 12 -1 -1 0222202022000000202000000000020000000000000000000003000000000000000010000000000000000000001000000000000000000001111001111 2
1 0 599731 599902 14 14 8 8 -1 -1 0222002022000000202000000000020000000000200000000003000000000000000010000000000000000000001000000000000000000001111001111 2
2 0 599731 599696 4 12 8 12 -1 -1 0222002022000000202000000000020000000000200000000003000000100000000010000000000000000000001000000000000000000001111000111 2
1 0 599701 599696 8 8 7 9 5 15 0222002022000000002000000000020000000000200000000003000000102000000010000000000000000000001000000000000000000001111000111 2
2 0 599701 599695 6 12 14 12 -1 -1 0222002022000000002000000000023000000000200000000103000000002000000010000000000000000000001000000000000000000001111000111 2
1 0 599674 599695 16 12 6 10 -1 -1 0222002022000000002000000000023000000000000000000103000000002000000010000000000000000000001000000000000000000001111020111 2
2 0 599674 594719 5 13 6 12 -1 -1 0222002022000000002000000000023000000001000000000103000000002000000010000000000000000000001000000000000000000001111020110 2
1 0 599636 594719 15 11 14 10 -1 -1 0222002022000000002000000000003000000001200000000103000000002000000010000000000000000000001000000000000000000001111020110 2
2 0 599636 592944 3 15 9 13 -1 -1 0222002022000000002000000000003000000001200000000103000000002000000010000000000000000000001000000000000000000001111120010 2
1 0 599607 592944 14 10 8 8 -1 -1 0222002020000000002000000000003000000001200000000103000000002000000010200000000000000000001000000000000000000001111120010 2
2 0 599607 588014 6 12 12 10 -1 -1 0222002020000000002000000000003000000001200000000103000000102000000010200000000000000000001000000000000000000001111020010 2
1 0 599572 588014 13 11 12 12 -1 -1 0222002020000000002000000000003000000001000000000103000000102000000010200000000000000000001000000000000200000001111020010 2
2 0 599572 584787 1 11 2 12 -1 -1 0222002020000000002000000000003000000001000000000103000000102000000010200000000000000000001000000000000210000001011020010 2
1 0 599491 584787 9 9 5 9 -1 -1 0022202020000000002000000000003000000001000000000103000000102000000010200000000000000000001000000000000210000001011020010 2
2 0 599491 581946 1 13 5 13 -1 -1 0022202020000000002000000001003000000001000000000103000000102000000000200000000000000000001000000000000210000001011020010 2
1 0 599441 581946 11 9 10 10 -1 -1 0002202020000000002000000001023000000001000000000103000000102000000000200000000000000000001000000000000210000001011020010 2
2 0 599441 578010 2 10 6 14 -1 -1 0002202020000000002000000001023000000001000000000103000000102000000000200000000100000000000000000000000210000001011020010 2
1 0 599375 578010 13 9 7 11 -1 -1 0000202020000000002000000001023000000001020000000103000000102000000000200000000100000000000000000000000210000001011020010 2
2 0 599375 575042 2 12 10 12 -1 -1 0000202020000000002000000001023000000001020000000113000000102000000000200000000100000000000000000000000210000000011020010 2
1 0 599324 575042 6 10 2 10 -1 -1 0000002020000000002000000001023000000001020000000113000000102000000000200000000120000000000000000000000210000000011020010 2
2 0 599324 570760 12 10 13 11 -1 -1 0001002020000000002000000001023000000000020000000113000000102000000000200000000120000000000000000000000210000000011020010 2
1 0 599287 570760 15 13 14 14 -1 -1 0001002020000000002000000001023000000000020000000113000000102000000000200000000120000000000000000000000010000000211020010 2
2 0 599287 567118 9 13 11 11 -1 -1 0001002020000000002000000001023000000000020000000113000000102000000000200000000120000000000000000000000010000000211021000 2
1 0 599258 567118 8 8 4 8 -1 -1 0001002020000000002000000001023000000000020000000113000000102000000000000000000120000000000200000000000010000000211021000 2
2 0 599258 564293 3 9 5 11 -1 -1 0001002020000010002000000001023000000000020000000113000000002000000000000000000120000000000200000000000010000000211021000 2
1 0 599231 564293 12 12 11 13 -1 -1 0001000020000010002000000001223000000000020000000113000000002000000000000000000120000000000200000000000010000000211021000 2
2 0 599231 562155 3 13 4 14 -1 -1 0001000020000010002000000001223000000000020000000113000000002000000000000000000120000000000210000000000000000000211021000 2
1 0 599200 562155 10 10 9 9 -1 -1 0001000000000010022000000001223000000000020000000113000000002000000000000000000120000000000210000000000000000000211021000 2
2 0 599200 558721 4 16 12 12 -1 -1 0001000000000010022000000001223000000000020000000113000000002000000010000000000020000000000210000000000000000000211021000 2
1 0 599169 558721 11 13 11 15 -1 -1 0001000000000010020000000001223000000000020000000113000000002000000010000000000020000000000210000000000020000000211021000 2
2 0 599169 554700 6 14 12 16 -1 -1 0001000000000010020000000001223000000000020000000113000000002000000010000000000020000000000201000000000020000000211021000 2
1 0 599135 554700 13 15 9 11 -1 -1 0001000000000010020000000001223000000000000000000113000000002000000010000000000020000000000201000000000020200000211021000 2
2 0 599135 547470 4 14 10 8 -1 -1 0001000000000010020000000001223000000000000000000113000000002000000011000000000020000000000201000000000020200000210021000 2
1 0 599095 547470 14 14 13 15 -1 -1 0001000000000010000000000001223000000000000000000113000000002000000011000000002020000000000201000000000020200000210021000 2
2 0 599095 535840 12 12 14 10 -1 -1 0001000000000010000000000001223000000000000000000113000000002000000011000000002020000000000201000000000020200000211020000 2
1 0 599051 535840 13 13 12 12 -1 -1 0001000000000010000000000001223000000000000000000113000000002000000011000000002020000000000201000000000000200000211220000 2
2 0 599051 530113 11 11 13 13 -1 -1 0001000000000010000000000001223000000000000000000113000000002000000011000000002020000000000201000000000010200000201220000 2
1 0 599008 530113 13 15 11 13 -1 -1 0001000000000010000000000001223000000000000000000113000000002000000011000000002020000000000001000000000010200000221220000 2
2 0 599008 523843 12 16 13 15 -1 -1 0001000000000010000000000001223000000000000000000113000000002000000011000000002020000000000011000000000010200000220220000 2
1 0 598953 523843 11 15 9 13 -1 -1 0001000000000010000000000001223000000000000000000113000000002000000011000000002020000000000011000000000010000000222220000 2
2 0 598953 519235 8 12 10 10 -1 -1 0001000000000010000000000001223000000000000000000113000000002000000011100000002020000000000010000000000010000000222220000 2
1 0 598907 519235 12 12 4 16 -1 -1 0001000000000010000000000001223000000000000000000113000000000000000011100000002220000000000010000000000010000000222220000 2
2 0 598907 512680 10 10 14 14 -1 -1 0001000000000010001000000001223000000000000000000113000000000000000011100000002220000000000010000000000000000000222220000 2
1 0 598855 512680 11 13 10 14 -1 -1 0001000000000010001000000001223000000000000000000113000000000000000011100000002020000000000010000000000000000000222222000 2
2 0 598855 510628 5 11 6 12 -1 -1 0001000000000010001000000001223000000000000000000113000000000000000011100000002021000000000000000000000000000000222222000 2
1 0 598801 510628 10 14 6 10 -1 -1 0001000000000010001000000001023000000000200000000113000000000000000011100000002021000000000000000000000000000000222222000 2
2 0 598801 507407 10 12 11 11 -1 -1 0001000000000010001000000001023000000001200000000113000000000000000011100000002020000000000000000000000000000000222222000 2
1 0 598753 507407 7 9 1 11 -1 -1 0001000000000010001000000001023000000001200000000113000000000000000011100000002000000000000200000000000000000000222222000 2
2 0 598753 502656 5 13 6 14 -1 -1 0101000000000010001000000001023000000001200000000013000000000000000011100000002000000000000200000000000000000000222222000 2
1 0 598715 502656 9 9 8 10 -1 -1 0101000000000010001000000001003000000001220000000013000000000000000011100000002000000000000200000000000000000000222222000 2
2 0 598715 500084 6 14 12 12 -1 -1 0101000000000010001000000001003000000001220000000013000000010000000001100000002000000000000200000000000000000000222222000 2
1 0 598660 500084 9 11 3 9 -1 -1 0101000000000010001000000001003000000001200000000013000000010000000001100000002000000000000200000000000020000000222222000 2
2 0 598660 498767 6 12 12 10 -1 -1 0101001000000010001000000001003000000001200000000013000000010000000000100000002000000000000200000000000020000000222222000 2
1 0 598627 498767 9 13 8 12 -1 -1 0101001000000010001000000001003000000001000000000013000000010000000000100000002000000000000200000000000220000000222222000 2
2 0 598627 497796 10 8 11 9 -1 -1 0101001000000010001000000001003000000001000000000013000000011000000000000000002000000000000200000000000220000000222222000 2
1 0 598605 497796 8 10 4 10 -1 -1 0101001000000010001000000001003000000001000000000013000000011000000000000000000000000000002200000000000220000000222222000 2
2 0 598605 496820 11 11 15 11 -1 -1 0101001000000011001000000001003000000001000000000013000000001000000000000000000000000000002200000000000220000000222222000 2
1 0 598585 496820 8 12 6 14 -1 -1 0101001000000011001000000001003000000001000000000013000000001000000000000000000000000000002000000000000220000000222222200 2
2 0 598585 496302 12 10 13 9 -1 -1 0101001000000011001000000001003000000001010000000013000000000000000000000000000000000000002000000000000220000000222222200 2
1 0 598566 496302 7 11 3 15 -1 -1 0101001000000011001000000001003000000001010000000013000000000000000000000000000000000000002000000000000020000002222222200 2
2 0 598566 495940 11 9 12 10 -1 -1 0101001001000011001000000001003000000001010000000003000000000000000000000000000000000000002000000000000020000002222222200 2
1 0 598548 495940 2 10 0 12 -1 -1 0101001001000011001000000001003000000001010000000003000000000000000000000000000000000000000000000000000220000002222222200 2
2 0 598548 495520 13 15 15 13 -1 -1 1100001001000011001000000001003000000001010000000003000000000000000000000000000000000000000000000000000220000002222222200 2
1 0 598531 495520 4 8 2 10 -1 -1 1100001001000011001000000001003000000001010000000003000000000000000000000000000000000000000000000000000220000002220222220 2
2 0 598531 495226 14 10 16 12 -1 -1 1101001001000001001000000001003000000001010000000003000000000000000000000000000000000000000000000000000220000002220222220 2
1 0 598511 495226 4 16 2 14 -1 -1 1101001001000001001000000001003000000001010000000003000000000000000000000000000000000000000000000000000220000002220022222 2
2 0 598511 494890 12 10 12 14 -1 -1 1101011001000001000000000001003000000001010000000003000000000000000000000000000000000000000000000000000220000002220022222 2
1 0 598491 494890 3 15 1 13 -1 -1 1101011001000001000000000001003000000001010000000003000000000000000000000000000000000000000000000000000022000002220022222 2
2 0 598491 494558 12 14 13 15 -1 -1 1111011000000001000000000001003000000001010000000003000000000000000000000000000000000000000000000000000022000002220022222 2
1 0 598475 494558 5 9 3 11 -1 -1 1111011000000001000000000001003000000001010000000003000000000000000000000000000000000000000000000000000020000002222022222 2
2 0 598475 494390 12 12 14 10 -1 -1 1111011100000001000000000000003000000001010000000003000000000000000000000000000000000000000000000000000020000002222022222 2
