1322290933000
kingfish
benny
1 0 599818 600000 14 10 12 12 -1 -1 2222222222000000000000000000000000000000000000000000000000000000000000000000000000000000000000000000000000000001111111111 1
2 0 599818 599997 2 10 4 8 -1 -1 2222222222000000000000000000000000000000000000000000000000000000000000000000000000000000000000000000000010000001111011111 1
1 0 599806 599997 16 12 12 8 -1 -1 2220222222000020000000000000000000000000000000000000000000000000000000000000000000000000000000000000000010000001111011111 1
2 0 599806 599996 0 12 4 12 -1 -1 2220222222000020000000000000000000000000000000000000000000000000000000000000000000000000000000000000001010000001111011110 1
1 0 599805 599996 13 13 11 11 -1 -1 0220222222000020200000000000000000000000000000000000000000000000000000000000000000000000000000000000001010000001111011110 1
2 0 599805 599996 3 11 5 13 10 12 0220222222000020200000000000000000000000000000000000000000000000000000000000000000000000000100000000001010000001101011110 1
1 0 599636 599996 13 11 9 11 -1 -1 0220222022000020200000000000020000000000000000000000000000000000000000000000000030000000000100000000001010000001101011110 1
2 0 599636 599995 2 12 6 12 -1 -1 0220222022000020200000000000020000000000000000000000000000000000000001000000000030000000000100000000001010000001001011110 1
1 0 599635 599995 15 13 11 13 -1 -1 0220022022000020200000000000020000000000200000000000000000000000000001000000000030000000000100000000001010000001001011110 1
2 0 599635 599994 3 13 7 13 -1 -1 0220022022000020200000000000020000000000200000000000000000000000000001000000000030000000000110000000001010000001001011100 1
1 0 594296 599994 12 12 6 14 -1 -1 0220022002000020200000000000020000000000200000000002000000000000000001000000000030000000000110000000001010000001001011100 1
2 0 594296 599993 6 12 8 14 11 15 0220022002000020200000000000020000000000210000000002000000000000000001000000000030000000000110000000001000000001001011100 1
1 0 589050 599993 11 11 7 11 -1 -1 0220022002000020200000000000020000000000010000000002000000000200000001000000000030000000000113000000001000000001001011100 1
2 0 589050 599992 5 13 11 11 -1 -1 0220022002000020200000000000020000000000010000000012000000000200000001000000000030000000000013000000001000000001001011100 1
1 0 582053 599992 14 14 6 10 -1 -1 0220022002000020200000000000000000000000010000000012000000000200000001000000000030000000000213000000001000000001001011100 1
2 0 582053 599991 7 13 9 15 -1 -1 0220022002000020200000000000000000000001010000000012000000000200000001000000000030000000000213000000001000000001001010100 1
1 0 576029 599991 9 11 8 10 -1 -1 0220022002000020200000000000000000000001010000000010000000000200000001020000000030000000000213000000001000000001001010100 1
2 0 576029 599990 8 14 12 14 -1 -1 0220022002000020200000000000000000000001010000000010000000010200000000020000000030000000000213000000001000000001001010100 1
1 0 569480 599990 11 13 3 13 -1 -1 0220022002000020200000000000000000000001010000000010000000010000000000020000000030000000000213000000001002000001001010100 1
2 0 569480 599989 3 15 7 15 -1 -1 0220022012000020200000000000000000000001010000000010000000010000000000020000000030000000000203000000001002000001001010100 1
1 0 557846 599989 13 15 5 15 -1 -1 0220022010000020200000000000000000000001010000000010200000010000000000020000000030000000000203000000001002000001001010100 1
2 0 557846 599988 1 13 5 13 -1 -1 0220022010000020200000000000001000000001010000000010200000010000000000020000000030000000000203000000001002000001000010100 1
1 0 542040 599988 8 10 2 12 -1 -1 0200022010000020200000000000021000000001010000000010200000010000000000020000000030000000000203000000001002000001000010100 1
2 0 542040 599987 3 9 5 7 -1 -1 0200122010000020200000000000021000000001010000000010200000000000000000020000000030000000000203000000001002000001000010100 1
1 0 524405 599987 15 11 13 13 -1 -1 0200120010000020200000000020021000000001010000000010200000000000000000020000000030000000000203000000001002000001000010100 1
2 0 524405 599986 4 8 6 6 -1 -1 0200120010000020200000000020021000000001010000000010200000000000000000020000000030000000000203000000001002000001010010000 1
1 0 505434 599986 12 8 8 16 -1 -1 0200120010000000200000000020021000000201010000000010200000000000000000020000000030000000000203000000001002000001010010000 1
2 0 505434 599985 7 15 9 13 -1 -1 0200120010000000200000000020021000000201010000000010200000000010000000020000000030000000000203000000000002000001010010000 1
1 0 499198 599985 6 14 4 16 -1 -1 0200120010000000200000000020021000000201010000000010000000000010000000220000000030000000000203000000000002000001010010000 1
2 0 499198 599984 9 15 15 13 -1 -1 0200120010000000201000000020021000000201000000000010000000000010000000220000000030000000000203000000000002000001010010000 1
1 0 492484 599984 4 16 3 15 -1 -1 0200120010000000201000000020021000000201000000000010000000000010000000200000000030000000000203000000000002000001010010020 1
2 0 492484 599983 2 14 6 14 -1 -1 0200120011000000200000000020021000000201000000000010000000000010000000200000000030000000000203000000000002000001010010020 1
1 0 484064 599983 7 11 5 9 -1 -1 0200100011000000200000000020021000000201020000000010000000000010000000200000000030000000000203000000000002000001010010020 1
2 0 484064 599982 5 13 9 17 -1 -1 0200100011000000200000000021021000000201020000000000000000000010000000200000000030000000000203000000000002000001010010020 1
1 0 473205 599982 6 10 4 8 -1 -1 0200100011000000200000000021001000000201020000000000000000000010000000202000000030000000000203000000000002000001010010020 1
2 0 473205 599982 5 7 7 5 -1 -1 0200100011000010200000000021001000000200020000000000000000000010000000202000000030000000000203000000000002000001010010020 1
1 0 463848 599982 4 8 3 9 -1 -1 0200100011000010200000000001001000000200020000020000000000000010000000202000000030000000000203000000000002000001010010020 1
2 0 463848 599981 6 6 8 4 -1 -1 0200101011000000200000000001001000000200020000020000000000000010000000202000000030000000000203000000000002000001010010020 1
1 0 452516 599981 5 9 4 10 -1 -1 0200101011000000200000000001001000000000020000020000000020000010000000202000000030000000000203000000000002000001010010020 1
2 0 452516 599980 15 13 16 12 -1 -1 0200101011000001200000000000001000000000020000020000000020000010000000202000000030000000000203000000000002000001010010020 1
1 0 444404 599980 13 13 12 12 -1 -1 0200101011000001200000000000001000000000020000020000000020000010000000202000000030000000000203000000000002000001010010002 1
2 0 444404 599979 11 11 15 11 -1 -1 0200101011000001200000000000001000000000020000020000000020000010000000202000000030000000000203000000000012000001000010002 1
1 0 438562 599979 12 12 8 12 -1 -1 0200101011000001200000000000001000000000020000020000000020000010000000202000000030000000000003000000000012000001000010202 1
2 0 438562 599978 9 13 11 11 -1 -1 0200101011000001200000000000001000000000020000020000000020001010000000202000000030000000000003000000000002000001000010202 1
1 0 433509 599978 5 15 4 16 -1 -1 0200101011000001200000000000001000000000020000020000000020001010000000002000000030000000000203000000000002000001000010202 1
2 0 433509 599977 12 14 13 15 -1 -1 0200101011000001201000000000000000000000020000020000000020001010000000002000000030000000000203000000000002000001000010202 1
1 0 431185 599977 4 16 0 12 -1 -1 0200101011000001201000000000000000000000020000020000000020001010000000002000000030000000000203000000000000000001002010202 1
2 0 431185 599976 13 15 14 14 -1 -1 1200101011000001200000000000000000000000020000020000000020001010000000002000000030000000000203000000000000000001002010202 1
1 0 429196 599976 4 10 3 11 -1 -1 1200101011000001200000000000000000000000020000020000000020001010000000002000000030000000000203000000000000000001000012202 1
2 0 429196 599975 14 14 15 13 -1 -1 1200101111000000200000000000000000000000020000020000000020001010000000002000000030000000000203000000000000000001000012202 1
1 0 427193 599975 8 16 7 15 -1 -1 1200101111000000200000000000000000000000020000020000000020001010000000002000000030000000000203000000000000000001000010222 1
2 0 427193 599975 6 14 10 18 -1 -1 1200101111000000200000000000000000000000020000020000100020001000000000002000000030000000000203000000000000000001000010222 1
1 0 425730 599975 7 15 6 14 -1 -1 1200101111000000200000000000000000000000000000020000100020001000000000002000000030020000000203000000000000000001000010222 1
2 0 425730 599974 11 11 12 12 -1 -1 1200101111000000200000000000000000000000010000020000000020001000000000002000000030020000000203000000000000000001000010222 1
1 0 421827 599974 14 12 13 11 -1 -1 1200101111000000200000000000000000000000010000020000000020001000000000002000000030020000000003000000000020000001000010222 1
2 0 421827 599973 12 12 14 10 -1 -1 1200101111000000200000000000000000000000010000020000000020001000000000002000000030020000000003000000000020000001100000222 1
1 0 417817 599973 13 11 12 10 -1 -1 1200101111000000200000000000000000000000010000020000000020001000000000002000000030020000000003000000000000000001100200222 1
2 0 417817 599973 10 18 11 17 -1 -1 1200101111000000200000000000000000000000010000020000000020001000000000002000000030020000000003000000000100000001000200222 1
1 0 416132 599973 13 9 7 11 -1 -1 1200101111000000200000000000000000000000010000020000000020001000000000002000000030000000000003200000000100000001000200222 1
2 0 416132 599973 11 17 12 16 -1 -1 1200101111000000200000000000000000000000010000020010000020001000000000002000000030000000000003200000000100000000000200222 1
1 0 412833 599973 12 10 11 11 -1 -1 1200101111000000200000000000000000000000010000020010000020001000000000002000000030000000000003000000000100200000000200222 1
2 0 412833 599973 12 16 13 15 -1 -1 1200101111000000200000000000000000000000010000020010000020001000000000002000000030000000000103000000000000200000000200222 1
1 0 409564 599973 7 11 6 10 -1 -1 1200101111000000200000000000000000000000010000020010000020001000000000002000000030000000000103000000000000000000002200222 1
2 0 409564 599972 13 15 14 14 -1 -1 1200101111000000200000000000000000000001010000020000000020001000000000002000000030000000000103000000000000000000002200222 1
1 0 407539 599972 11 11 5 9 -1 -1 1200101111000000200000000000000000000001010000020000000020001000000000002000000030000000000103000000000000000000000202222 1
2 0 407539 599972 9 17 10 18 -1 -1 1200101111000000200000000001000000000001010000020000000020001000000000002000000030000000000003000000000000000000000202222 1
1 0 405419 599972 6 10 2 14 -1 -1 1200101111000000200000000001000000000001010000020000000020001000000000000000000030020000000003000000000000000000000202222 1
2 0 405419 599972 4 12 6 10 -1 -1 1200111111000000200000000001000000000000010000020000000020001000000000000000000030020000000003000000000000000000000202222 1
1 0 403924 599972 8 12 7 13 -1 -1 1200111111000000000000000001000000000002010000020000000020001000000000000000000030020000000003000000000000000000000202222 1
2 0 403924 599971 10 18 11 17 -1 -1 1200111111000000000000000001000000000002010000020001000020000000000000000000000030020000000003000000000000000000000202222 1
1 0 402731 599971 2 14 2 10 -1 -1 1200111111000000000000000001000000000002010000020001000020000000000000000000000030000000000003200000000000000000000202222 1
2 0 402731 599971 11 17 12 16 -1 -1 1201101111000000000000000001000000000002010000020001000020000000000000000000000030000000000003200000000000000000000202222 1
1 0 401352 599971 5 9 4 10 -1 -1 1201101111000000000000000001000000000002010000020001000020000000000000000000000030000000000003000000000000200000000202222 1
2 0 401352 599970 12 16 13 15 -1 -1 1201101111000001000000000000000000000002010000020001000020000000000000000000000030000000000003000000000000200000000202222 1
1 0 400369 599970 7 13 5 15 -1 -1 1201101111000001000000000000000000000002010000020001000020000000000000000000000030000000000003000000000000000000002202222 1
2 0 400369 599969 8 4 9 5 -1 -1 1201101111000001000000000000001000000002010000020000000020000000000000000000000030000000000003000000000000000000002202222 1
1 0 399377 599969 3 11 1 13 -1 -1 1201101111000001000000000000001000000002010000020000000000000000002000000000000030000000000003000000000000000000002202222 1
2 0 399377 599968 9 5 10 6 -1 -1 1211101011000001000000000000001000000002010000020000000000000000002000000000000030000000000003000000000000000000002202222 1
1 0 397904 599968 5 15 5 13 -1 -1 1211101011000001000000000000001000000002010000020000000000000000000000000000020030000000000003000000000000000000002202222 1
2 0 397904 599967 10 6 11 7 -1 -1 1211101011000001000000000000010000000002010000020000000000000000000000000000020030000000000003000000000000000000002202222 1
1 0 396170 599967 4 10 3 11 -1 -1 1211101011000001000000000000010000000002010000020000000000000000000000000000000030000000020003000000000000000000002202222 1
2 0 396170 599966 11 7 12 8 -1 -1 1211101111000000000000000000010000000002010000020000000000000000000000000000000030000000020003000000000000000000002202222 1
1 0 395600 599966 6 14 2 14 -1 -1 1211101111000000000000000000010000000002010000020000000000000000000000000000000030000000000003000000002000000000002202222 1
