1322294685000
kingfish
googolhex
1 0 599801 600000 14 10 12 12 -1 -1 2222222222000000000000000000000000000000000000000000000000000000000000000000000000000000000000000000000000000001111111111 1
2 0 599801 599673 3 13 4 14 -1 -1 2222222222000000000000000000000000000000000000000000000000000000000000000000000000000000000000000000000010000001111011111 1
1 0 599799 599673 16 12 12 8 -1 -1 2222222202000000020000000000000000000000000000000000000000000000000000000000000000000000000000000000000010000001111011111 1
2 0 599799 599019 3 9 5 15 -1 -1 2222222202000000020000000000000000000000000000000000000000000000000000000000000000000000000000000000001010000001111011110 1
1 0 599797 599019 13 13 11 11 -1 -1 2222220202000000020000000000002000000000000000000000000000000000000000000000000000000000000000000000001010000001111011110 1
2 0 599797 598021 5 15 6 16 -1 -1 2222220202000000020000000000002000000000000000000000000000000000000000000000000000000000000100000000001010000001101011110 1
1 0 599796 598021 14 12 10 12 -1 -1 2222220202000000020000000000000000000000002000000000000000000000000000000000000000000000000100000000001010000001101011110 1
2 0 599796 597253 2 10 4 12 -1 -1 2222220202000000020000000000000000000000002000000000000000000000000000000000000010000000000100000000001010000001101001110 1
1 0 599795 597253 13 11 9 11 -1 -1 2220220202000000220000000000000000000000002000000000000000000000000000000000000010000000000100000000001010000001101001110 1
2 0 599795 595789 1 11 5 15 -1 -1 2220220202000000220000000000000000000000002000000000000000000000000001000000000010000000000100000000001010000001001001110 1
1 0 599604 595789 12 12 8 12 -1 -1 2020220202000000220000000000002000000000002000000000000000000000000001000000000010000000000100000000001010000001001001110 1
2 0 599604 593346 3 11 7 15 -1 -1 2020220202000000220000000000002000000000002000000000000000001000000001000000000010000000000100000000001000000001001001110 1
1 0 599603 593346 11 11 7 11 -1 -1 2020220002000000220000000000002000000000002000000000200000001000000001000000000010000000000100000000001000000001001001110 1
2 0 599603 589157 4 12 8 16 -1 -1 2020220002000000220000000000002000000000002000000010200000001000000001000000000010000000000000000000001000000001001001110 1
1 0 599602 589157 10 12 6 12 -1 -1 2020220002000000020000000000002000000000002000000010200000001020000001000000000010000000000000000000001000000001001001110 1
2 0 599602 585538 8 16 9 15 -1 -1 2020220002000000020000000000002000000000102000000010200000001020000001000000000000000000000000000000001000000001001001110 1
1 0 595251 585538 8 12 4 16 -1 -1 2020220002000000020000000000002000000000102000000010200000001000000001020000000000000000000000000000001000000001001001110 1
2 0 595251 583701 9 15 10 16 -1 -1 2020220002000000021000000000002000000000102000000010200000000000000001020000000000000000000000000000001000000001001001110 1
1 0 590317 583701 12 8 11 9 -1 -1 2020220002000000021000000000002000000000102000000010200000000000000001000000000000200000000000000000001000000001001001110 1
2 0 590317 582199 7 15 8 16 -1 -1 2020220002000000021000000000002000000000102000000010200000000000000001000000000000200000001000000000000000000001001001110 1
1 0 586750 582199 14 14 6 10 -1 -1 2020220002000000021000000000002000000000102000000010000000000020000001000000000000200000001000000000000000000001001001110 1
2 0 586750 580920 5 15 9 15 -1 -1 2020220002000000021000000000002000000001102000000010000000000020000001000000000000200000001000000000000000000001001000110 1
1 0 583926 580920 15 11 14 10 -1 -1 2020220002000000021000000000000000000001102000000010000000000020000001020000000000200000001000000000000000000001001000110 1
2 0 583926 578890 4 14 5 15 -1 -1 2020220002000000021000000000000000000001102000000010000000000020000001020000000000200000001000000000000000000001001100010 1
1 0 581189 578890 7 11 5 17 -1 -1 2020220002000000001000000000002000000001102000000010000000000020000001020000000000200000001000000000000000000001001100010 1
2 0 581189 577817 5 15 6 14 -1 -1 2020220002000000001000000000002100000001102000000000000000000020000001020000000000200000001000000000000000000001001100010 1
1 0 578026 577817 14 10 8 12 -1 -1 2020220002000000001000000000000100000001122000000000000000000020000001020000000000200000001000000000000000000001001100010 1
2 0 578026 575929 3 15 4 14 -1 -1 2020220002000000001000000000000100000001122000000000000000001020000001020000000000200000001000000000000000000001001000010 1
1 0 574104 575929 5 17 3 15 -1 -1 2020220000000000021000000000000100000001122000000000000000001020000001020000000000200000001000000000000000000001001000010 1
2 0 574104 566842 6 14 7 15 -1 -1 2020220001000000021000000000000000000001122000000000000000001020000001020000000000200000001000000000000000000001001000010 1
1 0 568172 566842 9 11 1 11 -1 -1 2020220001000000021000000000000000000001102000000000200000001020000001020000000000200000001000000000000000000001001000010 1
2 0 568172 559352 7 15 11 15 -1 -1 2120220001000000021000000000000000000001102000000000200000001020000000020000000000200000001000000000000000000001001000010 1
1 0 565003 559352 6 10 5 11 -1 -1 2120220001000000021000000000000000000001102000000000000000001020000000020000000000200000001002000000000000000001001000010 1
2 0 565003 551004 8 16 16 12 -1 -1 2120220001000000021000000000100000000000102000000000000000001020000000020000000000200000001002000000000000000001001000010 1
1 0 561715 551004 6 12 4 10 -1 -1 2120220001000000021000000000100000000000102000000000000000001000000000020000000000200000001002000000000000000001001000012 1
2 0 561715 544434 2 12 3 13 -1 -1 2120220001000001021000000000100000000000002000000000000000001000000000020000000000200000001002000000000000000001001000012 1
1 0 559064 544434 15 13 14 14 -1 -1 2120020021000001021000000000100000000000002000000000000000001000000000020000000000200000001002000000000000000001001000012 1
2 0 559064 538322 11 15 12 16 -1 -1 2120020021000001021000000000100000000000002000000000000000001000000000020000000000200000001002000000000000000001001001002 1
1 0 556606 538322 4 16 4 12 -1 -1 2120020021000001021000000000100000000000002000000000000000001000000000020000000000200000001000000000000000200001001001002 1
2 0 556606 534748 2 14 4 16 -1 -1 2120020021000001120000000000100000000000002000000000000000001000000000020000000000200000001000000000000000200001001001002 1
1 0 554054 534748 13 15 11 17 -1 -1 2120000021000001122000000000100000000000002000000000000000001000000000020000000000200000001000000000000000200001001001002 1
2 0 554054 529414 3 13 5 15 -1 -1 2120000021000001122000000000100000000000002000000000000000001000000000020000000000200000001000100000000000200001000001002 1
1 0 550625 529414 5 11 3 13 -1 -1 2120000001000001122000000000102000000000002000000000000000001000000000020000000000200000001000100000000000200001000001002 1
2 0 550625 528315 12 16 13 15 -1 -1 2120000011000001122000000000002000000000002000000000000000001000000000020000000000200000001000100000000000200001000001002 1
1 0 545969 528315 11 17 11 15 -1 -1 2120000011000001122000000000002000000000002000000000000000001000000000020000000000200000001000100000000000000001002001002 1
2 0 545969 527277 6 16 7 15 -1 -1 2120000011000001122000000000002000000000002000000000000000001000000000020000000000200000001001000000000000000001002001002 1
1 0 541379 527277 14 14 6 14 -1 -1 2120000011000001122000000000002000000000000000000000200000001000000000020000000000200000001001000000000000000001002001002 1
2 0 541379 524476 7 15 8 16 -1 -1 2120000011000001122000000000002000000000010000000000200000001000000000020000000000200000001001000000000000000001002000002 1
1 0 535350 524476 11 15 3 11 -1 -1 2120000011000001122000000000002000000000010000000000000000001020000000020000000000200000001001000000000000000001002000002 1
2 0 535350 523268 4 14 5 13 -1 -1 2120000111000001122000000000002000000000010000000000000000001020000000020000000000200000001000000000000000000001002000002 1
1 0 533131 523268 4 10 2 12 -1 -1 2120000111000001102000000000022000000000010000000000000000001020000000020000000000200000001000000000000000000001002000002 1
2 0 533131 521375 5 13 11 15 -1 -1 2120100111000000102000000000022000000000010000000000000000001020000000020000000000200000001000000000000000000001002000002 1
1 0 531203 521375 4 12 2 14 -1 -1 2120100111000000102000000000002000000000010000000000000000001020000000020000000000200000001002000000000000000001002000002 1
2 0 531203 519609 11 15 12 16 -1 -1 2120110111000000002000000000002000000000010000000000000000001020000000020000000000200000001002000000000000000001002000002 1
1 0 529126 519609 13 9 12 8 -1 -1 2120110111000000002000000000002000000000010000000000000000001020000000020000000000200000001000000000000000200001002000002 1
2 0 529126 519608 5 15 9 11 -1 -1 2120110111000000002000000000002000000000010000000000000000001020000000020000000000200000001000000000001000200000002000002 1
1 0 527863 519608 12 8 10 10 -1 -1 2120110111000000002000000000000000000000010000000000000000001020000002020000000000200000001000000000001000200000002000002 1
2 0 527863 519607 0 12 4 12 -1 -1 2120110111000000002000000000000000000000010000000000000000001020000002020000000100200000001000000000000000200000002000002 1
1 0 524953 519607 8 12 7 11 -1 -1 0120110111000000202000000000000000000000010000000000000000001020000002020000000100200000001000000000000000200000002000002 1
2 0 524953 519607 12 16 14 14 8 8 0120110111000000202000000000000000000000010000000010000000000020000002020000000100200000001000000000000000200000002000002 1
1 0 522379 519607 10 10 6 10 -1 -1 0120110111000000202000000000000000000000010000000010000000300020000002020000000100200000001000000000000000000000002002002 1
2 0 522379 519607 13 15 15 13 10 8 0120110111000000202000000000000000000001010000000010000000300020000002020000000000200000001000000000000000000000002002002 1
1 0 519551 519607 3 13 3 9 -1 -1 0120110111000000202000000000000000000001010000000010000000300020000002020000003000200000001000000000000000000000000002022 1
2 0 519551 519606 9 15 11 17 -1 -1 0120111101000000202000000000000000000001010000000010000000300020000002020000003000200000001000000000000000000000000002022 1
1 0 513916 519606 11 9 3 13 -1 -1 0120111101000000202000000000000000000001010000000010000000300020000002000000003000200000001000200000000000000000000002022 1
2 0 513916 519606 11 17 12 16 -1 -1 0120111111000000202000000000000000000001010000000010000000300020000002000000003000200000000000200000000000000000000002022 1
1 0 511477 519606 7 11 5 9 -1 -1 0120111111000000202000000000000000000001010000000010000000300020000002000000003000200000000000000000000000200000000002022 1
2 0 511477 519605 12 16 13 15 -1 -1 0120111111000000202000000001000000000001010000000000000000300020000002000000003000200000000000000000000000200000000002022 1
1 0 509748 519605 6 10 0 12 -1 -1 0120111111000000202000000001000000000001010000000000000000300020000002000000003000200000000000000000000000000000002002022 1
2 0 509748 519604 4 12 6 10 -1 -1 1120111111000000202000000001000000000000010000000000000000300020000002000000003000200000000000000000000000000000002002022 1
1 0 507714 519604 5 9 4 10 -1 -1 1120111111000000002000000001000000000002010000000000000000300020000002000000003000200000000000000000000000000000002002022 1
2 0 507714 519598 10 16 11 17 -1 -1 1120111111000001002000000000000000000002010000000000000000300020000002000000003000200000000000000000000000000000002002022 1
1 0 506555 519598 6 14 5 13 -1 -1 1120111111000001002000000000000000000002010000000000000000300020000002000000003000000000000000200000000000000000002002022 1
2 0 506555 519598 11 17 12 16 -1 -1 1120111111000001002000000000010000000002000000000000000000300020000002000000003000000000000000200000000000000000002002022 1
1 0 505492 519598 5 13 4 12 -1 -1 1120111111000001002000000000010000000002000000000000000000300020000002000000003000000000000000000000000000200000002002022 1
2 0 505492 519597 9 11 10 10 -1 -1 1120111111000001102000000000000000000002000000000000000000300020000002000000003000000000000000000000000000200000002002022 1
1 0 504732 519597 4 12 2 10 -1 -1 1120111111000001102000000000000000000002000000000000000000300020000000000000003200000000000000000000000000200000002002022 1
