1322288088000
artificialwintelligence
kingfish
1 0 599678 600000 14 12 12 10 -1 -1 2222222222000000000000000000000000000000000000000000000000000000000000000000000000000000000000000000000000000001111111111 2
2 0 599678 599916 2 14 4 12 -1 -1 2222222222000000000000000000000000000000000000000000000000000000000000000000000000000000000000000000000100000001111101111 2
1 0 599435 599916 13 11 11 9 -1 -1 2222202222000000200000000000000000000000000000000000000000000000000000000000000000000000000000000000000100000001111101111 2
2 0 599435 599915 0 12 4 16 -1 -1 2222202222000000200000000000000000000000000000000000000000000000000000000000000000000000001000000000000100000001011101111 2
1 0 599081 599915 12 10 10 8 -1 -1 0222202222000000202000000000000000000000000000000000000000000000000000000000000000000000001000000000000100000001011101111 2
2 0 599081 599914 2 12 4 10 -1 -1 0222202222000000202000000000000000000000000000000000000000000000000000000000001000000000001000000000000000000001011101111 2
1 0 598629 599914 14 10 10 6 -1 -1 0222002222000002202000000000000000000000000000000000000000000000000000000000001000000000001000000000000000000001011101111 2
2 0 598629 599913 3 9 5 11 -1 -1 0222002222000002202000000000000000000000000000000000000000000000000000000000011000000000001000000000000000000001011001111 2
1 0 598271 599913 10 6 9 5 -1 -1 0222000222000002202000000000200000000000000000000000000000000000000000000000011000000000001000000000000000000001011001111 2
2 0 598271 599912 1 11 3 9 -1 -1 0222000222000002202000000000200000000000000000000000000000000000001000000000001000000000001000000000000000000001011001111 2
1 0 597767 599912 16 12 8 4 -1 -1 0022002222000002202000000000200000000000000000000000000000000000001000000000001000000000001000000000000000000001011001111 2
2 0 597767 599762 3 11 5 13 -1 -1 0022002222000002202000000000200000000000000000000000000010000000001000000000001000000000001000000000000000000001011001110 2
1 0 596916 599762 14 14 10 6 -1 -1 0022002022000002202000000000220000000000000000000000000010000000001000000000001000000000001000000000000000000001011001110 2
2 0 596916 599761 3 15 5 9 -1 -1 0022002022000002202000000000220000000000000000000000000010000000001000000000011000000000001000000000000000000001011000110 2
1 0 595926 599761 11 9 7 5 -1 -1 0022002020000002202000000002220000000000000000000000000010000000001000000000011000000000001000000000000000000001011000110 2
2 0 595926 599760 2 10 6 10 -1 -1 0022002020000002202000000002220000000000000000010000000010000000001000000000011000000000000000000000000000000001011000110 2
1 0 595100 599760 15 13 14 14 -1 -1 0020002020000002202000000002220000000002000000010000000010000000001000000000011000000000000000000000000000000001011000110 2
2 0 595100 599759 4 10 6 12 -1 -1 0020002020000002202000000002220000000002000000010000000010000000001000000000011000000000000000000000000000000001011001100 2
1 0 594271 599759 15 11 14 12 -1 -1 0020002020000000202000000002220000000002200000010000000010000000001000000000011000000000000000000000000000000001011001100 2
2 0 594271 599758 5 9 7 11 -1 -1 0020002020000000202000000002220000000002200000010000000010000000001000000000011000000000000000000000000000000001011011000 2
1 0 593545 599758 14 14 12 16 -1 -1 0020002020000000202000000000220000000002200000010020000010000000001000000000011000000000000000000000000000000001011011000 2
2 0 593545 599580 4 12 6 14 -1 -1 0020002020000000202000000000220000000002200000010020000010000000001000000000011000000000000000000000000000100001011010000 2
1 0 592549 599580 10 8 8 6 -1 -1 0020002020000000002000000000220000000002220000010020000010000000001000000000011000000000000000000000000000100001011010000 2
2 0 592549 599576 5 11 7 13 -1 -1 0020002020000000002000000000220000000002220000010020000011000000001000000000010000000000000000000000000000100001011010000 2
1 0 591787 599576 8 4 6 6 -1 -1 0020002020000000002000000000020000000002220000010022000011000000001000000000010000000000000000000000000000100001011010000 2
2 0 591787 599575 6 14 8 12 -1 -1 0020002020000000002000000000020000000102220000010022000001000000001000000000010000000000000000000000000000100001011010000 2
1 0 591212 599575 14 12 12 14 -1 -1 0020002020000000002000000000020000000102200000010022000001002000001000000000010000000000000000000000000000100001011010000 2
2 0 591212 599574 6 12 8 10 -1 -1 0020002020000000002000000000020000000102200000010022000001002000001000000000010000000000000000000000000001100001011000000 2
1 0 589105 599574 8 6 2 12 -1 -1 0020002020000000002000000000020000000102000000010022000001022000001000000000010000000000000000000000000001100001011000000 2
2 0 589105 595096 1 13 2 14 -1 -1 0020102020000000002000000000020000000102000000010022000000022000001000000000010000000000000000000000000001100001011000000 2
1 0 588484 595096 13 13 11 15 -1 -1 0000122020000000002000000000020000000102000000010022000000022000001000000000010000000000000000000000000001100001011000000 2
2 0 588484 590622 8 12 9 11 -1 -1 0000122020000000002000000000020000000102000000010022000000022000001000000000010000000000000001000000000001100001001000000 2
1 0 587757 590622 13 9 12 8 -1 -1 0000122020000000002000000000020000000102000000010022000000020000001002000000010000000000000001000000000001100001001000000 2
2 0 587757 588069 2 14 10 10 -1 -1 0000122020000000002000000000020000000102000000010022000000020000001002000000010000000000000001000000001001100000001000000 2
1 0 586448 588069 10 6 8 4 -1 -1 0000102020000000002000000000020000000102000000010022000000020000001002000000010200000000000001000000001001100000001000000 2
2 0 586448 582994 7 11 11 11 -1 -1 0000102020000000002000000000020000000102000000010022000010020000001002000000000200000000000001000000001001100000001000000 2
1 0 584862 582994 7 5 5 7 -1 -1 0000102020000000002000000000020000000102000000010002000010020000001002000000000200000000000201000000001001100000001000000 2
2 0 584862 579045 8 10 12 10 -1 -1 0000102020000000002000000010020000000102000000000002000010020000001002000000000200000000000201000000001001100000001000000 2
1 0 583260 579045 6 6 2 14 -1 -1 0000102020000000002000000010020000000102000000000002000010000000001002000000000200000000000201000000001201100000001000000 2
2 0 583260 575316 9 11 13 11 -1 -1 0000112020000000002000000010020000000002000000000002000010000000001002000000000200000000000201000000001201100000001000000 2
1 0 581536 575316 13 15 11 17 -1 -1 0000112020000000002000000010020000000002000000000002000010000000001000000000000200000000000201000000001201100000201000000 2
2 0 581536 572134 3 13 4 14 -1 -1 0000112020000000002000000010020000000002000000000002000010000000001000000000000200000000000201100000001201100000200000000 2
1 0 579866 572134 12 16 10 18 -1 -1 0000112000000000022000000010020000000002000000000002000010000000001000000000000200000000000201100000001201100000200000000 2
2 0 579866 566210 4 16 8 12 -1 -1 0000112000000000022000000010020000000002000000000002000010000000001000000000000200010000000201100000001201000000200000000 2
1 0 577846 566210 12 8 11 7 -1 -1 0000112000000000020000000010020000000002000000000002000010002000001000000000000200010000000201100000001201000000200000000 2
2 0 577846 557468 7 13 13 15 -1 -1 0000112000000000020000000010020000000002000000000002000010002000001000000000000200010000010201100000000201000000200000000 2
1 0 576411 557468 11 17 9 19 -1 -1 0000112000000000020000000010020000000002000000000000000010002000001000000000000200010000010201100000000201000000202000000 2
2 0 576411 553529 4 14 6 12 -1 -1 0000112000000000020000000010020000000002000000000000000010002000001000000100000200010000010201000000000201000000202000000 2
1 0 574633 553529 12 14 8 18 -1 -1 0000112000000000000000000010020000000002200000000000000010002000001000000100000200010000010201000000000201000000202000000 2
2 0 574633 549305 10 10 14 10 -1 -1 0000112000000000000000000010020000000002200000000000000010002001001000000100000200010000010201000000000200000000202000000 2
1 0 574006 549305 11 7 10 6 -1 -1 0000112000000000000000000010020000000002200000000000000010002001001000000100000000010000010201000000000200000000202200000 2
2 0 574006 545938 5 13 9 13 -1 -1 0000112000000000000000000010020000000002200000000000000010002001001000000100010000010000000201000000000200000000202200000 2
1 0 572547 545938 10 18 10 16 -1 -1 0000112000000000000000000010000000000002200000000000000010002001001000200100010000010000000201000000000200000000202200000 2
2 0 572547 542008 8 12 14 14 -1 -1 0000112000000000000000000010000000000002200000000000000010002001001000200100010000100000000201000000000200000000202200000 2
1 0 571544 542008 11 15 7 19 -1 -1 0000112000000000000000000010000000000002200000000000000010000001001000200100010000100000000201000000000200000000202202000 2
2 0 571544 538671 11 11 13 13 -1 -1 0000112000000000000000000010000000000002200000000000001010000001001000200100010000100000000200000000000200000000202202000 2
1 0 570642 538671 10 16 9 17 -1 -1 0000112000000000000000000010000000000002200000000000001010000001001000200100010000100000000000000000000200000000222202000 2
2 0 570642 535566 6 12 7 11 -1 -1 0000112000000000000000000010000000000002200000000000001010000001001000201100010000000000000000000000000200000000222202000 2
1 0 569872 535566 8 4 7 5 -1 -1 0000112000000000000000000010000000000002000000000020001010000001001000201100010000000000000000000000000200000000222202000 2
2 0 569872 533823 3 9 4 8 -1 -1 0000112000000000000000000010000000000002000000010020001000000001001000201100010000000000000000000000000200000000222202000 2
1 0 568936 533823 10 6 6 6 -1 -1 0000110000000020000000000010000000000002000000010020001000000001001000201100010000000000000000000000000200000000222202000 2
2 0 568936 530917 6 10 8 12 -1 -1 0000110000000020000000000010000000000102000000010020001000000001001000201100000000000000000000000000000200000000222202000 2
1 0 567894 530917 7 19 6 18 -1 -1 0000110000000020000000000010000000000100000000010020001000002001001000201100000000000000000000000000000200000000222202000 2
2 0 567894 528669 9 13 10 12 -1 -1 0000110000000020000000000010000000000100000100010020000000002001001000201100000000000000000000000000000200000000222202000 2
1 0 567550 528669 5 7 3 9 -1 -1 0000110000000020000000000010000000000100000100010020000000002001001000001100000020000000000000000000000200000000222202000 2
2 0 567550 526752 7 11 15 11 -1 -1 0000111000000020000000000000000000000100000100010020000000002001001000001100000020000000000000000000000200000000222202000 2
1 0 566931 526752 9 17 5 17 -1 -1 0000111000000020000000000000000000000100000100010000000000002001001000001100000020000000000000000000000200000000222202200 2
2 0 566931 524960 8 12 9 13 -1 -1 0000111000000020000000000000000100000100000100010000000000002001001000000100000020000000000000000000000200000000222202200 2
1 0 566590 524960 9 5 8 4 -1 -1 0000111000000020000000000000000100000100000100010000000000000001001000200100000020000000000000000000000200000000222202200 2
2 0 566590 523653 9 13 13 9 -1 -1 0000111000000020000000000000000100000100000100010000000010000001000000200100000020000000000000000000000200000000222202200 2
1 0 566225 523653 9 19 5 15 -1 -1 0000111000000020000000000000000100000100000100010000000010000001000000000100000020000000000000000000000200000002222202200 2
2 0 566225 522808 12 10 14 12 -1 -1 0000111000000020000000000000001100000100000100010000000010000001000000000000000020000000000000000000000200000002222202200 2
1 0 565795 522808 6 18 4 16 -1 -1 0000111000000020000000000000001100000100000100010000000010000001000000000000000020000000000000000000000000000002222222200 2
2 0 565795 522196 4 8 5 9 -1 -1 0000111000000020001000000000001100000100000000010000000010000001000000000000000020000000000000000000000000000002222222200 2
1 0 565281 522196 5 17 1 13 -1 -1 0000111000000000001000000002001100000100000000010000000010000001000000000000000020000000000000000000000000000002222222200 2
2 0 565281 521544 5 9 6 10 -1 -1 0010111000000000001000000002001000000100000000010000000010000001000000000000000020000000000000000000000000000002222222200 2
1 0 564794 521544 6 6 5 7 -1 -1 0010111000000000001000000000001000000102000000010000000010000001000000000000000020000000000000000000000000000002222222200 2
2 0 564794 521159 6 10 7 11 -1 -1 0010111000000000001000000010001000000002000000010000000010000001000000000000000020000000000000000000000000000002222222200 2
1 0 564106 521159 2 12 1 11 -1 -1 0010111000000000001000000010001000000000000000010020000010000001000000000000000020000000000000000000000000000002222222200 2
2 0 564106 520630 7 11 8 12 -1 -1 0110011000000000001000000010001000000000000000010020000010000001000000000000000020000000000000000000000000000002222222200 2
1 0 563764 520630 8 18 7 17 -1 -1 0110011000000000001000000010001000000000000000010000000010002001000000000000000020000000000000000000000000000002222222200 2
2 0 563764 520248 8 12 9 13 -1 -1 0110011000000000001000000010001000000000000000010000010010002000000000000000000020000000000000000000000000000002222222200 2
1 0 563519 520248 7 17 6 18 -1 -1 0110011000000000001000000010001000000000000000010000010010000000000000200000000020000000000000000000000000000002222222200 2
2 0 563519 519658 9 13 11 11 -1 -1 0110011000000000001000000010001000000000000100010000000010000000000000200000000020000000000000000000000000000002222222200 2
1 0 563053 519658 8 4 0 12 -1 -1 0110011000000000001000000010001000000000000100010000000010000000000000000000000020000000000200000000000000000002222222200 2
2 0 563053 519030 10 12 12 10 -1 -1 1110011000000000001000000010001000000000000100010000000000000000000000000000000020000000000200000000000000000002222222200 2
1 0 562745 519030 7 5 6 6 -1 -1 1110011000000000001000000010001000000000000100010000000000000000000000000000000000000000000200000000000200000002222222200 2
2 0 562745 518733 11 11 12 12 -1 -1 1110011000000000001000000010001000000100000100000000000000000000000000000000000000000000000200000000000200000002222222200 2
1 0 562468 518733 6 6 2 10 -1 -1 1110011000000000001000000010001000000100000100000000000000000000000000000000000000000000000000000000000220000002222222200 2
2 0 562468 518345 13 15 15 13 -1 -1 1111011000000000001000000010001000000000000100000000000000000000000000000000000000000000000000000000000220000002222222200 2
1 0 562252 518345 6 18 5 17 -1 -1 1111011000000000001000000010001000000000000100000000000000000000000000000000000000000000000000000000000220000002220222220 2
2 0 562252 518137 14 10 16 12 -1 -1 1111011000000000001000000010001100000000000000000000000000000000000000000000000000000000000000000000000220000002220222220 2
1 0 562006 518137 5 15 4 14 -1 -1 1111011000000000001000000010001100000000000000000000000000000000000000000000000000000000000000000000000220000002220022222 2
2 0 562006 517854 12 10 12 14 -1 -1 1111011000000000011000000010000100000000000000000000000000000000000000000000000000000000000000000000000220000002220022222 2
1 0 561795 517854 5 17 3 15 -1 -1 1111011000000000011000000010000100000000000000000000000000000000000000000000000000000000000000000000000022000002220022222 2
2 0 561795 517616 12 14 13 15 -1 -1 1111011001000000011000000010000000000000000000000000000000000000000000000000000000000000000000000000000022000002220022222 2
1 0 561593 517616 5 7 4 8 -1 -1 1111011001000000011000000010000000000000000000000000000000000000000000000000000000000000000000000000000020000002222022222 2
2 0 561593 517475 12 12 14 10 -1 -1 1111011001000010011000000000000000000000000000000000000000000000000000000000000000000000000000000000000020000002222022222 2
