1322294178000
ccplus
kingfish
1 0 599875 600000 14 10 12 8 7 15 2222222222000000000000000000000000000000000000000000000000000000000000000000000000000000000000000000000000000001111111111 2
2 0 599875 599915 2 14 4 12 -1 -1 2222222222000000000000000000000000000000000000000000300000000000000000000000000000000000000000000000001000000001111011111 2
1 0 599832 599915 12 8 11 9 6 12 2222202222000000200000000000000000000000000000000000300000000000000000000000000000000000000000000000001000000001111011111 2
2 0 599832 599914 0 12 4 16 -1 -1 2222202222000000200000000000000000000000300000000000300000000000000000000000000000000000001000000000000000000001111011111 2
1 0 599801 599914 14 12 10 8 -1 -1 0222202222000000202000000000000000000000300000000000300000000000000000000000000000000000001000000000000000000001111011111 2
2 0 599801 599913 2 12 4 10 -1 -1 0222202222000000202000000000000000000000300000000000300000000000000000000000001000000000001000000000000000000001111001111 2
1 0 599773 599913 10 8 9 9 -1 -1 0222002222000002202000000000000000000000300000000000300000000000000000000000001000000000001000000000000000000001111001111 2
2 0 599773 599912 3 9 5 11 -1 -1 0222002222000002202000000000000000000000300000000000300000000000000010000000000000000000001000000000000000000001111001111 2
1 0 599740 599912 14 14 8 8 -1 -1 0222000222000002202000000000200000000000300000000000300000000000000010000000000000000000001000000000000000000001111001111 2
2 0 599740 599911 3 11 5 13 -1 -1 0222000222000002202000000000200000000000300000000000300000100000000010000000000000000000001000000000000000000001111000111 2
1 0 599711 599911 8 8 7 9 -1 -1 0222000022000002202000000000220000000000300000000000300000100000000010000000000000000000001000000000000000000001111000111 2
2 0 599711 594992 4 12 14 10 -1 -1 0222000022000002202000000000220000000000300000000100300000000000000010000000000000000000001000000000000000000001111000111 2
1 0 599690 594992 13 9 12 10 -1 -1 0222000022000002002000000000220000000000300000000100300000000000000010000000000000000000001000000000000000000001111200111 2
2 0 599690 589491 2 10 14 14 -1 -1 0222000022000002002000000000220000000000300000000100300000000000000010000000000000000000001000000000000100000000111200111 2
1 0 599652 589491 15 11 11 11 -1 -1 0220000022000002002000000000220000000000300000000100300000000000000010000000000000000000001000000000000100000000111202111 2
2 0 599652 585020 4 16 12 12 -1 -1 0220000022000002002000000000220000000000300000000100300000000000000010000000000000000000001100000000000100000000111202011 2
1 0 599629 585020 12 10 6 8 -1 -1 0220000022000002000000000000220000000000300000000100300000000000000010000000000000000000001100000000000120000000111202011 2
2 0 599629 581976 1 11 0 12 -1 -1 0220000022000002000000000000220000000010300000000100300000000000000010000000000000000000001100000000000020000000111202011 2
1 0 599602 581976 13 11 11 13 -1 -1 2020000022000002000000000000220000000010300000000100300000000000000010000000000000000000001100000000000020000000111202011 2
2 0 599602 578917 0 12 12 8 -1 -1 2020000022000002000000000000220000000010300000000100300000000000000010000000000000000000001110000000000020000000011202011 2
1 0 599573 578917 16 12 15 11 -1 -1 0020000022000002000000000000220000000010300000000100300000000000000010000000000000000000001110000000002020000000011202011 2
2 0 599573 575734 1 13 2 14 -1 -1 0020000022000002000000000000220000000010300000000100300000000000000010000000000000000000001110000000002020000000011202110 2
1 0 599525 575734 15 11 13 9 -1 -1 0000020022000002000000000000220000000010300000000100300000000000000010000000000000000000001110000000002020000000011202110 2
2 0 599525 571617 2 14 10 10 -1 -1 0000020022000002000000000000220000000010300000000100300000000000000010000000000000000000001110000000002020000001011202010 2
1 0 599482 571617 15 13 14 12 -1 -1 0000000022000002000000000000220000000010300000000100300000000000000010000000000200000000001110000000002020000001011202010 2
2 0 599482 568159 3 15 7 11 -1 -1 0000000022000002000000000000220000000010300000000100300000000000000010000000000200000000001110000000002020000001011212000 2
1 0 599444 568159 6 8 5 9 -1 -1 0000000020000002000000000000220000000010300000000120300000000000000010000000000200000000001110000000002020000001011212000 2
2 0 599444 564800 4 10 12 14 -1 -1 0000000020000002000000000001220000000000300000000120300000000000000010000000000200000000001110000000002020000001011212000 2
1 0 599420 564800 13 9 13 11 -1 -1 0000000020000000000000000001220000000000300000000120300000000000000010000000000200000000001110000000002022000001011212000 2
2 0 599420 561691 7 11 8 10 -1 -1 0000000020000000000000000001220000000000300000000120300000000000000010000000000200000000001110000000002022000000111212000 2
1 0 599392 561691 9 9 7 11 -1 -1 0000000020000000000000000001220000000000300000000100300000020000000010000000000200000000001110000000002022000000111212000 2
2 0 599392 559735 3 13 4 12 -1 -1 0000000020000000000000000001220000000000300000000110300000020000000000000000000200000000001110000000002022000000111212000 2
1 0 599365 559735 14 12 10 8 -1 -1 0000000000000000200000000001220000000000300000000110300000020000000000000000000200000000001110000000002022000000111212000 2
2 0 599365 556578 4 12 8 12 -1 -1 0000000000000000200000000001220000000000300000000110300000020000000000000000001200000000001110000000002022000000111202000 2
1 0 599329 556578 11 9 7 13 -1 -1 0000000000000000000000000001220000000000300000000110300000022000000000000000001200000000001110000000002022000000111202000 2
2 0 599329 551451 12 8 13 9 -1 -1 0000000000000000000000000001220000000000300000000111300000022000000000000000001200000000000110000000002022000000111202000 2
1 0 599300 551451 7 13 6 14 -1 -1 0000000000000000000000000001220000000000300000000111300000022000000000000000001200000000000110000000000022000002111202000 2
2 0 599300 549168 5 11 11 9 -1 -1 0000000000000000000000000001220000000000310000000110300000022000000000000000001200000000000110000000000022000002111202000 2
1 0 599269 549168 11 13 10 12 -1 -1 0000000000000000000000000001020000000000310000000110300000022000000000000000001200000000002110000000000022000002111202000 2
2 0 599269 545338 11 9 11 13 -1 -1 0000000000000000000000000001020000000000310000000110300000022000000000000000001210000000002100000000000022000002111202000 2
1 0 599234 545338 13 11 12 10 -1 -1 0000000000000000000000000001020000000000310000000110300000022000000000000000001210000000000120000000000022000002111202000 2
2 0 599234 541950 8 12 9 11 -1 -1 0000000000000000000000000001020000000000310000000110300000022000000000000000001210000000000120000000000122000002011202000 2
1 0 599200 541950 13 15 11 9 -1 -1 0000000000000000000000000001020000000000310000000110300000020000000002000000001210000000000120000000000122000002011202000 2
2 0 599200 538963 11 13 13 11 -1 -1 0000000000000000000000000001020000000000310000000110300000020000000002000000001210000000001120000000000122000002010202000 2
1 0 599166 538963 11 11 9 13 -1 -1 0000000000000000000000000001020000000000310000000110300000020000000002000000001210000000001100000000000122000002210202000 2
2 0 599166 535660 9 11 15 13 -1 -1 0000000000000000000000000001020000000000310000000110300000020000000002100000001210000000001000000000000122000002210202000 2
1 0 599109 535660 13 13 9 9 -1 -1 0000000000000000000000000001020000000000310000000110300000020000000000100000001210000000001000000000000122000002210202020 2
2 0 599109 529514 14 10 15 11 -1 -1 0000000000000000000000000001020000000000310000000110300000020000000010100000001210000000001000000000000122000002200202020 2
1 0 599054 529514 10 12 6 16 -1 -1 0000000000000000000000000001020000000000310000000110300000020000000010100000001210000000001000000000000122000002200002220 2
2 0 599054 523774 12 12 13 13 -1 -1 0000000000000000000000000001020000000000311000000110300000020000000010100000001200000000001000000000000122000002200002220 2
1 0 599005 523774 10 8 8 14 -1 -1 0000000000000000000000000001020000000000311000000110300000020000000010100000001200000000001000000000000102000002220002220 2
2 0 599005 518374 10 10 16 12 -1 -1 0000000000000000000000000001020000000000311000000110300000020100000010100000000200000000001000000000000102000002220002220 2
1 0 598954 518374 12 10 10 8 -1 -1 0000000000000000000000000001020000000000311000000110300000020100000010100000000000000000001000000000000102000002220002222 2
2 0 598954 516308 5 13 5 11 -1 -1 0000000000000000000000000001020000000000311000000110300000020100000010100000001000000000001000000000000002000002220002222 2
1 0 598892 516308 6 14 4 8 -1 -1 0000000000000000000000000001200000000000311000000110300000020100000010100000001000000000001000000000000002000002220002222 2
2 0 598892 513363 5 11 9 11 -1 -1 0000000000000010000000000001200000000000301000000110300000020100000010100000001000000000001000000000000002000002220002222 2
1 0 598838 513363 7 9 8 8 -1 -1 0000000000000010000000000001000000000000301000000110300000020100000012100000001000000000001000000000000002000002220002222 2
2 0 598838 510081 8 10 10 12 -1 -1 0000000000000010000000000001000000000000301000000010300000120100000012100000001000000000001000000000000002000002220002222 2
1 0 598762 510081 11 9 3 9 -1 -1 0000000000000010000000000001000000000000301000000010300000100100000012100000001020000000001000000000000002000002220002222 2
2 0 598762 508292 9 11 13 15 -1 -1 0000001000000010000000000001000000000000301000000010300000100100000012100000001020000000000000000000000002000002220002222 2
1 0 598721 508292 10 8 8 10 -1 -1 0000001000000010000000000001000000000000301000000010300000100100000010100000001020000000000000000000000002000002222002222 2
2 0 598721 506677 12 14 14 12 -1 -1 0000001000000010000000000001000000000000301000000010300000110100000010100000000020000000000000000000000002000002222002222 2
1 0 598698 506677 4 8 2 10 -1 -1 0000001000000010000000000001000000000000301000000010300000110100000010100000000020000000000000000000000000000002222022222 2
2 0 598698 506055 10 12 11 13 -1 -1 0001001000000000000000000001000000000000301000000010300000110100000010100000000020000000000000000000000000000002222022222 2
1 0 598665 506055 8 8 4 8 -1 -1 0001001000000000000000000001000000000000301000000010300000110100000010100000000000000000000020000000000000000002222022222 2
2 0 598665 505206 11 13 12 12 -1 -1 0001001000000010000000000001000000000000301000000010300000010100000010100000000000000000000020000000000000000002222022222 2
1 0 598645 505206 3 9 1 11 -1 -1 0001001000000010000000000001000000000000301000000010300000010100000010100000000000000000000000000000000020000002222022222 2
2 0 598645 504646 12 12 14 10 -1 -1 0101000000000010000000000001000000000000301000000010300000010100000010100000000000000000000000000000000020000002222022222 2
