1322291193000
progamers
kingfish
1 0 599369 600000 13 9 12 10 -1 -1 2222222222000000000000000000000000000000000000000000000000000000000000000000000000000000000000000000000000000001111111111 1
2 0 599369 599901 2 14 4 12 -1 -1 2222222222000000000000000000000000000000000000000000000000000000000000000000000000000000000000000000000100000000111111111 1
1 0 598383 599901 15 11 11 11 -1 -1 2222202222000000200000000000000000000000000000000000000000000000000000000000000000000000000000000000000100000000111111111 1
2 0 598383 599900 0 12 4 16 -1 -1 2222202222000000200000000000000000000000000000000000000000000000000000000000000000000000000100000000000100000000111111011 1
1 0 595622 599900 13 11 11 13 -1 -1 0222202222000000202000000000000000000000000000000000000000000000000000000000000000000000000100000000000100000000111111011 1
2 0 595622 599899 3 11 5 13 -1 -1 0222202222000000202000000000000000000000000000000000000000000000000000000000000000000000000110000000000100000000011111011 1
1 0 595484 599899 14 14 10 10 -1 -1 0222202022000000202000000000020000000000000000000000000000000000000000000000000000000000000110000000000100000000011111011 1
2 0 595484 599898 2 12 6 12 -1 -1 0222202022000000202000000000020000000000000000000000000000000000000000000000000100000000000110000000000100000000011110011 1
1 0 595163 599898 16 12 10 14 -1 -1 0222002022000000202000000000020000000000200000000000000000000000000000000000000100000000000110000000000100000000011110011 1
2 0 595163 599897 3 13 7 13 -1 -1 0222002022000000202000000000020000000000200000000000000000000000000000000000000101000000000110000000000100000000011110010 1
1 0 594718 599897 15 13 9 11 -1 -1 0222002002000000202000000000020000000000200000000002000000000000000000000000000101000000000110000000000100000000011110010 1
2 0 594718 594023 4 12 8 12 -1 -1 0222002002000000202000000000020000000000200000000002000000000000000001000000000101000000000110000000000100000000011110000 1
1 0 594352 594023 12 10 8 14 -1 -1 0222002002000000002000000000020000000000200000000002000000002000000001000000000101000000000110000000000100000000011110000 1
2 0 594352 588885 4 16 5 15 -1 -1 0222002002000000002000000000020000000000200000000002000000002100000001000000000101000000000110000000000000000000011110000 1
1 0 593641 588885 14 12 8 10 -1 -1 0222002002000000000000000000022000000000200000000002000000002100000001000000000101000000000110000000000000000000011110000 1
2 0 593641 584775 2 10 6 14 -1 -1 0222002002000000000000000000022000000000200000000002000000012100000001000000000101000000000110000000000000000000011100000 1
1 0 593362 584775 13 15 12 14 -1 -1 0220002002000000000000000000022000000000220000000002000000012100000001000000000101000000000110000000000000000000011100000 1
2 0 593362 580815 5 13 11 15 -1 -1 0220002002000000000000000000022000000000220000000002000000012100000001000000000101000000000110000000000001000000010100000 1
1 0 593204 580815 11 11 5 13 -1 -1 0220002002000000000000000000002000000000220000000002000000012100000001000000000101000000000112000000000001000000010100000 1
2 0 593204 576298 1 11 2 12 -1 -1 0220002002000000000000000000012000000000220000000002000000012100000001000000000101000000000012000000000001000000010100000 1
1 0 593054 576298 12 14 12 12 -1 -1 0020202002000000000000000000012000000000220000000002000000012100000001000000000101000000000012000000000001000000010100000 1
2 0 593054 571531 11 15 11 11 -1 -1 0020202002000000000000000000012000000000220000000002000000012100000001000000000101000000000012000000000010000000010100000 1
1 0 592877 571531 12 12 12 14 -1 -1 0020202002000000000000000000012000000000220000000002000000012100000001000000000101000000000210000000000010000000010100000 1
2 0 592877 566400 8 12 9 13 -1 -1 0020202002000000000000000000012000000000220000000002000000012100000001000000000101000000000210000000000001000000010100000 1
1 0 592711 566400 8 10 7 9 -1 -1 0020202002000000000000000000012000000000220000000002000000010100000001200000000101000000000210000000000001000000010100000 1
2 0 592711 561703 3 9 4 10 -1 -1 0020202002000000000000000000012000000000220000000102000000000100000001200000000101000000000210000000000001000000010100000 1
1 0 592391 561703 10 10 8 12 -1 -1 0020200002000002000000000000012000000000220000000102000000000100000001200000000101000000000210000000000001000000010100000 1
2 0 592391 556449 9 13 11 15 -1 -1 0020200002000002000000000000012000000000220000000102000000001100000001200000000001000000000210000000000001000000010100000 1
1 0 592086 556449 12 14 8 10 -1 -1 0020200002000002000000000000012000000000220000000102000000001100000001000000000001000000000212000000000001000000010100000 1
2 0 592086 550168 1 13 5 9 -1 -1 0020200002000002000000000000012000000000220000000102000000011100000001000000000001000000000212000000000000000000010100000 1
1 0 591639 550168 13 13 12 12 -1 -1 0000200002000002000000000002012000000000220000000102000000011100000001000000000001000000000212000000000000000000010100000 1
2 0 591639 542580 11 11 13 13 -1 -1 0000200002000002000000000002012000000000220000000102000000011100000001000000000001000000000212000000000010000000000100000 1
1 0 591418 542580 14 10 13 11 -1 -1 0000200002000002000000000002012000000000220000000102000000011100000001000000000001000000000012000000000010000000020100000 1
2 0 591418 535557 4 10 6 8 -1 -1 0000200002000002000000000002012000000000220000000102000000011100000001000000000001000000000012000000000010000000120000000 1
1 0 591270 535557 7 9 5 11 -1 -1 0000200002000000000000000002012000000020220000000102000000011100000001000000000001000000000012000000000010000000120000000 1
2 0 591270 529870 6 8 6 10 -1 -1 0000200002000000000000000002112000000020220000000002000000011100000001000000000001000000000012000000000010000000120000000 1
1 0 591043 529870 11 13 9 15 -1 -1 0000200002000000000000000002112000000002220000000002000000011100000001000000000001000000000012000000000010000000120000000 1
2 0 591043 522451 5 9 9 17 -1 -1 0000200002000000000000000002112000000002220000000002000000011100000001010000000001000000000002000000000010000000120000000 1
1 0 590837 522451 13 11 11 13 -1 -1 0000200002000000000000000000112000000002220000000002000000011100000001012000000001000000000002000000000010000000120000000 1
2 0 590837 515867 9 17 10 16 -1 -1 0000200002000000000000000000112000000002220000000002000000011100000001012000000001000000000012000000000010000000020000000 1
1 0 590623 515867 10 14 9 13 -1 -1 0000200002000000000000000000112000000002220000000002000000011100000001010000000001200000000012000000000010000000020000000 1
2 0 590623 510600 6 10 7 11 -1 -1 0000200002000000000000000000112000000002220000000002000000011100000001110000000000200000000012000000000010000000020000000 1
1 0 590441 510600 12 12 8 16 -1 -1 0000200002000000000000000000112000000000220000000022000000011100000001110000000000200000000012000000000010000000020000000 1
2 0 590441 505090 10 16 14 12 -1 -1 0000200002000000000000000000112000000000220000000022000000011110000001110000000000200000000012000000000000000000020000000 1
1 0 590374 505090 5 13 4 12 -1 -1 0000200002000000000000000000112000000000220000000022000000011110000001110000000000000000000012000000000000000000020020000 1
2 0 590374 501367 5 15 5 13 -1 -1 0000200002000000100000000000102000000000220000000022000000011110000001110000000000000000000012000000000000000000020020000 1
1 0 590251 501367 11 13 10 14 -1 -1 0000200002000000100000000000120000000000220000000022000000011110000001110000000000000000000012000000000000000000020020000 1
2 0 590251 497312 7 11 9 17 -1 -1 0000200002000000100000000000120000000000220000000022000000011110000001110000000001000000000002000000000000000000020020000 1
1 0 590116 497312 8 16 7 15 -1 -1 0000200002000000100000000000120000000000220000000002000000011110000001112000000001000000000002000000000000000000020020000 1
2 0 590116 492728 2 12 3 11 -1 -1 0000200002000000100000000000120000000000220000000002100000011100000001112000000001000000000002000000000000000000020020000 1
1 0 589962 492728 9 13 7 11 -1 -1 0000000202000000100000000000120000000000220000000002100000011100000001112000000001000000000002000000000000000000020020000 1
2 0 589962 485977 6 14 10 18 -1 -1 0000000202000000100000000000120000000000220000000012100000011100000001012000000001000000000002000000000000000000020020000 1
1 0 589735 485977 10 14 6 10 -1 -1 0000000202000000100000000000120000000000200000000012100000011100000001012000000001020000000002000000000000000000020020000 1
2 0 589735 479714 5 13 6 14 -1 -1 0000000202000000100000000000120000000001200000000012100000011100000001012000000000020000000002000000000000000000020020000 1
1 0 589528 479714 7 15 5 13 -1 -1 0000000202000000100000000000100000000001220000000012100000011100000001012000000000020000000002000000000000000000020020000 1
2 0 589528 475089 3 15 3 13 -1 -1 0000000202000000100000000000110000000001220000000012000000011100000001012000000000020000000002000000000000000000020020000 1
1 0 589404 475089 7 11 5 9 -1 -1 0000000220000000100000000000110000000001220000000012000000011100000001012000000000020000000002000000000000000000020020000 1
2 0 589404 468907 9 17 11 19 -1 -1 0000000220000000100000000001110000000001220000000002000000011100000001012000000000020000000002000000000000000000020020000 1
1 0 589277 468907 9 11 7 9 -1 -1 0000000220000000100000000001110000000001220000000002000000011100000001010000000000020000000002020000000000000000020020000 1
2 0 589277 465419 3 11 4 10 -1 -1 0000000220000000100000000001110000000001220000000102000000011100000000010000000000020000000002020000000000000000020020000 1
1 0 589153 465419 5 9 3 11 -1 -1 0000000020000002100000000001110000000001220000000102000000011100000000010000000000020000000002020000000000000000020020000 1
2 0 589153 459511 6 14 7 15 -1 -1 0000000120000002100000000000110000000001220000000102000000011100000000010000000000020000000002020000000000000000020020000 1
1 0 588881 459511 9 15 9 13 -1 -1 0000000120000002100000000000110000000001200000000102200000011100000000010000000000020000000002020000000000000000020020000 1
2 0 588881 452263 7 13 9 15 -1 -1 0000000120000002100000000000110000000001200000000102200000011100000000100000000000020000000002020000000000000000020020000 1
1 0 588618 452263 9 13 5 9 -1 -1 0000000120000002100000000000110000000001200000000100200000011100000000120000000000020000000002020000000000000000020020000 1
2 0 588618 443293 7 15 9 17 -1 -1 0000000120000002100000000001110000000001200000000100200000011100000000020000000000020000000002020000000000000000020020000 1
1 0 588399 443293 4 12 2 10 -1 -1 0000000120000002100000000001110000000001200000000100000000011100000000022000000000020000000002020000000000000000020020000 1
2 0 588399 438308 9 17 10 16 -1 -1 0001000120000002000000000001110000000001200000000100000000011100000000022000000000020000000002020000000000000000020020000 1
1 0 588132 438308 6 10 2 14 -1 -1 0001000120000002000000000001110000000001200000000100000000011100000000020000000000220000000002020000000000000000020020000 1
2 0 588132 430908 10 18 12 16 -1 -1 0001010120000002000000000001110000000000200000000100000000011100000000020000000000220000000002020000000000000000020020000 1
1 0 587795 430908 8 12 4 12 -1 -1 0001010120000002000000000001110000000000200000000100000000011100000000020000000000200000000002020000000000200000020020000 1
2 0 587795 422135 9 15 15 13 -1 -1 0001010120000002100000000001110000000000200000000100000000010100000000020000000000200000000002020000000000200000020020000 1
1 0 587641 422135 7 9 6 10 -1 -1 0001010120000002100000000001110000000000200000000100000000010100000000000000000000200000000002020000000000200000020020020 1
2 0 587641 410018 10 16 11 17 -1 -1 0001010120000002100000000001110000000001200000000000000000010100000000000000000000200000000002020000000000200000020020020 1
1 0 587507 410018 8 10 7 11 -1 -1 0001010120000002100000000001110000000001200000000000000000010100000000000000000000000000000002220000000000200000020020020 1
2 0 587507 403900 11 17 13 15 -1 -1 0001010120000002100000000001110000000001200000000010000000000100000000000000000000000000000002220000000000200000020020020 1
1 0 587374 403900 8 14 7 13 -1 -1 0001010120000002100000000001110000000001200000000010000000000100000000000000000000000000000002020000000000200000022020020 1
2 0 587374 401185 6 12 8 14 -1 -1 0001010120000002100000000001110000000001200000000011000000000000000000000000000000000000000002020000000000200000022020020 1
1 0 587109 401185 7 11 6 12 -1 -1 0001010120000002100000000001110000000001000000000011000000000200000000000000000000000000000002020000000000200000022020020 1
2 0 587109 397033 12 16 16 12 -1 -1 0001010120000002100000000001110000000001100000000001000000000200000000000000000000000000000002020000000000200000022020020 1
1 0 586913 397033 5 11 1 11 -1 -1 0001010120000002100000000001110000000001100000000001000000000200000000000000000000000000000002020000000000000000022020022 1
2 0 586913 393037 3 13 7 9 -1 -1 0101010120000002100000000001010000000001100000000001000000000200000000000000000000000000000002020000000000000000022020022 1
1 0 586576 393037 7 13 3 13 -1 -1 0101010100000002100000000001010000000001100000000201000000000200000000000000000000000000000002020000000000000000022020022 1
2 0 586576 390644 7 9 9 15 -1 -1 0101010110000002100000000001010000000001100000000200000000000200000000000000000000000000000002020000000000000000022020022 1
1 0 586344 390644 3 11 1 13 -1 -1 0101010110000002100000000001010000000001100000000000000000000200000000020000000000000000000002020000000000000000022020022 1
2 0 586344 388563 8 14 12 14 -1 -1 0111010010000002100000000001010000000001100000000000000000000200000000020000000000000000000002020000000000000000022020022 1
1 0 586081 388563 5 9 3 11 -1 -1 0111010010000002100000000001010000000001100000000000000000000000000000020000000000000000000002020000000002000000022020022 1
2 0 586081 387074 9 15 10 14 -1 -1 0111010110000002100000000000010000000001100000000000000000000000000000020000000000000000000002020000000002000000022020022 1
1 0 585897 387074 2 10 0 12 -1 -1 0111010110000002100000000000010000000001100000000000000000000000000000000000000002000000000002020000000002000000022020022 1
2 0 585897 385904 10 14 14 14 -1 -1 1110010110000002100000000000010000000001100000000000000000000000000000000000000002000000000002020000000002000000022020022 1
1 0 585763 385904 4 12 2 10 -1 -1 1110010110000002100000000000010000000001100000000000000000000000000000000000000000000000000002020000000002000000022022022 1
2 0 585763 384472 13 13 13 11 -1 -1 1111010110000002000000000000010000000001100000000000000000000000000000000000000000000000000002020000000002000000022022022 1
1 0 585571 384472 6 10 4 12 -1 -1 1111010110000002000000000000010000000001100000000000000000000000000000000000000000000000000002020000000002000000202022022 1
2 0 585571 383488 11 15 15 11 -1 -1 1111010110000002100000000000010000000000100000000000000000000000000000000000000000000000000002020000000002000000202022022 1
1 0 581680 383488 3 11 3 9 -1 -1 1111010110000002100000000000010000000000100000000000000000000000000000000000000000000000000000020000000002000000202022222 1
2 0 581680 382814 4 10 4 14 -1 -1 1111011010000002100000000000010000000000100000000000000000000000000000000000000000000000000000020000000002000000202022222 1
1 0 578807 382814 1 13 2 12 -1 -1 1111011010000000120000000000010000000000100000000000000000000000000000000000000000000000000000020000000002000000202022222 1
2 0 578807 382111 4 14 5 15 -1 -1 1101111010000000120000000000010000000000100000000000000000000000000000000000000000000000000000020000000002000000202022222 1
1 0 574350 382111 2 12 1 13 -1 -1 1101111010000000100000000000012000000000100000000000000000000000000000000000000000000000000000020000000002000000202022222 1
2 0 574350 381501 5 15 7 13 -1 -1 1111011010000000100000000000012000000000100000000000000000000000000000000000000000000000000000020000000002000000202022222 1
1 0 574258 381501 6 12 2 12 -1 -1 1111011010000000100000000000010000000000100000000002000000000000000000000000000000000000000000020000000002000000202022222 1
2 0 574258 381107 7 13 8 12 -1 -1 1111111010000000100000000000010000000000000000000002000000000000000000000000000000000000000000020000000002000000202022222 1
1 0 574257 381107 5 13 3 15 -1 -1 1111111010000000100000000000010000000000000000000000000000002000000000000000000000000000000000020000000002000000202022222 1
2 0 574257 380977 12 14 13 13 -1 -1 1111111011000000100000000000000000000000000000000000000000002000000000000000000000000000000000020000000002000000202022222 1
1 0 574256 380977 4 12 3 11 -1 -1 1111111011000000100000000000000000000000000000000000000000002000000000000000000000000000000000020000000000000000222022222 1
