1322289726000
kingfish
droptable
1 0 599815 600000 14 10 12 12 -1 -1 2222222222000000000000000000000000000000000000000000000000000000000000000000000000000000000000000000000000000001111111111 1
2 0 599815 596408 3 13 4 14 -1 -1 2222222222000000000000000000000000000000000000000000000000000000000000000000000000000000000000000000000010000001111011111 1
1 0 599814 596408 16 12 12 8 -1 -1 2222222202000000020000000000000000000000000000000000000000000000000000000000000000000000000000000000000010000001111011111 1
2 0 599814 583815 2 10 4 8 -1 -1 2222222202000000020000000000000000000000000000000000000000000000000000000000000000000000000000000000001010000001111011110 1
1 0 599813 583815 13 13 11 11 -1 -1 2220222202000020020000000000000000000000000000000000000000000000000000000000000000000000000000000000001010000001111011110 1
2 0 599813 571635 3 15 5 13 -1 -1 2220222202000020020000000000000000000000000000000000000000000000000000000000000000000000000100000000001010000001101011110 1
1 0 599812 571635 14 12 10 12 -1 -1 2220222200000020020000000000020000000000000000000000000000000000000000000000000000000000000100000000001010000001101011110 1
2 0 599812 552821 4 14 5 15 -1 -1 2220222200000020020000000000020000000000000000000000000000000000000000000000000010000000000100000000001010000001101001110 1
1 0 599811 552821 13 11 9 11 -1 -1 2220222200000020000000000000022000000000000000000000000000000000000000000000000010000000000100000000001010000001101001110 1
2 0 599811 523002 2 14 3 15 -1 -1 2220222200000020000000000000022000000000000000000000000000000000000001000000000010000000000100000000001010000001001001110 1
1 0 599628 523002 12 12 8 12 -1 -1 2220202202000020000000000000022000000000000000000000000000000000000001000000000010000000000100000000001010000001001001110 1
2 0 599628 510502 0 12 2 10 -1 -1 2220202202000020000000000000022000000000000000000000000000001000000001000000000010000000000100000000001000000001001001110 1
1 0 599627 510502 11 11 7 11 -1 -1 0222202202000020000000000000022000000000000000000000000000001000000001000000000010000000000100000000001000000001001001110 1
2 0 599627 502168 2 10 6 14 -1 -1 0222202202000020000000000000022000000000000000000010000000001000000001000000000010000000000000000000001000000001001001110 1
1 0 595364 502168 10 12 4 14 -1 -1 0220202202000020000000000000022000000000020000000010000000001000000001000000000010000000000000000000001000000001001001110 1
2 0 595364 494463 6 14 7 13 -1 -1 0220202202000020010000000000022000000000020000000010000000001000000001000000000000000000000000000000001000000001001001110 1
1 0 592068 494463 8 12 0 12 -1 -1 0220202202000020010000000000022000000000000000000012000000001000000001000000000000000000000000000000001000000001001001110 1
2 0 592068 486561 3 11 4 12 -1 -1 1220202202000020010000000000022000000000000000000012000000000000000001000000000000000000000000000000001000000001001001110 1
1 0 589695 486561 4 14 3 13 -1 -1 1220202002000020210000000000022000000000000000000012000000000000000001000000000000000000000000000000001000000001001001110 1
2 0 589695 470094 2 12 4 10 -1 -1 1220202012000020200000000000022000000000000000000012000000000000000001000000000000000000000000000000001000000001001001110 1
1 0 586319 470094 13 9 11 7 -1 -1 1220002012000022200000000000022000000000000000000012000000000000000001000000000000000000000000000000001000000001001001110 1
2 0 586319 453245 3 9 5 11 -1 -1 1220002012000022200000000000022000000000000000000012000000000000000001000000000000000000010000000000001000000000001001110 1
1 0 582764 453245 12 8 10 6 -1 -1 1220000012000022200000000000222000000000000000000012000000000000000001000000000000000000010000000000001000000000001001110 1
2 0 582764 437566 4 10 8 10 -1 -1 1220000012000022200000000000222000000000000000000012000000000000000001000000010000000000010000000000000000000000001001110 1
1 0 577538 437566 9 11 8 12 -1 -1 1220000012000020200000000000222000000000000000000012000000020000000001000000010000000000010000000000000000000000001001110 1
2 0 577538 427449 5 15 6 16 -1 -1 1220000012000020200000000000222000000000000000000012000000021000000000000000010000000000010000000000000000000000001001110 1
1 0 572337 427449 11 7 9 5 -1 -1 1220000012000020200000000000220000000000002000000012000000021000000000000000010000000000010000000000000000000000001001110 1
2 0 572337 402969 1 13 2 14 -1 -1 1220000012000020200000000000220000000000002000000012000000021000001000000000010000000000000000000000000000000000001001110 1
1 0 566709 402969 13 15 12 14 -1 -1 1200020012000020200000000000220000000000002000000012000000021000001000000000010000000000000000000000000000000000001001110 1
2 0 566709 390559 6 16 7 17 -1 -1 1200020012000020200000000000220000000000002000000012000000021000001000000000010000000000000000000000000001000000000001110 1
1 0 562297 390559 15 13 11 13 -1 -1 1200020012000020200000000000220000000000000000000012020000021000001000000000010000000000000000000000000001000000000001110 1
2 0 562297 384344 7 13 9 11 -1 -1 1200020012000020200000000000220000000000000000000012020000021000001000000000010000000000000010000000000001000000000001100 1
1 0 557435 384344 14 14 14 12 -1 -1 1200020012000020200000000000220000000000000000000010020000021000001002000000010000000000000010000000000001000000000001100 1
2 0 557435 379613 4 8 5 9 -1 -1 1200020012000020200000000000220000000000000000000010020000021000001002000000010000000000000010000000000001000000000010100 1
1 0 552295 379613 11 13 10 14 -1 -1 1200020012000000200000000002220000000000000000000010020000021000001002000000010000000000000010000000000001000000000010100 1
2 0 552295 368707 7 17 8 18 -1 -1 1200020012000000200000000002220000000000000000000010020000021000001002000000010001000000000000000000000001000000000010100 1
1 0 546691 368707 15 11 9 9 -1 -1 1200020012000000200000000002220000000000000000000010000000021002001002000000010001000000000000000000000001000000000010100 1
2 0 546691 356143 9 11 10 10 -1 -1 1200020012000000200000000002220000000000000000000010000000021002001012000000010001000000000000000000000001000000000010000 1
1 0 539831 356143 8 12 4 8 -1 -1 1200020012000000200000000002220000000000000000000010000000021002001010000000010201000000000000000000000001000000000010000 1
2 0 539831 348370 5 9 6 10 -1 -1 1200020012000010200000000002220000000000000000000010000000020002001010000000010201000000000000000000000001000000000010000 1
1 0 535137 348370 9 9 9 11 -1 -1 1200020012000010200000000000220000000002000000000010000000020002001010000000010201000000000000000000000001000000000010000 1
2 0 535137 329302 1 11 2 12 -1 -1 1200020012000010200000000000220000000002000000000010000000020002001001000000010201000000000000000000000001000000000010000 1
1 0 530272 329302 4 8 3 9 -1 -1 1000220012000010200000000000220000000002000000000010000000020002001001000000010201000000000000000000000001000000000010000 1
2 0 530272 323749 5 11 7 13 -1 -1 1000221012000000200000000000220000000002000000000010000000020002001001000000010201000000000000000000000001000000000010000 1
1 0 524540 323749 9 11 5 11 -1 -1 1000221012000000200000000000020000000002000000000012000000020002001001000000010201000000000000000000000001000000000010000 1
2 0 524540 302530 2 12 4 14 -1 -1 1000221012000000200000000000120000000002000000000012000000020002001000000000010201000000000000000000000001000000000010000 1
1 0 520272 302530 5 11 4 10 -1 -1 1000021012000000220000000000120000000002000000000012000000020002001000000000010201000000000000000000000001000000000010000 1
2 0 520272 293709 4 12 5 11 -1 -1 1000021012000001220000000000020000000002000000000012000000020002001000000000010201000000000000000000000001000000000010000 1
1 0 515113 293709 7 11 3 11 -1 -1 1000021012000001020000000000220000000002000000000012000000020002001000000000010201000000000000000000000001000000000010000 1
2 0 515113 282314 5 13 9 9 -1 -1 1000021112000001020000000000220000000002000000000002000000020002001000000000010201000000000000000000000001000000000010000 1
1 0 511927 282314 4 10 2 12 -1 -1 1000021112000001020000000000200000000002000000000002000000020002001020000000010201000000000000000000000001000000000010000 1
2 0 511927 271775 3 15 5 9 -1 -1 1000121112000000020000000000200000000002000000000002000000020002001020000000010201000000000000000000000001000000000010000 1
1 0 504134 271775 14 12 13 13 -1 -1 1000121110000000020000000002200000000002000000000002000000020002001020000000010201000000000000000000000001000000000010000 1
2 0 504134 255748 8 18 9 17 -1 -1 1000121110000000020000000002200000000002000000000002000000020002001020000000010201000000000000000000000001000000010000000 1
1 0 496915 255748 10 6 8 4 -1 -1 1000121110000000020000000002200000000002000000000002000000020000001020002000010201000000000000000000000001000000010000000 1
2 0 496915 242624 5 11 9 11 -1 -1 1000121110000000020000000002200000000002000000000002000010020000001020002000000201000000000000000000000001000000010000000 1
1 0 487609 242624 13 13 9 13 -1 -1 1000121110000000020000000002000000000002000000000002000010020000001022002000000201000000000000000000000001000000010000000 1
2 0 487609 214317 2 14 4 12 -1 -1 1000121110000000020000000002000000000002000000000002000010020000001022102000000201000000000000000000000001000000000000000 1
1 0 482225 214317 10 14 6 14 -1 -1 1000101110000000220000000002000000000002000000000002000010020000001022102000000201000000000000000000000001000000000000000 1
2 0 482225 184326 9 17 10 16 -1 -1 1000101110000000220000000002000000000002010000000002000010020000001022102000000200000000000000000000000001000000000000000 1
1 0 476632 184326 9 5 7 3 -1 -1 1000101110000000220000000002000000000002010000000002000010020000001022100000000200200000000000000000000001000000000000000 1
2 0 476632 154280 10 10 11 11 -1 -1 1000101110000000220000000002000000000002010000100002000010020000000022100000000200200000000000000000000001000000000000000 1
1 0 471144 154280 8 4 6 2 -1 -1 1000101110000000220000000002000000000002010000100002000010020000000022100000000000200000000200000000000001000000000000000 1
2 0 471144 124288 4 14 12 10 -1 -1 1000101110000000220000000002000000010002010000100002000000020000000022100000000000200000000200000000000001000000000000000 1
1 0 459772 124288 12 14 12 12 -1 -1 1000101110000000200000000002000000010002010000100002000000020000000022100000000000200000000200000000000201000000000000000 1
2 0 459772 117184 11 11 13 13 -1 -1 1000101110000000200000000002000000010002010000100002000000020000000022100000000000200000000200000000000210000000000000000 1
1 0 452741 117184 7 3 5 1 -1 -1 1000101110000000200000000002000000010002010000100002000000020000000022100000000000200000000000000000000210000000020000000 1
2 0 452741 111980 12 10 13 9 -1 -1 1000101110000000200000010002000000010002010000000002000000020000000022100000000000200000000000000000000210000000020000000 1
1 0 447622 111980 6 2 4 0 -1 -1 1000101110000000200000010002000000010002010000000002000000020000000022100000000000200000000000000000000010000002020000000 1
2 0 447622 104493 13 9 14 10 -1 -1 1000101110100000200000010002000000000002010000000002000000020000000022100000000000200000000000000000000010000002020000000 1
1 0 443685 104493 5 1 4 2 -1 -1 1000101110100000200000010002000000000002010000000002000000020000000022100000000000200000000000000000000010000000020200000 1
2 0 443685 74499 14 10 15 11 -1 -1 1000101110110000200000000002000000000002010000000002000000020000000022100000000000200000000000000000000010000000020200000 1
1 0 438245 74499 12 12 11 11 -1 -1 1000101110110000200000000002000000000002010000000002000000020000000022100000000000200000000000000000000010000000020000200 1
2 0 438245 44504 6 10 7 11 -1 -1 1000101110110000200000000002000000000002010000000002000000020000000022100000000000200000000100000000000000000000020000200 1
1 0 434197 44504 6 14 2 10 -1 -1 1000101110110000200000000002000000000000010000000022000000020000000022100000000000200000000100000000000000000000020000200 1
2 0 434197 14510 10 16 11 15 -1 -1 1001101110110000200000000002000000000000000000000022000000020000000022100000000000200000000100000000000000000000020000200 1
1 0 430032 14510 11 11 10 10 -1 -1 1001101110110000200000000002000000000000000000000022000000020000000022100000000000000000000102000000000000000000020000200 1
2 0 430032 14507 9 9 11 11 -1 -1 1001101110110000200000000002000000000000000000000022000000020000000022100000000100000000000002000000000000000000020000200 1
1 0 424196 14507 10 10 4 8 -1 -1 1001101110110000200000000002000000000000000000000022000000020000000002100000000100000000000202000000000000000000020000200 1
2 0 424196 14499 8 10 12 10 5 15 1001101110110010200000000002000000000000000000000022000000020000000002100000000000000000000202000000000000000000020000200 1
1 0 420013 14499 9 13 8 12 -1 -1 1001101110110010200000000002003000000000000000000022000000000000000002100000000000000000000202000000000200000000020000200 1
2 0 420013 14497 7 11 9 13 -1 -1 1001101110110010200000000002003000000000000000000022000000001000000002000000000000000000000202000000000200000000020000200 1
1 0 415761 14497 8 12 4 16 -1 -1 1001101110110010200000000002003000000000000000000002000000001000000002200000000000000000000202000000000200000000020000200 1
2 0 415761 14494 11 11 13 9 -1 -1 1001101110110010201000000002003000000000000000000002000000000000000002200000000000000000000202000000000200000000020000200 1
1 0 413696 14494 2 10 1 11 -1 -1 1001101110110010201000000002003000000000000000000002000000000000000002200000000000000000000002000000000200000002020000200 1
2 0 413696 14492 7 13 8 12 -1 -1 1100101110110010201000000002003000000000000000000002000000000000000002200000000000000000000002000000000200000002020000200 1
1 0 411943 14492 4 8 2 14 -1 -1 1100101110110010201000000002003000000000000000000000000000002000000002200000000000000000000002000000000200000002020000200 1
2 0 411943 14490 8 12 12 16 -1 -1 1100111110110000201000000002003000000000000000000000000000002000000002200000000000000000000002000000000200000002020000200 1
1 0 410274 14490 4 16 3 15 -1 -1 1100111110110000201000000002003000000000000000000000000000000000000002200000000000000000000002000000000200200002020000200 1
2 0 410274 14488 4 12 6 10 -1 -1 1100111111110000200000000002003000000000000000000000000000000000000002200000000000000000000002000000000200200002020000200 1
1 0 409162 14488 4 0 4 4 -1 -1 1100111111110000000000000002003000000002000000000000000000000000000002200000000000000000000002000000000200200002020000200 1
2 0 409162 14486 5 9 7 11 -1 -1 1100111111011000000000000002003000000002000000000000000000000000000002200000000000000000000002000000000200200002020000200 1
1 0 408251 14486 0 12 1 13 -1 -1 1100111111011000000000000000003000000002000000000020000000000000000002200000000000000000000002000000000200200002020000200 1
2 0 408251 14484 6 10 10 10 -1 -1 0110111111011000000000000000003000000002000000000020000000000000000002200000000000000000000002000000000200200002020000200 1
1 0 407379 14484 4 2 4 6 -1 -1 0110111111011000000000000000003000000000000000000020000000000000000002200000000200000000000002000000000200200002020000200 1
2 0 407379 14482 9 11 13 11 -1 -1 0110111111001100000000000000003000000000000000000020000000000000000002200000000200000000000002000000000200200002020000200 1
1 0 406851 14482 4 4 0 12 -1 -1 0110111111001100000000000000003000000000000000000020000000000000000000200000000200000000000002000000000200200002220000200 1
2 0 406851 14481 12 10 14 12 -1 -1 1110111111000100000000000000003000000000000000000020000000000000000000200000000200000000000002000000000200200002220000200 1
1 0 406165 14481 4 6 4 8 -1 -1 1110111111000100000000000000003000000000000000000020000000000000000000200000000200000000000002000000000000200002220020200 1
2 0 406165 14480 13 11 15 13 -1 -1 1110111111000010000000000000003000000000000000000020000000000000000000200000000200000000000002000000000000200002220020200 1
1 0 405562 14480 4 8 2 10 -1 -1 1110111111000010000000000000003000000000000000000020000000000000000000200000000200000000000002000000000000200002020020220 1
