1322289760000
kingfish
artificialwintelligence
1 0 599810 600000 14 10 12 12 -1 -1 2222222222000000000000000000000000000000000000000000000000000000000000000000000000000000000000000000000000000001111111111 1
2 0 599810 599761 2 12 4 14 -1 -1 2222222222000000000000000000000000000000000000000000000000000000000000000000000000000000000000000000000010000001111011111 1
1 0 599809 599761 16 12 12 8 -1 -1 2222022222000000020000000000000000000000000000000000000000000000000000000000000000000000000000000000000010000001111011111 1
2 0 599809 599333 3 13 5 15 -1 -1 2222022222000000020000000000000000000000000000000000000000000000000000000000000000000000000000000000001010000001111011110 1
1 0 599808 599333 13 13 11 11 -1 -1 2222022202000000020000000000002000000000000000000000000000000000000000000000000000000000000000000000001010000001111011110 1
2 0 599808 598754 4 14 6 16 -1 -1 2222022202000000020000000000002000000000000000000000000000000000000000000000000000000000000100000000001010000001101011110 1
1 0 599807 598754 14 12 10 12 -1 -1 2222022202000000000000000000002000000000002000000000000000000000000000000000000000000000000100000000001010000001101011110 1
2 0 599807 598163 2 14 6 18 -1 -1 2222022202000000000000000000002000000000002000000000000000000000000000000000000010000000000100000000001010000001101001110 1
1 0 599806 598163 13 11 9 11 -1 -1 2222002202000000000000000000002000000000002200000000000000000000000000000000000010000000000100000000001010000001101001110 1
2 0 599806 597423 6 18 7 19 -1 -1 2222002202000000000000000000002000000000002200000000000000000000000001000000000010000000000100000000001010000001001001110 1
1 0 599618 597423 12 12 8 12 -1 -1 2222002202000000000000000000002000000000002000000000002000000000000001000000000010000000000100000000001010000001001001110 1
2 0 599618 596772 0 12 8 20 -1 -1 2222002202000000000000000000002000000000002000000000002000001000000001000000000010000000000100000000001000000001001001110 1
1 0 599617 596772 11 11 7 11 -1 -1 0222002202000000000000000000002000000000002000000000002000001000200001000000000010000000000100000000001000000001001001110 1
2 0 599617 595693 2 10 6 18 -1 -1 0222002202000000000000000000002000000000002000000010002000001000200001000000000010000000000000000000001000000001001001110 1
1 0 599616 595693 10 12 6 12 -1 -1 0220002202000000000000000000002000000000002200000010002000001000200001000000000010000000000000000000001000000001001001110 1
2 0 599616 594513 5 15 9 19 -1 -1 0220002202000000000000000000002000000000102200000010002000001000200001000000000000000000000000000000001000000001001001110 1
1 0 599462 594513 9 11 5 11 -1 -1 0220002202000000000000000000000000000000102200000010002000001000200001000200000000000000000000000000001000000001001001110 1
2 0 599462 593777 8 20 10 18 -1 -1 0220002202000000000000000000100000000000102200000010002000001000200000000200000000000000000000000000001000000001001001110 1
1 0 594535 593777 8 12 0 12 -1 -1 0220002202000000000000000000100000000000102200000010002000001000000000000200000000020000000000000000001000000001001001110 1
2 0 594535 592972 6 16 10 16 -1 -1 1220002202000000000000000000100000000000102200000010002000000000000000000200000000020000000000000000001000000001001001110 1
1 0 592158 592972 6 12 2 12 -1 -1 1220002202000000000000000000100000000000100200000010002000000000000000000200000000220000000000000000001000000001001001110 1
2 0 592158 592213 6 18 8 20 -1 -1 1220102202000000000000000000100000000000000200000010002000000000000000000200000000220000000000000000001000000001001001110 1
1 0 588667 592213 13 9 11 7 -1 -1 1220102202000000000000000000100000000000000000000010002000000000200000000200000000220000000000000000001000000001001001110 1
2 0 588667 591399 1 13 2 14 -1 -1 1220102202000000000000000000100000000000000000000010002000000000200000000200000000220000010000000000001000000000001001110 1
1 0 585543 591399 12 8 10 6 -1 -1 1200122202000000000000000000100000000000000000000010002000000000200000000200000000220000010000000000001000000000001001110 1
2 0 585543 590826 1 11 3 13 -1 -1 1200122202000000000000000000100000000000000000000010002000000000200000000200010000220000010000000000000000000000001001110 1
1 0 583413 590826 7 11 6 10 -1 -1 1000122222000000000000000000100000000000000000000010002000000000200000000200010000220000010000000000000000000000001001110 1
2 0 583413 590095 2 14 4 8 -1 -1 1000122222000000000000000000100000000001000000000000002000000000200000000200010000220000010000000000000000000000001001110 1
1 0 581433 590095 6 10 2 14 -1 -1 1000102222000020000000000000100000000001000000000000002000000000200000000200010000220000010000000000000000000000001001110 1
2 0 581433 589565 7 19 11 15 -1 -1 1000112222000020000000000000100000000000000000000000002000000000200000000200010000220000010000000000000000000000001001110 1
1 0 578603 589565 14 14 10 14 -1 -1 1000112222000020000000000000100000000000000000000000000000000000200000000200010000220000010002000000000000000000001001110 1
2 0 578603 589063 10 16 12 14 -1 -1 1000112222000020000000000000100000000000000000000000000000000000200000000200010001220000010002000000000000000000001000110 1
1 0 574740 589063 13 15 9 15 -1 -1 1000112222000020000000000000100000000000000000000000000000000000200000000200010001020000010002000000000002000000001000110 1
2 0 574740 588632 9 19 13 15 -1 -1 1000112222000020000000000000100000000000000000000000000000000000200000010200010001020000010002000000000002000000000000110 1
1 0 572195 588632 10 14 8 16 -1 -1 1000112222000020000000000000100000000000000000000000000000000000200000010000010001020000010002000000000002000000002000110 1
2 0 572195 587940 11 15 13 13 -1 -1 1000112222000020000000000000100000000000000000000000000000000010200000010000010000020000010002000000000002000000002000110 1
1 0 569313 587940 9 15 7 17 -1 -1 1000112222000020000000000000100000000000000000000000000000000010200000010000010000020000010000000000000002000000022000110 1
2 0 569313 587058 3 9 5 7 -1 -1 1000112222000020000000000000100000000000000000000000010000000010200000000000010000020000010000000000000002000000022000110 1
1 0 565348 587058 10 6 9 7 -1 -1 1000110222000020000000000020100000000000000000000000010000000010200000000000010000020000010000000000000002000000022000110 1
2 0 565348 586389 5 7 6 6 -1 -1 1000110222000020000000000020100000000000000000000000010000000010200100000000000000020000010000000000000002000000022000110 1
1 0 562867 586389 11 7 10 8 -1 -1 1000110222000020000000000000100000000200000000000000010000000010200100000000000000020000010000000000000002000000022000110 1
2 0 562867 585831 12 14 14 12 -1 -1 1000110222000020000000000000100000000200000000000000010000000010200100000000001000020000000000000000000002000000022000110 1
1 0 558543 585831 15 13 13 11 -1 -1 1000110222000020000000000000100000000200000000000000010000000010200100000000001000020000000000000000000000000000022020110 1
2 0 558543 585325 3 13 7 5 -1 -1 1000110222000020000000000000100000000200000000000000010000000010200100000000001000020000000000000000000000000000122020100 1
1 0 553975 585325 10 8 6 8 -1 -1 1000110202000020000000000000100000000200000000020000010000000010200100000000001000020000000000000000000000000000122020100 1
2 0 553975 584433 3 15 4 16 -1 -1 1000110202000020000000000000100000000210000000020000010000000010200100000000000000020000000000000000000000000000122020100 1
1 0 550484 584433 6 8 6 10 -1 -1 1000110200000020002000000000100000000210000000020000010000000010200100000000000000020000000000000000000000000000122020100 1
2 0 550484 583629 3 11 5 17 -1 -1 1000110200000020002000000000100000000201000000020000010000000010200100000000000000020000000000000000000000000000122020100 1
1 0 548051 583629 6 10 4 12 -1 -1 1000110000000020002000000000100200000201000000020000010000000010200100000000000000020000000000000000000000000000122020100 1
2 0 548051 582884 4 16 6 18 -1 -1 1000110000000020102000000000100200000200000000020000010000000010200100000000000000020000000000000000000000000000122020100 1
1 0 545336 582884 7 17 7 15 -1 -1 1000110000000020100000000000100200000200000200020000010000000010200100000000000000020000000000000000000000000000122020100 1
2 0 545336 582369 6 6 8 4 -1 -1 1000110000000020100000000000100200000200000200020000100000000010200100000000000000020000000000000000000000000000122020100 1
1 0 540478 582369 5 11 1 11 -1 -1 1000110000000020100000000000100200000000000200020000100020000010200100000000000000020000000000000000000000000000122020100 1
2 0 540478 581924 5 17 7 19 -1 -1 1100110000000020100000000000000200000000000200020000100020000010200100000000000000020000000000000000000000000000122020100 1
1 0 538209 581924 8 16 6 14 -1 -1 1100110000000020100000000000000000000000000200020000102020000010200100000000000000020000000000000000000000000000122020100 1
2 0 538209 581539 4 8 5 7 -1 -1 1100110000000020100000000000000000000000010200020000102020000000200100000000000000020000000000000000000000000000122020100 1
1 0 535630 581539 7 15 1 13 -1 -1 1100110000000000100000000020000000000000010200020000102020000000200100000000000000020000000000000000000000000000122020100 1
2 0 535630 581043 13 15 14 14 -1 -1 1110110000000000100000000020000000000000010200020000002020000000200100000000000000020000000000000000000000000000122020100 1
1 0 533024 581043 6 14 5 13 -1 -1 1110110000000000100000000020000000000000010200020000002020000000200100000000000000020000000000000000000000000000120022100 1
2 0 533024 580777 14 14 16 12 -1 -1 1110110000000000100000000020010000000000000200020000002020000000200100000000000000020000000000000000000000000000120022100 1
1 0 531341 580777 5 13 3 11 -1 -1 1110110000000000100000000020010000000000000200020000002020000000200100000000000000020000000000000000000000000000120020102 1
2 0 531341 580606 5 7 6 6 -1 -1 1110110100000000100000000020000000000000000200020000002020000000200100000000000000020000000000000000000000000000120020102 1
1 0 529024 580606 4 12 3 13 -1 -1 1110110100000000100000000000000000000200000200020000002020000000200100000000000000020000000000000000000000000000120020102 1
2 0 529024 580293 6 18 7 17 -1 -1 1110110110000000000000000000000000000200000200020000002020000000200100000000000000020000000000000000000000000000120020102 1
1 0 527553 580293 9 7 8 8 -1 -1 1110110110000000000000000000000000000200000000020000022020000000200100000000000000020000000000000000000000000000120020102 1
2 0 527553 579934 8 4 9 5 -1 -1 1110110110000000000000000000000000000200000000020000022020100000200000000000000000020000000000000000000000000000120020102 1
1 0 526296 579934 8 8 7 9 -1 -1 1110110110000000000000000000000000000200000000020000022000100000202000000000000000020000000000000000000000000000120020102 1
2 0 526296 579411 7 17 11 17 -1 -1 1110110110000000000000000000000000000200000000020100022000000000202000000000000000020000000000000000000000000000120020102 1
1 0 524365 579411 7 9 6 10 -1 -1 1110110110000000000000000000000000000200000000020100002000000000202000000000000000020000000000200000000000000000120020102 1
2 0 524365 578972 6 6 10 6 -1 -1 1110110110000000000000000000000000000201000000020000002000000000202000000000000000020000000000200000000000000000120020102 1
1 0 522799 578972 6 10 5 11 -1 -1 1110110110000000000000000000000000000001000000020000002000000000202000000000020000020000000000200000000000000000120020102 1
2 0 522799 578359 7 19 8 18 -1 -1 1110110110000000000000000000100000000000000000020000002000000000202000000000020000020000000000200000000000000000120020102 1
1 0 521140 578359 5 11 4 12 -1 -1 1110110110000000000000000000100000000000000000020000000000000002202000000000020000020000000000200000000000000000120020102 1
2 0 521140 577989 7 5 8 4 -1 -1 1110110110000000100000000000000000000000000000020000000000000002202000000000020000020000000000200000000000000000120020102 1
1 0 519746 577989 15 11 14 10 -1 -1 1110110110000000100000000000000000000000000000000000000020000002202000000000020000020000000000200000000000000000120020102 1
2 0 519746 577557 13 13 15 11 -1 -1 1110110110000000100000000000000000000000000000000000000020000002202000000000020000020000000000200000000000000000120120002 1
1 0 518318 577557 14 10 12 12 -1 -1 1110110110000000100000000000000000000000000000000000000020000002202000000000020000020000000000200000000000000000100120202 1
2 0 518318 577147 10 6 11 7 -1 -1 1110110110000000100000000000000000000000000000000000000020000002202000000000020000020000000000200000000010000000100020202 1
1 0 516970 577147 13 11 11 13 -1 -1 1110110110000000100000000000000000000000000000000000000020000002202000000000000000020000020000200000000010000000100020202 1
2 0 516970 576750 10 18 12 16 -1 -1 1110110110000000100000000000000000000000000000000000000020000002202000000000000000020000020010200000000010000000000020202 1
1 0 515836 576750 12 12 10 14 -1 -1 1110110110000000100000000000000000000000000000000000000020000002202000000000000000000000020010200000000010200000000020202 1
2 0 515836 576428 8 4 12 8 -1 -1 1110110110000000100000000000000000000000000000000000000020000002202000000000000001000000020010200000000000200000000020202 1
1 0 514968 576428 4 12 2 10 -1 -1 1110110110000000100000000000000000000000000000000000000000000002202000000000000001000000020010200000002000200000000020202 1
2 0 514968 576230 8 18 9 19 -1 -1 1111110110000000000000000000000000000000000000000000000000000002202000000000000001000000020010200000002000200000000020202 1
1 0 513392 576230 11 13 9 15 -1 -1 1111110110000000000000000000000000000000000000000000000000000000202000000200000001000000020010200000002000200000000020202 1
2 0 513392 575977 12 16 13 15 -1 -1 1111110110000000000000000000000000000000000000000000000000000000202000010200000001000000020000200000002000200000000020202 1
1 0 512394 575977 10 14 8 16 -1 -1 1111110110000000000000000000000000000000000000000000000000000000202000010200000001000000020000200000002000000000002020202 1
2 0 512394 575631 8 20 14 14 -1 -1 1111110110000000000000000000000000000000000000000000000000000010202000010200000000000000020000200000002000000000002020202 1
1 0 511385 575631 9 15 7 17 -1 -1 1111110110000000000000000000000000000000000000000000000000000010002000010200000000000000020000200000002000000000002022202 1
2 0 511385 575319 11 7 13 9 -1 -1 1111110110000000000000000000000000000000000000000000010000000010002000000200000000000000020000200000002000000000002022202 1
1 0 510505 575319 8 16 6 18 -1 -1 1111110110000000000000000000000000000000000000000000010000000010002000000200000000000000000000200000002000000002002022202 1
2 0 510505 575046 12 8 14 10 -1 -1 1111110110000000000000000000000000000000000100000000010000000000002000000200000000000000000000200000002000000002002022202 1
1 0 509665 575046 7 17 5 19 -1 -1 1111110110000000000000000000000000000000000100000000010000000000002000000200000000000000000000200000000000000002002222202 1
2 0 509665 574867 9 19 10 18 -1 -1 1111110110000000000000000000000010000000000100000000000000000000002000000200000000000000000000200000000000000002002222202 1
1 0 508687 574867 6 18 4 20 -1 -1 1111110110000000000000000000000010000000000100000000000000000000002000000000000000020000000000200000000000000002002222202 1
2 0 508687 574633 14 14 15 13 -1 -1 1111110110000000000010000000000010000000000000000000000000000000002000000000000000020000000000200000000000000002002222202 1
1 0 508262 574633 2 14 3 15 -1 -1 1111110110000000000010000000000010000000000000000000000000000000002000000000000000020000000000200000000000000002002220222 1
2 0 508262 574400 10 18 14 14 -1 -1 1111100111000000000010000000000010000000000000000000000000000000002000000000000000020000000000200000000000000002002220222 1
1 0 507806 574400 2 10 3 9 -1 -1 1111100111000000000010000000000010000000000000000000000000000000002000000000000000000000000000200000000000000002002222222 1
2 0 507806 574240 9 5 10 6 -1 -1 1110101111000000000010000000000010000000000000000000000000000000002000000000000000000000000000200000000000000002002222222 1
1 0 507398 574240 0 12 2 10 -1 -1 1110101111000000000010000000000010000000000000000000000000000000000000000000020000000000000000200000000000000002002222222 1
2 0 507398 574037 10 6 11 7 -1 -1 0111101111000000000010000000000010000000000000000000000000000000000000000000020000000000000000200000000000000002002222222 1
1 0 507007 574037 5 19 4 18 -1 -1 0111101111000000000010000000000010000000000000000000000000000000000000000000000000000000020000200000000000000002002222222 1
2 0 507007 573880 11 7 12 8 -1 -1 0111101111000000000110000000000000000000000000000000000000000000000000000000000000000000020000200000000000000002002222222 1
1 0 506636 573880 4 20 0 12 -1 -1 0111101111000000000110000000000000000000000000000000000000000000000000000000000000000000000000200000002000000002002222222 1
2 0 506636 573771 11 17 11 15 -1 -1 1111101111000000000100000000000000000000000000000000000000000000000000000000000000000000000000200000002000000002002222222 1
1 0 506399 573771 4 18 4 16 -1 -1 1111101111000000000100000000000000000000000000000000000000000000000000000000000000000000000002000000002000000002002222222 1
2 0 506399 573570 11 15 12 14 -1 -1 1111101111000000001000000000000000000000000000000000000000000000000000000000000000000000000002000000002000000002002222222 1
1 0 506200 573570 4 16 2 14 -1 -1 1111101111000000001000000000000000000000000000000000000000000000000000000000000000000000000000000000002002000002002222222 1
