1322294147000
benny
kingfish
1 0 599914 600000 14 14 12 16 -1 -1 2222222222000000000000000000000000000000000000000000000000000000000000000000000000000000000000000000000000000001111111111 2
2 0 599914 599896 2 14 4 12 -1 -1 2222222222000000000000000000000000000000000000000000000000000000000000000000000000000000000000000000000000100001111110111 2
1 0 599912 599896 16 12 12 12 -1 -1 2222202222000000200000000000000000000000000000000000000000000000000000000000000000000000000000000000000000100001111110111 2
2 0 599912 599895 0 12 4 16 -1 -1 2222202222000000200000000000000000000000000000000000000000000000000000000000000000000000000000000000000010100001111110110 2
1 0 599911 599895 14 12 12 18 -1 -1 0222202222000000202000000000000000000000000000000000000000000000000000000000000000000000000000000000000010100001111110110 2
2 0 599911 599894 3 11 5 13 -1 -1 0222202222000000202000000000000000000000000000000000000000000000000000000000000000000000000000000000000010110001111100110 2
1 0 599911 599894 14 10 12 8 -1 -1 0222202022000000202000000000020000000000000000000000000000000000000000000000000000000000000000000000000010110001111100110 2
2 0 599911 599893 2 12 6 12 -1 -1 0222202022000000202000000000020000000000000000000000000000000000000000000000000000000000000000000000001010110001111000110 2
1 0 599910 599893 13 13 11 11 -1 -1 0222002022000000202000000000020000000000200000000000000000000000000000000000000000000000000000000000001010110001111000110 2
2 0 599910 599889 3 13 7 13 -1 -1 0222002022000000202000000000020000000000200000000000000000000000000000000000000000000000000100000000001010110001101000110 2
1 0 599909 599889 13 9 11 7 -1 -1 0222002002000000202000000000020000000000200000000002000000000000000000000000000000000000000100000000001010110001101000110 2
2 0 599909 599696 4 12 8 12 -1 -1 0222002002000000202000000000020000000000200000000002000000000000000000000000000000000000010100000000001010110000101000110 2
1 0 599908 599696 13 11 11 5 7 15 0222002002000000002000000000020000000000200000000002000000002000000000000000000000000000010100000000001010110000101000110 2
2 0 599908 599695 5 13 9 13 -1 -1 0222002002000000002000000000020000000000200000000002300000002000000000000000000000000000110100000000001010110000001000110 2
1 0 599907 599695 12 18 6 16 -1 -1 0222002002000000002000000000000000000000200000000002300000002000000000200000000000000000110100000000001010110000001000110 2
2 0 599907 593167 4 16 5 15 -1 -1 0222002002000000002000000000000000000000201000000002300000002000000000200000000000000000110100000000001010100000001000110 2
1 0 599905 593167 13 15 11 17 -1 -1 0222002002000000000000000000002000000000201000000002300000002000000000200000000000000000110100000000001010100000001000110 2
2 0 599905 587925 2 10 8 16 -1 -1 0222002002000000000000000000002000000000201000000002300000002000000000200000000000000000110100100000001010100000000000110 2
1 0 599904 587925 12 8 10 6 -1 -1 0220002002000000000000000000002000000000201000000002300000002020000000200000000000000000110100100000001010100000000000110 2
2 0 599904 580514 5 15 9 11 -1 -1 0220002002000000000000000000002000000000201000000002300000002020000000200000010000000000110100100000000010100000000000110 2
1 0 599903 580514 12 16 10 18 -1 -1 0220002002000000000000000000000000000000201000000002300000002020000002200000010000000000110100100000000010100000000000110 2
2 0 599903 574312 6 12 12 14 -1 -1 0220002002000000000000000000000000000000201000000002300000002020000002200000010000010000110100100000000010000000000000110 2
1 0 599902 574312 12 12 10 10 10 8 0220002002000000000000000000000000000000001000000002300000002020000002200000010000010000110100100000000012000000000000110 2
2 0 599902 567015 8 12 10 14 -1 -1 0220002002000000000000000000000000000000001000000002300000002020000002200000013100010000110100100000000002000000000000110 2
1 0 599901 567015 11 5 5 15 -1 -1 0220002002000000000000000000000000000000001000000002300000000020000002200000013102010000110100100000000002000000000000110 2
2 0 599901 558407 7 13 13 15 -1 -1 0220002002000000000000000000001000000000001000000002300000000020000002200000013102010000010100100000000002000000000000110 2
1 0 599900 558407 11 17 9 19 -1 -1 0220002002000000000000000000001000000000001000000000300000000020000002200000013102010000010100100000000002000000002000110 2
2 0 599900 554327 9 11 11 13 -1 -1 0220002002000000000000000000001000000000001000000000300000000020000002200100013102010000010100000000000002000000002000110 2
1 0 599899 554327 11 7 9 9 -1 -1 0220002002000000000000000000001000000000001000000000300000000020000000200100013102010000010120000000000002000000002000110 2
2 0 599899 550812 9 13 13 13 -1 -1 0220002002000000000000000000001000000000001000000000300000000020000010200100013102010000000120000000000002000000002000110 2
1 0 599898 550812 11 11 9 13 -1 -1 0220002002000000000000000000001000000000001000000000300000000020000010000100013102010000000120000000000002000000022000110 2
2 0 599898 548012 1 13 2 14 -1 -1 0220002002000000000000000000001000000000001000000000300000000020000010100100013102010000000020000000000002000000022000110 2
1 0 599898 548012 10 10 8 8 -1 -1 0200022002000000000000000000001000000000001000000000300000000020000010100100013102010000000020000000000002000000022000110 2
2 0 599898 543301 10 14 16 12 -1 -1 0200022002000000000000000000001000000000001000000000300000100020000010100100013002010000000020000000000002000000022000110 2
1 0 599897 543301 10 18 8 20 -1 -1 0200022002000000000000000000001000000000001000000000300000100020000010100100013000010000000020000000000002000000022000112 2
2 0 599897 539097 2 14 6 18 -1 -1 0200022002000000000000000000001000000000001000000000300000100020100010100100013000000000000020000000000002000000022000112 2
1 0 599896 539097 9 9 7 7 -1 -1 0200002002000000000000000000001000000000001200000000300000100020100010100100013000000000000020000000000002000000022000112 2
2 0 599896 532222 12 14 14 12 -1 -1 0200002002000000000000000000001000000000001200001000300000100020100000100100013000000000000020000000000002000000022000112 2
1 0 599896 532222 15 13 13 11 -1 -1 0200002002000000000000000000001000000000001200001000300000100020100000100100013000000000000020000000000000000000022020112 2
2 0 599896 525956 8 16 9 15 -1 -1 0200002002000000000000000000001000000000001200001000300000100020100000100100013000000000000020000000000000000000122020102 2
1 0 599895 525956 9 13 5 13 -1 -1 0200002002000000000000000000001000000000001200001000300000100000100000120100013000000000000020000000000000000000122020102 2
2 0 599895 520752 6 18 14 14 -1 -1 0200002002000000000000000000011000000000001200001000300000100000100000020100013000000000000020000000000000000000122020102 2
1 0 599894 520752 8 8 6 6 -1 -1 0200002002000000000000000000011000000000001000001000300000100000100000020100013000000000000020000000000000000000122022102 2
2 0 599894 516950 3 15 4 16 -1 -1 0200002002000000000000000000011000000100001000001000300000000000100000020100013000000000000020000000000000000000122022102 2
1 0 599894 516950 6 16 4 14 -1 -1 0200002000000000002000000000011000000100001000001000300000000000100000020100013000000000000020000000000000000000122022102 2
2 0 599894 512962 4 16 14 10 -1 -1 0200002000000000012000000000011000000100000000001000300000000000100000020100013000000000000020000000000000000000122022102 2
1 0 599894 512962 15 11 13 9 -1 -1 0200002000000000010000000000011000000100000000001000300000000000100000020100013000000000000020000000000000000000122222102 2
2 0 599894 511505 1 11 2 10 -1 -1 0200002000000000010000000000011000000100000000001000300000000000100000020100013000000000000020000000000000000001122222002 2
1 0 599893 511505 5 13 3 15 -1 -1 0002002000000000010000000000011000000100000000001000300000000000100000020100013000000000000020000000000000000001122222002 2
2 0 599893 509369 2 10 4 8 -1 -1 0002002001000000010000000000001000000100000000001000300000000000100000020100013000000000000020000000000000000001122222002 2
1 0 599892 509369 5 15 3 13 -1 -1 0000002001000020010000000000001000000100000000001000300000000000100000020100013000000000000020000000000000000001122222002 2
2 0 599892 507968 3 9 7 9 -1 -1 0000002011000020010000000000000000000100000000001000300000000000100000020100013000000000000020000000000000000001122222002 2
1 0 599892 507968 4 14 2 12 -1 -1 0000000011000020010000000000000000000100000000001200300000000000100000020100013000000000000020000000000000000001122222002 2
2 0 599892 504801 9 15 10 14 -1 -1 0000100011000020000000000000000000000100000000001200300000000000100000020100013000000000000020000000000000000001122222002 2
1 0 599891 504801 3 15 1 13 -1 -1 0000100011000020000000000000000000000100000000001200300000000000100000000100013002000000000020000000000000000001122222002 2
2 0 599891 502811 7 9 8 10 -1 -1 0010100010000020000000000000000000000100000000001200300000000000100000000100013002000000000020000000000000000001122222002 2
1 0 599890 502811 3 13 1 11 -1 -1 0010100010000020000000000000000000000100000000001000300000020000100000000100013002000000000020000000000000000001122222002 2
2 0 599890 501195 4 8 5 9 -1 -1 0110100000000020000000000000000000000100000000001000300000020000100000000100013002000000000020000000000000000001122222002 2
1 0 599890 501195 13 11 12 10 -1 -1 0110100000000000000000000002000000000100000000001000300000020000100000000100013002000000000020000000000000000001122222002 2
2 0 599890 498012 10 14 12 12 -1 -1 0110100000000000000000000002000000000100000000001000300000020000100000000100013002000000000020000000000100000001022222002 2
1 0 599889 498012 13 9 11 11 -1 -1 0110100000000000000000000002000000000100000000001000300000020000100000000100013000000000000020000000000120000001022222002 2
2 0 599889 495829 11 13 15 13 -1 -1 0110100000000000000000000002000000000100000000001000300000020000100000000100013000000000000120000000000120000000022222002 2
1 0 599888 495829 12 10 10 12 -1 -1 0110100000000000000000000002000000000100000000001000300000020000100000000100013000000000000100000000000120000000022222022 2
2 0 599888 493660 8 10 9 11 -1 -1 0110100000000000000000000002000000000100000000001000300000020000100000000100013010000000000100000000000020000000022222022 2
1 0 599887 493660 11 11 9 13 -1 -1 0110100000000000000000000002000000000100000000001000300000000000100002000100013010000000000100000000000020000000022222022 2
2 0 599887 492490 9 11 13 11 -1 -1 0110100000000000000000000002000000000100000000001000300000000000100002100100013010000000000000000000000020000000022222022 2
1 0 599887 492490 10 12 6 16 -1 -1 0110100000000000000000000002000000000100000000001000300000000000100000100100013010000000000000000000000020000000222222022 2
2 0 599887 491834 5 9 6 10 -1 -1 0110100000000000000000000002000000000100001000001000300000000000100000100100013000000000000000000000000020000000222222022 2
1 0 599887 491834 10 6 9 7 -1 -1 0110100000000000000000000000000000000102001000001000300000000000100000100100013000000000000000000000000020000000222222022 2
2 0 599887 491417 6 10 7 11 -1 -1 0110100000000000000000000000000000000102001000001000300000000000100100100100003000000000000000000000000020000000222222022 2
1 0 599886 491417 9 19 7 21 -1 -1 0110100000000000000000000000000000000100001000001020300000000000100100100100003000000000000000000000000020000000222222022 2
2 0 599886 490740 7 11 8 10 -1 -1 0110100000000000000000000000000000000100001000001020300100000000100100100000003000000000000000000000000020000000222222022 2
1 0 599885 490740 9 13 8 14 -1 -1 0110100000000000000000000000000000000100001000001000300100020000100100100000003000000000000000000000000020000000222222022 2
2 0 599885 490339 8 10 9 11 -1 -1 0110100000000000000000000000000000000100001000001000300100020100100100000000003000000000000000000000000020000000222222022 2
1 0 599885 490339 9 7 8 8 -1 -1 0110100000000000000000000000000000000100001000001000300100000100100102000000003000000000000000000000000020000000222222022 2
2 0 599885 489961 9 11 10 12 -1 -1 0110100000000000000000000000000000000100001000001000300100100100100002000000003000000000000000000000000020000000222222022 2
1 0 599885 489961 8 20 7 19 -1 -1 0110100000000000000000000000000000000100001000001000300100100100100000000000003020000000000000000000000020000000222222022 2
2 0 599885 489181 10 12 11 11 -1 -1 0110100000000000000000000000000000000100001000001000301100100100000000000000003020000000000000000000000020000000222222022 2
1 0 599884 489181 7 21 5 15 -1 -1 0110100000000000000000000000000000000100001000001000301100100100000000000000003000000000000200000000000020000000222222022 2
2 0 599884 488280 12 12 12 10 -1 -1 0110100000000000000000000000001000000100001000001000301000100100000000000000003000000000000200000000000020000000222222022 2
1 0 599883 488280 6 16 4 14 -1 -1 0110100000000000000000000000001000000100001000001000301000100100000000000000003000000000000200000000000200000000222222022 2
2 0 599883 487535 11 11 15 11 -1 -1 0110100000000000010000000000001000000100000000001000301000100100000000000000003000000000000200000000000200000000222222022 2
1 0 599882 487535 8 14 6 16 -1 -1 0110100000000000010000000000001000000100000000001000301000100100000000000000003000000000000000000000000200000000222222222 2
2 0 599882 487305 12 10 13 9 -1 -1 0110100000000000010000000000001000000100001000001000301000100000000000000000003000000000000000000000000200000000222222222 2
