1322290803000
googolhex
kingfish
1 0 599556 600000 13 11 12 10 -1 -1 2222222222000000000000000000000000000000000000000000000000000000000000000000000000000000000000000000000000000001111111111 2
2 0 599556 599905 2 14 4 12 -1 -1 2222222222000000000000000000000000000000000000000000000000000000000000000000000000000000000000000000000100000001011111111 2
1 0 598865 599905 13 15 11 9 -1 -1 2222202222000000200000000000000000000000000000000000000000000000000000000000000000000000000000000000000100000001011111111 2
2 0 598865 599904 0 12 4 16 -1 -1 2222202222000000200000000000000000000000000000000000000000000000000000000000000000000000001000000000000100000001010111111 2
1 0 597837 599904 14 14 10 10 -1 -1 0222202222000000202000000000000000000000000000000000000000000000000000000000000000000000001000000000000100000001010111111 2
2 0 597837 599903 3 11 5 13 -1 -1 0222202222000000202000000000000000000000000000000000000000000000000000000000000100000000001000000000000100000001010110111 2
1 0 595434 599903 16 12 12 12 -1 -1 0222202022000000202000000000020000000000000000000000000000000000000000000000000100000000001000000000000100000001010110111 2
2 0 595434 599901 2 12 6 12 -1 -1 0222202022000000202000000000020000000000000000000000000000000000000000000000000100000000001000000000000110000001010110110 2
1 0 591201 599901 15 13 11 13 -1 -1 0222002022000000202000000000020000000000200000000000000000000000000000000000000100000000001000000000000110000001010110110 2
2 0 591201 599900 3 13 7 13 -1 -1 0222002022000000202000000000020000000000200000000000000000000000000000000000000100000000001010000000000110000001010110100 2
1 0 583922 599900 14 12 10 8 -1 -1 0222002002000000202000000000020000000000200000000002000000000000000000000000000100000000001010000000000110000001010110100 2
2 0 583922 599725 4 12 8 12 -1 -1 0222002002000000202000000000020000000000200000000002000000000000000000000000001100000000001010000000000110000001010100100 2
1 0 577592 599725 13 13 9 9 -1 -1 0222002002000000002000000000020000000000200000000002000000002000000000000000001100000000001010000000000110000001010100100 2
2 0 577592 593737 3 9 4 10 -1 -1 0222002002000000002000000000020000000000200000000002000000002000000010000000001100000000001010000000000110000001000100100 2
1 0 571981 593737 12 12 12 8 -1 -1 0222000002000002002000000000020000000000200000000002000000002000000010000000001100000000001010000000000110000001000100100 2
2 0 571981 590902 1 11 5 15 -1 -1 0222000002000002002000000000020000000000200000000002000000002000000010000000001100000000001010000000001100000001000100100 2
1 0 569111 590902 11 13 10 12 -1 -1 0022000002000002002000000000022000000000200000000002000000002000000010000000001100000000001010000000001100000001000100100 2
2 0 569111 584819 5 13 11 11 -1 -1 0022000002000002002000000000022000000000200000000002000000002000000010000000001110000000001000000000001100000001000100100 2
1 0 567819 584819 9 9 8 8 -1 -1 0022000002000002002000000000002000000000200000000002000000002000000010000000001110000000001200000000001100000001000100100 2
2 0 567819 581305 3 15 7 11 -1 -1 0022000002000002002000000000002000000000200000000002000000102000000000000000001110000000001200000000001100000001000100100 2
1 0 566587 581305 13 9 9 9 -1 -1 0022000000000002002000000000002000000000200000000022000000102000000000000000001110000000001200000000001100000001000100100 2
2 0 566587 576410 11 11 13 9 -1 -1 0022000000000002002000000000002000000000200000000022000000102000000010000000001110000000001200000000001100000000000100100 2
1 0 564986 576410 14 10 13 11 -1 -1 0022000000000002002000000000002000000000200000000022000000102000000010000000001110000000001000000000001100000002000100100 2
2 0 564986 571317 4 16 6 14 -1 -1 0022000000000002002000000000002000000000200000000022000000102000000010000000001110000000001000000000001100000002100000100 2
1 0 562714 571317 15 11 14 10 -1 -1 0022000000000002000000000000002000000000220000000022000000102000000010000000001110000000001000000000001100000002100000100 2
2 0 562714 567188 2 10 3 9 -1 -1 0022000000000002000000000000002000000000220000000022000000102000000010000000001110000000001000000000001100000002100100000 2
1 0 561117 567188 11 9 9 11 -1 -1 0020002000000002000000000000002000000000220000000022000000102000000010000000001110000000001000000000001100000002100100000 2
2 0 561117 561954 7 13 11 9 -1 -1 0020002000000002000000000000002000000000220000000022000000102000000011000000001110000000000000000000001100000002100100000 2
1 0 553354 561954 10 12 8 10 -1 -1 0020002000000002000000000000002000000000220000000020000000102000000011000000001110000000002000000000001100000002100100000 2
2 0 553354 558924 3 9 7 13 -1 -1 0020002000000002000000000000002000000000220000000020000000112000000011000000001100000000002000000000001100000002100100000 2
1 0 550200 558924 14 10 12 12 -1 -1 0020000000000002000000000000002000000000220000000022000000112000000011000000001100000000002000000000001100000002100100000 2
2 0 550200 554962 1 13 2 12 -1 -1 0020000000000002000000000000002000000000220000000022000000112000000011000000001100000000002000000000001110000002100000000 2
1 0 545752 554962 9 11 7 9 -1 -1 0000200000000002000000000000002000000000220000000022000000112000000011000000001100000000002000000000001110000002100000000 2
2 0 545752 551019 8 12 9 13 -1 -1 0000200000000002000000000000002000000000220000000122000000112000000010000000001100000000002000000000001110000002100000000 2
1 0 538305 551019 12 12 11 11 -1 -1 0000200000000002000000000000002000000000220000000122000000110000000010200000001100000000002000000000001110000002100000000 2
2 0 538305 547625 6 14 10 14 -1 -1 0000200000000002000000000000002000000000220000000122000000110000000010200000001100000000002100000000001100000002100000000 2
1 0 529344 547625 12 10 10 12 -1 -1 0000200000000002000000000000002000000000200000000122000000110000000010200000001102000000002100000000001100000002100000000 2
2 0 529344 543031 6 12 8 14 -1 -1 0000200000000002000000000000002000000000200000000122000000110000000010200000001112000000002100000000001000000002100000000 2
1 0 519916 543031 10 12 9 11 -1 -1 0000200000000002000000000000002000000000000000000122000000110200000010200000001112000000002100000000001000000002100000000 2
2 0 519916 536925 7 13 11 13 -1 -1 0000200000000002000000000000002000000000000000000122000000110200000011200000001102000000002100000000001000000002100000000 2
1 0 508323 536925 10 10 6 10 -1 -1 0000200000000002000000000000002000000000000000000120000000110200000011200000001102000000002120000000001000000002100000000 2
2 0 508323 529428 8 14 12 14 -1 -1 0000200000000002000000000000002000000001000000000120000000110200000011200000001002000000002120000000001000000002100000000 2
1 0 498748 529428 13 11 14 10 -1 -1 0000200000000002000000000000002000000001000000000120000000110000000011200000001002000000002120000000001002000002100000000 2
2 0 498748 523817 9 13 13 13 -1 -1 0000200000000002000000000000002000000001000000000120000000110000000011200000001002000000002120000000001002000002000100000 2
1 0 491239 523817 6 10 5 11 -1 -1 0000200000000002000000000000002000000001000000000120000000110000000011000000001002000000002120000000001002000002020100000 2
2 0 491239 517747 7 11 8 12 -1 -1 0000200000000002000000000000102000000000000000000120000000110000000011000000001002000000002120000000001002000002020100000 2
1 0 483422 517747 8 8 4 12 -1 -1 0000200000000002000000000000102000000000000000000100000000112000000011000000001002000000002120000000001002000002020100000 2
2 0 483422 512348 8 12 10 10 -1 -1 0000200000000002100000000000102000000000000000000100000000012000000011000000001002000000002120000000001002000002020100000 2
1 0 478102 512348 14 10 13 11 -1 -1 0000200000000002100000000000102000000000000000000100000000010000000011000000001202000000002120000000001002000002020100000 2
2 0 478102 505757 10 14 14 14 -1 -1 0000200000000002100000000000102000000000000000000100000000010000000011000000001202000000002120000000001002000002120000000 2
1 0 471074 505757 13 11 12 10 -1 -1 0000200000000002100000000000102000000000000000000100000000010000000011000000001200000000002120000000001002000002120002000 2
2 0 471074 500004 11 9 13 11 -1 -1 0000200000000002100000000000102000000000000000000100000000010000000011000000001200000000002120000000001102000002020002000 2
1 0 465214 500004 12 10 11 9 -1 -1 0000200000000002100000000000102000000000000000000100000000010000000011000000001200000000000120000000001102000002220002000 2
2 0 465214 493135 11 13 15 13 -1 -1 0000200000000002100000000000102000000000000000000100000000010000000011000000001200000000001120000000001002000002220002000 2
1 0 465213 493135 5 11 1 11 -1 -1 0000200000000002100000000000102000000000000000000100000000010000000011000000001200000000001100000000001002000002220002020 2
2 0 465213 488934 2 12 3 11 -1 -1 0100200000000002100000000000002000000000000000000100000000010000000011000000001200000000001100000000001002000002220002020 2
1 0 465213 488934 4 12 0 12 10 14 0100000200000002100000000000002000000000000000000100000000010000000011000000001200000000001100000000001002000002220002020 2
2 0 465213 484452 3 11 5 9 -1 -1 1100000200000002000000000000002000000000000000000100000000010000000011000000001203000000001100000000001002000002220002020 2
1 0 465212 484452 11 9 9 15 -1 -1 1100000000000002000000000002002000000000000000000100000000010000000011000000001203000000001100000000001002000002220002020 2
2 0 465212 477040 12 14 14 12 -1 -1 1100000000000002000000000002002000000000000000000100000000010000000011010000001203000000000100000000001002000002220002020 2
1 0 465212 477040 10 8 8 14 -1 -1 1100000000000002000000000002002000000000000000000100000000010000000011010000001203000000000100000000001000000002220022020 2
2 0 465212 473801 4 10 6 8 -1 -1 1100000000000002000000000002002000000000000000000100000000010100000011010000000203000000000100000000001000000002220022020 2
1 0 465211 473801 9 9 7 11 -1 -1 1100000000000000000000000002002000000020000000000100000000010100000011010000000203000000000100000000001000000002220022020 2
2 0 465211 469487 10 10 14 10 -1 -1 1100000000000000000000000002002000000020000000000110000000010100000001010000000203000000000100000000001000000002220022020 2
1 0 465211 469487 7 9 3 9 4 8 1100000000000000000000000002002000000020000000000110000000010100000001010000000003000000000100000000001000000002220222020 2
2 0 465211 466093 5 9 7 7 -1 -1 1100001000000030000000000002002000000020000000000010000000010100000001010000000003000000000100000000001000000002220222020 2
1 0 465210 466093 9 11 5 7 -1 -1 1100001000000030000000000000002000000020000000002010000000010100000001010000000003000000000100000000001000000002220222020 2
2 0 465210 463896 6 8 8 6 -1 -1 1100001000000030000000000010002000000020000000002010000000010100000000010000000003000000000100000000001000000002220222020 2
1 0 465209 463896 9 15 7 5 -1 -1 1100001000000030000000000010002000000000000000002010000002010100000000010000000003000000000100000000001000000002220222020 2
2 0 465209 461713 5 15 6 16 -1 -1 1100001000000030000000000010002000000000000000012010000002010100000000000000000003000000000100000000001000000002220222020 2
1 0 465209 461713 8 10 6 12 -1 -1 1100001000000030000000000010000000000000002000012010000002010100000000000000000003000000000100000000001000000002220222020 2
2 0 465209 459609 6 16 7 15 -1 -1 1100001000000030000000000010000000000000102000012010000002000100000000000000000003000000000100000000001000000002220222020 2
1 0 465208 459609 8 14 6 16 -1 -1 1100001000000030000000000010000000000000100000012010200002000100000000000000000003000000000100000000001000000002220222020 2
2 0 465208 458250 7 7 9 5 -1 -1 1100001000000030000000000010000000000000101000012010200002000000000000000000000003000000000100000000001000000002220222020 2
1 0 465207 458250 7 11 5 13 -1 -1 1100001000000030000000000010000000000000101000010010200002000000002000000000000003000000000100000000001000000002220222020 2
2 0 465207 456866 8 6 10 4 -1 -1 1100001000000030000000000010010000000000101000010000200002000000002000000000000003000000000100000000001000000002220222020 2
1 0 465206 456866 6 12 4 14 -1 -1 1100001000000030000000000010010000000000101000010000200000000000002000000000200003000000000100000000001000000002220222020 2
2 0 465206 455866 7 15 8 14 -1 -1 1100001000000030010000000010010000000000001000010000200000000000002000000000200003000000000100000000001000000002220222020 2
1 0 465206 455866 5 13 3 15 -1 -1 1100001000000030010000000010010000000000001000010000000000000200002000000000200003000000000100000000001000000002220222020 2
2 0 465206 454599 8 14 9 15 -1 -1 1100001001000030010000000010000000000000001000010000000000000200002000000000200003000000000100000000001000000002220222020 2
1 0 465205 454599 12 8 11 9 -1 -1 1100001001000030010000000010000000000000001000010000000000000000002000020000200003000000000100000000001000000002220222020 2
2 0 465205 453114 9 15 11 13 -1 -1 1100001001000030010000000010000000000000001000010000000000000000002000020000200003000000001100000000000000000002220222020 2
1 0 465205 453114 11 11 9 13 -1 -1 1100001001000030010000000010000000000000001000010000000000000000002000000000200003000000001120000000000000000002220222020 2
2 0 465205 451889 9 5 11 3 -1 -1 1100001001000030010000000010000000000000001000010000000000000000002000100000200003000000001020000000000000000002220222020 2
1 0 465205 451889 11 9 10 8 -1 -1 1100001001000030010000000010000000000000001000010000000000000000000000100000200003000002001020000000000000000002220222020 2
2 0 465205 450354 10 4 12 2 -1 -1 1100001001000030010000000010000000000000001000010000000000000000000000100000201003000002000020000000000000000002220222020 2
1 0 465205 450354 10 8 9 9 -1 -1 1100001001000030010000000010000000000000001000010000000000000000000000100000001003000002000020000002000000000002220222020 2
2 0 465205 449379 11 3 12 4 -1 -1 1100001001000030010000000010000000000000001000010000000000000000000010100000000003000002000020000002000000000002220222020 2
1 0 465205 449379 9 9 8 8 -1 -1 1100001001000030010000000010000000000000001000010000000000000000000010100000000003000000000020000002200000000002220222020 2
2 0 465205 448511 11 13 12 14 -1 -1 1100001001000030010000000010000000000000001000010000000000100000000000100000000003000000000020000002200000000002220222020 2
1 0 465204 448511 9 13 8 12 -1 -1 1100001001000030010000000010000000000000001000010000000000100000000000100000000003000000000000000002200002000002220222020 2
2 0 465204 447592 12 2 12 6 -1 -1 1100001001000030010000000010000000000000001000010000000000101000000000000000000003000000000000000002200002000002220222020 2
1 0 465204 447592 8 12 7 13 -1 -1 1100001001000030010000000010000000000000001000010000000000101000000000000000000003000000000000000000220002000002220222020 2
2 0 465204 446030 12 14 13 15 -1 -1 1100001001000030010000000010000000000000001000010001000000100000000000000000000003000000000000000000220002000002220222020 2
1 0 465203 446030 8 8 7 7 -1 -1 1100001001000030010000000010000000000000001000010001000000100000000000000000000003000000000000000000220000000002222222020 2
2 0 465203 444978 14 10 15 11 -1 -1 1100001001000030010000000010000000000000001000011001000000000000000000000000000003000000000000000000220000000002222222020 2
1 0 465203 444978 7 5 6 6 -1 -1 1100001001000030010000000010000000000000001000011001000000000000000000000000000003000000000000000000220000000002222022220 2
2 0 465203 444476 12 4 16 12 -1 -1 1100001001000030010000000010000000000100001000001001000000000000000000000000000003000000000000000000220000000002222022220 2
1 0 465203 444476 7 7 5 9 -1 -1 1100001001000030010000000010000000000100001000001001000000000000000000000000000003000000000000000000020000000002222022222 2
2 0 465203 444146 12 6 12 8 -1 -1 1100001001000030010000000011000000000100001000000001000000000000000000000000000003000000000000000000020000000002222022222 2
1 0 465203 444146 7 13 6 12 -1 -1 1100001001000030010000000011000000000100001000000001000000000000000000000000000003000000000000000000002000000002222022222 2
2 0 465203 443807 12 8 14 10 -1 -1 1100001001000030010000000011000000000100101000000000000000000000000000000000000003000000000000000000002000000002222022222 2
