1322286385000
kingfish
benny
1 0 599821 600000 14 10 12 12 -1 -1 2222222222000000000000000000000000000000000000000000000000000000000000000000000000000000000000000000000000000001111111111 1
2 0 599821 599997 2 10 4 8 -1 -1 2222222222000000000000000000000000000000000000000000000000000000000000000000000000000000000000000000000010000001111011111 1
1 0 599820 599997 16 12 12 8 -1 -1 2220222222000020000000000000000000000000000000000000000000000000000000000000000000000000000000000000000010000001111011111 1
2 0 599820 599996 0 12 4 12 -1 -1 2220222222000020000000000000000000000000000000000000000000000000000000000000000000000000000000000000001010000001111011110 1
1 0 599819 599996 13 13 11 11 -1 -1 0220222222000020200000000000000000000000000000000000000000000000000000000000000000000000000000000000001010000001111011110 1
2 0 599819 599995 3 11 7 11 6 12 0220222222000020200000000000000000000000000000000000000000000000000000000000000000000000000100000000001010000001101011110 1
1 0 599818 599995 14 12 10 12 -1 -1 0220222022000020200000000000000000000000300000000020000000000000000000000000000000000000000100000000001010000001101011110 1
2 0 599818 599994 3 13 7 9 -1 -1 0220222022000020200000000000000000000000300000000020000000000000000000000000000010000000000100000000001010000001101001110 1
1 0 599818 599994 13 11 9 11 -1 -1 0220222002000020200000000000000000000000300000000220000000000000000000000000000010000000000100000000001010000001101001110 1
2 0 599818 599993 1 11 7 13 -1 -1 0220222002000020200000000000000000000000300000000220000000000000000001000000000010000000000100000000001010000001001001110 1
1 0 598320 599993 12 12 12 14 -1 -1 0020222002000020200000000000000000000000300000000222000000000000000001000000000010000000000100000000001010000001001001110 1
2 0 598320 599992 1 13 5 13 -1 -1 0020222002000020200000000000000000000000300000000222000000000000000001000000000010000000000100000000001001000001001001110 1
1 0 590876 599992 14 14 6 14 -1 -1 0000222002000020200000000000020000000000300000000222000000000000000001000000000010000000000100000000001001000001001001110 1
2 0 590876 599991 5 13 7 15 -1 -1 0000222002000020200000000000020000000000310000000222000000000000000001000000000010000000000100000000001001000001001000110 1
1 0 588188 599991 12 8 6 10 -1 -1 0000222002000020200000000000000000000000310000000222200000000000000001000000000010000000000100000000001001000001001000110 1
2 0 588188 599990 3 9 5 7 -1 -1 0000222002000020200000000000000000000001310000000222200000000000000001000000000010000000000100000000000001000001001000110 1
1 0 583811 599990 11 11 9 13 -1 -1 0000220002000020200000000020000000000001310000000222200000000000000001000000000010000000000100000000000001000001001000110 1
2 0 583811 599989 4 8 6 6 -1 -1 0000220002000020200000000020000000000001310000000222200000000000000001100000000010000000000000000000000001000001001000110 1
1 0 581478 599989 10 12 4 6 -1 -1 0000220002000000200000000020000000000201310000000222200000000000000001100000000010000000000000000000000001000001001000110 1
2 0 581478 599988 5 7 7 5 -1 -1 0000220002000100200000000020000000000201310000000222200000000000000001100000000000000000000000000000000001000001001000110 1
1 0 580164 599988 13 15 11 13 -1 -1 0000220002000100200000000000000000000201310000020222200000000000000001100000000000000000000000000000000001000001001000110 1
2 0 580164 599987 6 6 8 4 5 11 0000220002000100200000000000000000000201310000020222200000000000000001100000000000000000000010000000000001000001000000110 1
1 0 577628 599987 12 14 6 16 -1 -1 0000220002000100200000000000300000000001310000020222200020000000000001100000000000000000000010000000000001000001000000110 1
2 0 577628 599986 7 11 9 5 -1 -1 0000220002000100200000000000300000000001311000020222200020000000000001100000000000000000000010000000000000000001000000110 1
1 0 575558 599986 6 16 5 15 -1 -1 0000220002000100200000000000300000000001311000020202200020000000002001100000000000000000000010000000000000000001000000110 1
2 0 575558 599985 3 15 7 11 -1 -1 0000220002000100200000000000301000000001310000020202200020000000002001100000000000000000000010000000000000000001000000110 1
1 0 574397 599985 11 13 10 12 -1 -1 0000220000000100200000000000301000000001310000020222200020000000002001100000000000000000000010000000000000000001000000110 1
2 0 574397 599984 8 4 10 6 -1 -1 0000220000000100200000000000301000000001310000020222200020000000002001100000000010000000000000000000000000000001000000110 1
1 0 571759 599984 10 12 4 14 -1 -1 0000220000000100200000000000301000000001310000020222200000000000002001100000020010000000000000000000000000000001000000110 1
2 0 571759 599983 9 5 11 7 -1 -1 0000220000000100210000000000301000000001310000020222200000000000002001100000020000000000000000000000000000000001000000110 1
1 0 570296 599983 6 14 4 16 -1 -1 0000220000000100210000000000301000000001310000020222200000000000000001100000020000000000020000000000000000000001000000110 1
2 0 570296 599982 10 6 16 12 -1 -1 0000220000000100211000000000301000000001300000020222200000000000000001100000020000000000020000000000000000000001000000110 1
1 0 569915 599982 5 15 1 11 -1 -1 0000220000000100211000000000301000000001300000020222200000000000000001100000000000000000020000000000000000000001000000112 1
2 0 569915 599981 11 7 12 8 -1 -1 0100220000000100211000000000300000000001300000020222200000000000000001100000000000000000020000000000000000000001000000112 1
1 0 569181 599981 13 9 11 7 -1 -1 0100220000000100211000000000300000000001300000020222200000000000000001100000000000000000000000000000002000000001000000112 1
2 0 569181 599980 12 8 13 9 -1 -1 0100220000000100211000000000300000000001300000020222200000000000000001100000000000000000010000000000002000000000000000112 1
1 0 568770 599980 4 14 3 13 -1 -1 0100220000000100211000000000300000000001300000020222200000000000000001100000000000000000010000000000000000000002000000112 1
2 0 568770 599979 2 12 4 10 -1 -1 0100220010000100201000000000300000000001300000020222200000000000000001100000000000000000010000000000000000000002000000112 1
1 0 568080 599979 4 16 3 15 -1 -1 0100020010000102201000000000300000000001300000020222200000000000000001100000000000000000010000000000000000000002000000112 1
2 0 568080 599978 2 14 4 16 -1 -1 0100020011000102200000000000300000000001300000020222200000000000000001100000000000000000010000000000000000000002000000112 1
1 0 566184 599978 9 13 8 12 -1 -1 0100000011000102202000000000300000000001300000020222200000000000000001100000000000000000010000000000000000000002000000112 1
2 0 566184 599977 7 11 9 13 -1 -1 0100000011000102202000000000300000000001300000020222200000001000000001000000000000000000010000000000000000000002000000112 1
1 0 564374 599977 15 11 14 12 -1 -1 0100000011000102202000000000300000000001300000020202200000001000000001200000000000000000010000000000000000000002000000112 1
2 0 564374 599976 13 9 14 10 -1 -1 0100000011000102202000000000300000000001300000020202200000001000000001200000000000000000010000000000000000000002000010012 1
1 0 562776 599976 15 13 13 11 -1 -1 0100000011000102202000000000300000000001300000020202200000001000000001200000000000000000010000000000000000000000000210012 1
2 0 562776 599975 14 10 15 11 -1 -1 0100000011000102202000000000300000000001300000020202200000001000000001200000000000000000010000000000000000000000100210002 1
1 0 560766 599975 14 12 12 10 -1 -1 0100000011000102202000000000300000000001300000020202200000001000000001200000000000000000010000000000000000000000100010202 1
2 0 560766 599974 9 13 10 14 -1 -1 0100000011000102202000000000300000000001300000020202200000001000000001200000000000000000010000000000000100000000100000202 1
1 0 555351 599974 9 11 9 13 -1 -1 0100000011000102202000000000300000000001300000020202200000001000000001000000000002000000010000000000000100000000100000202 1
2 0 555351 599973 7 13 11 13 -1 -1 0100000011000102202000000000300000000001300000020202200000001000000000100000000002000000010000000000000100000000100000202 1
1 0 552461 599973 9 13 3 11 -1 -1 0100000011000102202000000000300000000001300000020200200000001000000000100000000002000000010020000000000100000000100000202 1
2 0 552461 599972 10 14 14 10 -1 -1 0100000111000102202000000000300000000001300000020200200000001000000000000000000002000000010020000000000100000000100000202 1
1 0 551096 599972 13 11 11 9 -1 -1 0100000111000102202000000000300000000001300000020200200000001000000000000000000000000000010020000000000100000000100200202 1
2 0 551096 599972 11 13 12 12 -1 -1 0100000111000102202000000000300000000001300000020200200000001000000000000000000000000000011020000000000100000000000200202 1
1 0 549410 599972 12 10 10 8 -1 -1 0100000111000102202000000000300000000001300000020200200000001000000000000000000000000000011000000000000120000000000200202 1
2 0 549410 599971 12 12 13 11 -1 -1 0100000111000102202000000000300000000001300000020200200000001000000000000000001000000000011000000000000020000000000200202 1
1 0 548418 599971 11 7 9 9 -1 -1 0100000111000102202000000000300000000001300000020200200000001000000000000000001000000000011000000000000000000000200200202 1
2 0 548418 599970 13 11 14 12 -1 -1 0100000111000102202000000000300000000001300000020200200000001000000010000000001000000000001000000000000000000000200200202 1
1 0 546595 599970 11 9 7 13 -1 -1 0100000111000102202000000000300000000001300000020200200000001000000010000000001000000000001000000000000000000000000220202 1
2 0 546595 599969 7 15 9 13 -1 -1 0100000111000102202000000000300000000001300000020201200000001000000010000000001000000000000000000000000000000000000220202 1
1 0 544537 599969 10 8 6 8 -1 -1 0100000111000102202000000000300000000001300000020201000000001000000010200000001000000000000000000000000000000000000220202 1
2 0 544537 599968 14 12 15 13 -1 -1 0100000111000102202000000000300000000011300000020201000000001000000010200000000000000000000000000000000000000000000220202 1
1 0 543295 599968 8 12 6 14 -1 -1 0100000111000102202000000000300000000011300000020201000000001000000010200000000000000000000000000000000000000000000200222 1
2 0 543295 599967 9 13 10 14 -1 -1 0100000111000102202000000000300000000011310000020201000000000000000010200000000000000000000000000000000000000000000200222 1
1 0 542311 599967 7 13 5 15 -1 -1 0100000111000102202000000000300000000011310000020201000000000000000010000000000002000000000000000000000000000000000200222 1
2 0 542311 599966 4 10 6 16 -1 -1 0100000111000102202000000000301000000011310000020200000000000000000010000000000002000000000000000000000000000000000200222 1
1 0 541508 599966 5 15 4 14 -1 -1 0100000111000100202000000000301000000011312000020200000000000000000010000000000002000000000000000000000000000000000200222 1
2 0 541508 599965 10 14 11 15 -1 -1 0100000111000100212000000000300000000011312000020200000000000000000010000000000002000000000000000000000000000000000200222 1
1 0 540239 599965 4 14 2 12 -1 -1 0100000111000100212000000000300000000011312000020200000000000000000010000000000000000000000002000000000000000000000200222 1
2 0 540239 599964 11 15 12 14 -1 -1 0100100111000100202000000000300000000011312000020200000000000000000010000000000000000000000002000000000000000000000200222 1
1 0 538751 599964 4 6 4 8 -1 -1 0100100111000100202000000000300000000011312000020200000000000000000010000000000000000000000000000000000002000000000200222 1
2 0 538751 599964 12 14 13 13 -1 -1 0100100111000010202000000000300000000011312000020200000000000000000010000000000000000000000000000000000002000000000200222 1
1 0 538212 599964 4 8 3 9 -1 -1 0100100111000010202000000000300000000011312000020200000000000000000010000000000000000000000000000000000000000000020200222 1
2 0 538212 599963 13 13 14 14 -1 -1 0100101111000000202000000000300000000011312000020200000000000000000010000000000000000000000000000000000000000000020200222 1
1 0 537463 599963 6 8 5 9 -1 -1 0100101111000000202000000000300000000011312000020200000000000000000010000000000000000000000000000000000000000000000202222 1
2 0 537463 599962 7 5 8 6 -1 -1 0100101111000000202000000001300000000001312000020200000000000000000010000000000000000000000000000000000000000000000202222 1
1 0 536872 599962 6 10 2 14 -1 -1 0100101111000000202000000001300000000001312000000200000002000000000010000000000000000000000000000000000000000000000202222 1
2 0 536872 599961 4 12 10 10 -1 -1 0100111111000000202000000001300000000000312000000200000002000000000010000000000000000000000000000000000000000000000202222 1
1 0 536165 599961 6 14 0 12 -1 -1 0100111111000000002000000001300000000000312000000200000002000000000010000000000200000000000000000000000000000000000202222 1
2 0 536165 599961 10 10 11 9 -1 -1 1100111111000000002000000001300000000000302000000200000002000000000010000000000200000000000000000000000000000000000202222 1
1 0 535362 599961 5 9 4 8 -1 -1 1100111111000000002000000001300000000000302000000200000002000000000010000000000000000000002000000000000000000000000202222 1
2 0 535362 599960 11 9 12 10 -1 -1 1100111111000010002000000000300000000000302000000200000002000000000010000000000000000000002000000000000000000000000202222 1
1 0 534544 599960 4 8 2 10 -1 -1 1100111111000010002000000000300000000000302000000200000002000000000010000000000000000000000000000000000200000000000202222 1
2 0 534544 599959 12 10 13 11 -1 -1 1101111111000000002000000000300000000000302000000200000002000000000010000000000000000000000000000000000200000000000202222 1
1 0 534294 599959 9 9 8 10 -1 -1 1101111111000000002000000000300000000000302000000200000002000000000010000000000000000000000000000000000000000000200202222 1
2 0 534294 599959 7 9 9 11 -1 -1 1101111111000000002000000000300000000000302000000200000002010000000000000000000000000000000000000000000000000000200202222 1
1 0 534124 599959 8 10 7 11 -1 -1 1101111111000000002000000000300000000000302000000000000002010000000002000000000000000000000000000000000000000000200202222 1
2 0 534124 599958 13 11 14 12 -1 -1 1101111111000000002000000000300000000000302000000010000002000000000002000000000000000000000000000000000000000000200202222 1
1 0 533945 599958 3 11 4 12 -1 -1 1101111111000000002000000000300000000000302000000010000002000000000002000000000000000000000000000000000000000000000222222 1
2 0 533945 599957 9 11 10 12 -1 -1 1101111011000000102000000000300000000000302000000010000002000000000002000000000000000000000000000000000000000000000222222 1
1 0 533732 599957 7 11 1 13 -1 -1 1101111011000000102000000000300000000000302000000010000002000000000000000000000020000000000000000000000000000000000222222 1
2 0 533732 599956 10 12 11 11 -1 -1 1111111011000000102000000000300000000000302000000000000002000000000000000000000020000000000000000000000000000000000222222 1
1 0 533571 599956 4 12 3 11 -1 -1 1111111011000000102000000000300000000000302000000000000002000000000000000000000000000000000200000000000000000000000222222 1
