1322287644000
progamers
kingfish
1 0 599403 600000 13 9 12 10 -1 -1 2222222222000000000000000000000000000000000000000000000000000000000000000000000000000000000000000000000000000001111111111 1
2 0 599403 599908 2 14 4 12 -1 -1 2222222222000000000000000000000000000000000000000000000000000000000000000000000000000000000000000000000100000000111111111 1
1 0 598380 599908 15 11 11 11 -1 -1 2222202222000000200000000000000000000000000000000000000000000000000000000000000000000000000000000000000100000000111111111 1
2 0 598380 599907 0 12 4 16 -1 -1 2222202222000000200000000000000000000000000000000000000000000000000000000000000000000000000100000000000100000000111111011 1
1 0 595535 599907 13 11 11 13 -1 -1 0222202222000000202000000000000000000000000000000000000000000000000000000000000000000000000100000000000100000000111111011 1
2 0 595535 599906 3 11 5 13 -1 -1 0222202222000000202000000000000000000000000000000000000000000000000000000000000000000000000110000000000100000000011111011 1
1 0 595392 599906 14 14 10 10 -1 -1 0222202022000000202000000000020000000000000000000000000000000000000000000000000000000000000110000000000100000000011111011 1
2 0 595392 599905 2 12 6 12 -1 -1 0222202022000000202000000000020000000000000000000000000000000000000000000000000100000000000110000000000100000000011110011 1
1 0 595061 599905 16 12 10 14 -1 -1 0222002022000000202000000000020000000000200000000000000000000000000000000000000100000000000110000000000100000000011110011 1
2 0 595061 599904 3 13 7 13 -1 -1 0222002022000000202000000000020000000000200000000000000000000000000000000000000101000000000110000000000100000000011110010 1
1 0 594602 599904 15 13 9 11 -1 -1 0222002002000000202000000000020000000000200000000002000000000000000000000000000101000000000110000000000100000000011110010 1
2 0 594602 595109 4 12 8 12 -1 -1 0222002002000000202000000000020000000000200000000002000000000000000001000000000101000000000110000000000100000000011110000 1
1 0 594235 595109 12 10 8 14 -1 -1 0222002002000000002000000000020000000000200000000002000000002000000001000000000101000000000110000000000100000000011110000 1
2 0 594235 586022 5 13 9 13 -1 -1 0222002002000000002000000000020000000000200000000002000000002100000001000000000101000000000110000000000000000000011110000 1
1 0 593837 586022 14 12 8 10 -1 -1 0222002002000000002000000000000000000000200000000002000000002100000001200000000101000000000110000000000000000000011110000 1
2 0 593837 582283 6 12 7 11 -1 -1 0222002002000000002000000000000000000000200000000002000000012100000001200000000101000000000110000000000000000000011100000 1
1 0 593620 582283 14 10 14 12 -1 -1 0222002002000000002000000000000000000000000000000022000000012100000001200000000101000000000110000000000000000000011100000 1
2 0 593620 579824 9 13 10 12 -1 -1 0222002002000000002000000000000000000000000000000022000000012100000001200000000101000000000110000000000000000000011010000 1
1 0 593436 579824 14 12 12 14 -1 -1 0222002002000000002000000000000000000000000000000022000000012100000001000000000121000000000110000000000000000000011010000 1
2 0 593436 578385 3 9 4 10 -1 -1 0222002002000000002000000000000000000000000000000022000000012100000001000000000121000000000110000000000001000000011000000 1
1 0 593371 578385 13 13 9 13 -1 -1 0222000002000002002000000000000000000000000000000022000000012100000001000000000121000000000110000000000001000000011000000 1
2 0 593371 578224 1 11 5 11 -1 -1 0222000002000002002000000000000000000000000000000022000000012100000001100000000121000000000110000000000001000000001000000 1
1 0 593263 578224 11 13 9 15 -1 -1 0022000002000002002000000000200000000000000000000022000000012100000001100000000121000000000110000000000001000000001000000 1
2 0 593263 577647 4 10 6 12 -1 -1 0022000002000002002000000000200000000000000000000022000000012100000001110000000121000000000100000000000001000000001000000 1
1 0 593119 577647 9 13 7 15 -1 -1 0022000002000000002000000000200000000000200000000022000000012100000001110000000121000000000100000000000001000000001000000 1
2 0 593119 568453 6 12 6 14 -1 -1 0022000002000000002000000000200000000000200000000022100000012100000001010000000121000000000100000000000001000000001000000 1
1 0 592971 568453 7 15 5 9 -1 -1 0022000002000000002000000000200000000000020000000022100000012100000001010000000121000000000100000000000001000000001000000 1
2 0 592971 563560 7 11 13 13 -1 -1 0022000002000000002000000001200000000000020000000022000000012100000001010000000121000000000100000000000001000000001000000 1
1 0 592755 563560 13 15 11 9 -1 -1 0022000002000000002000000001200000000000020000000002000000012100000001010000000121000000000100000000000001000000021000000 1
2 0 592755 558227 5 11 5 13 -1 -1 0022000002000000002000000001200000000000020000000002000000012100000001010000000121000000001100000000000001000000020000000 1
1 0 592480 558227 11 11 7 15 -1 -1 0022000002000000002000000001020000000000020000000002000000012100000001010000000121000000001100000000000001000000020000000 1
2 0 592480 556879 5 13 6 12 -1 -1 0022000002000000002000000001020000000000020000000002100000012100000001010000000121000000001000000000000001000000020000000 1
1 0 592359 556879 12 14 11 15 -1 -1 0022000002000000002000000001000000000000220000000002100000012100000001010000000121000000001000000000000001000000020000000 1
2 0 592359 551027 6 12 7 11 -1 -1 0022000002000000002000000001000000000000220000000002100000012100000001010000000121000000001001000000000000000000020000000 1
1 0 592261 551027 7 15 5 13 -1 -1 0022000002000000002000000001000000000000020000000022100000012100000001010000000121000000001001000000000000000000020000000 1
2 0 592261 547055 10 12 14 12 -1 -1 0022000002000000002000000001010000000000020000000022000000012100000001010000000121000000001001000000000000000000020000000 1
1 0 592051 547055 11 15 7 15 -1 -1 0022000002000000002000000001010000000000020000000022000000012100000001010000000101000000001001000000000000000000020020000 1
2 0 592051 545304 3 15 4 14 -1 -1 0022000002000000002000000001010000000000020000000022100000012100000001010000000101000000001000000000000000000000020020000 1
1 0 591886 545304 8 10 6 12 -1 -1 0022000000000000022000000001010000000000020000000022100000012100000001010000000101000000001000000000000000000000020020000 1
2 0 591886 543682 7 11 11 11 -1 -1 0022000000000000022000000001010000000000120000000022100000002100000001010000000101000000001000000000000000000000020020000 1
1 0 591731 543682 9 15 8 16 -1 -1 0022000000000000022000000001010000000000120000000002100000002100000001010000000101000000001200000000000000000000020020000 1
2 0 591731 541378 11 11 12 12 -1 -1 0022000000000000022000000001010000000000120000000002100000002110000001000000000101000000001200000000000000000000020020000 1
1 0 591349 541378 9 11 8 10 -1 -1 0022000000000000022000000001010000000000120000000002100000002110000001000000000101000000001000000000000020000000020020000 1
2 0 591349 536164 8 12 9 11 -1 -1 0022000000000000022000000001010000000000120000000002100000012110000000000000000101000000001000000000000020000000020020000 1
1 0 590717 536164 10 14 9 15 -1 -1 0022000000000000022000000001010000000000120000000002100000010110000002000000000101000000001000000000000020000000020020000 1
2 0 590717 534370 12 12 13 11 -1 -1 0022000000000000022000000001010000000000120000000002100000010110000002010000000100000000001000000000000020000000020020000 1
1 0 590566 534370 11 9 11 11 -1 -1 0022000000000000022000000001010000000000120000000002100000010110000002010000000100000000001000000000000000000000220020000 1
2 0 590566 529852 9 11 9 9 -1 -1 0022000000000000022000000001010000000000120000000002100000010110000002010000000100000000000100000000000000000000220020000 1
1 0 590431 529852 10 10 8 12 -1 -1 0022000000000000022000000001010000000000120000000002100000010110000020010000000100000000000100000000000000000000220020000 1
2 0 590431 528764 4 16 5 15 -1 -1 0022000000000000022000000001010000000000120000000002100000011110000020010000000000000000000100000000000000000000220020000 1
1 0 590359 528764 8 10 7 11 -1 -1 0022000000000000020000000001012000000000120000000002100000011110000020010000000000000000000100000000000000000000220020000 1
2 0 590359 527912 9 9 10 10 -1 -1 0022000000000000020000000001012000000000120000000012100000001110000020010000000000000000000100000000000000000000220020000 1
1 0 590220 527912 11 11 9 9 -1 -1 0022000000000000020000000001012000000000120000000012100000001110000000010000000200000000000100000000000000000000220020000 1
2 0 590220 526853 7 13 11 9 -1 -1 0022000000000000020000000001012000000000120000000012100000001110000010010000000200000000000000000000000000000000220020000 1
1 0 590018 526853 9 15 5 11 -1 -1 0022000000000000020000000001012000000000120000000010100000001110000010010000000200000000002000000000000000000000220020000 1
2 0 590018 524065 5 15 9 11 -1 -1 0022000000000000020000000001112000000000120000000010100000001110000010000000000200000000002000000000000000000000220020000 1
1 0 589891 524065 8 12 4 12 -1 -1 0022000000000000020000000001110000000000120000000010100000001110000012000000000200000000002000000000000000000000220020000 1
2 0 589891 521868 10 10 11 11 -1 -1 0022000000000000120000000001110000000000120000000010100000000110000012000000000200000000002000000000000000000000220020000 1
1 0 589574 521868 8 16 8 12 -1 -1 0022000000000000120000000001110000000000120000000010100000000110000012000000000000000000002200000000000000000000220020000 1
2 0 589574 519424 9 11 10 10 -1 -1 0022000000000000120000000001110000000000120000000010100000001100000012000000000000000000002200000000000000000000220020000 1
1 0 589441 519424 8 12 4 8 -1 -1 0022000000000000120000000001110000000000120000000010100000001100000010000000000200000000002200000000000000000000220020000 1
2 0 589441 516436 4 14 6 8 -1 -1 0022000000000010120000000001110000000000120000000010100000000100000010000000000200000000002200000000000000000000220020000 1
1 0 589280 516436 6 12 4 10 -1 -1 0022000000000010100000000001110000000020120000000010100000000100000010000000000200000000002200000000000000000000220020000 1
2 0 589280 514160 6 14 6 12 -1 -1 0022000000000011100000000001110000000020020000000010100000000100000010000000000200000000002200000000000000000000220020000 1
1 0 588923 514160 9 9 8 10 -1 -1 0022000000000011100000000001110000000020200000000010100000000100000010000000000200000000002200000000000000000000220020000 1
2 0 588923 512565 2 10 3 9 -1 -1 0022000000000011100000000001110000000020200000000010100000010100000000000000000200000000002200000000000000000000220020000 1
1 0 588838 512565 4 8 2 10 -1 -1 0020002000000011100000000001110000000020200000000010100000010100000000000000000200000000002200000000000000000000220020000 1
2 0 588838 511061 10 10 14 14 -1 -1 0021002000000001100000000001110000000020200000000010100000010100000000000000000200000000002200000000000000000000220020000 1
1 0 588780 511061 5 9 3 11 -1 -1 0021002000000001100000000001110000000020200000000010100000010100000000000000000000000000002200000000000000000000220022000 1
2 0 588780 510241 11 9 12 10 -1 -1 0021002100000001100000000000110000000020200000000010100000010100000000000000000000000000002200000000000000000000220022000 1
1 0 588739 510241 4 10 2 12 -1 -1 0021002100000001100000000000110000000020200000000010100000010100000000000000000000000000000200000000000200000000220022000 1
2 0 588739 508271 11 11 13 9 -1 -1 0021102100000000100000000000110000000020200000000010100000010100000000000000000000000000000200000000000200000000220022000 1
1 0 588684 508271 7 15 6 14 -1 -1 0021102100000000100000000000110000000020200000000010100000010100000000000000000000000000000000000000000200000002220022000 1
2 0 588684 507255 1 13 2 14 -1 -1 0021102100000000100000000000110000000020210000000010000000010100000000000000000000000000000000000000000200000002220022000 1
1 0 588601 507255 8 14 7 13 -1 -1 0001122100000000100000000000110000000020210000000010000000010100000000000000000000000000000000000000000200000002220022000 1
2 0 588601 505989 3 9 3 13 -1 -1 0001122100000000100000000000110000000020210000000011000000010000000000000000000000000000000000000000000200000002220022000 1
1 0 588521 505989 7 13 5 15 -1 -1 0001120120000000100000000000110000000020210000000011000000010000000000000000000000000000000000000000000200000002220022000 1
2 0 588521 504090 6 8 7 9 -1 -1 0001120120000000100000000000111000000020210000000010000000010000000000000000000000000000000000000000000200000002220022000 1
1 0 588412 504090 6 14 4 16 -1 -1 0001120120000000100000000000111000000000210000000210000000010000000000000000000000000000000000000000000200000002220022000 1
2 0 588412 503061 2 14 3 15 -1 -1 0001120120000000101000000000111000000000200000000210000000010000000000000000000000000000000000000000000200000002220022000 1
1 0 588292 503061 8 10 6 8 -1 -1 0001100122000000101000000000111000000000200000000210000000010000000000000000000000000000000000000000000200000002220022000 1
2 0 588292 502115 6 12 8 10 -1 -1 0001100122000000101000000000111000000010200000000210000000000000000000000000000000000000000000000000000200000002220022000 1
1 0 588169 502115 4 16 2 14 -1 -1 0001100122000000101000000000111000000010000000000210000000020000000000000000000000000000000000000000000200000002220022000 1
2 0 588169 501568 7 9 9 11 -1 -1 0001110122000000100000000000111000000010000000000210000000020000000000000000000000000000000000000000000200000002220022000 1
1 0 587937 501568 7 11 6 10 -1 -1 0001110122000000100000000000111000000010000000000010000000020000000002000000000000000000000000000000000200000002220022000 1
2 0 587937 500741 8 10 10 12 -1 -1 0001110122000000100000000000111000000011000000000000000000020000000002000000000000000000000000000000000200000002220022000 1
1 0 587750 500741 6 8 4 10 -1 -1 0001110122000000100000000000111000000011000000000000000000000000000002000000000020000000000000000000000200000002220022000 1
2 0 587750 500125 9 11 11 13 -1 -1 0001110122000001100000000000111000000001000000000000000000000000000002000000000020000000000000000000000200000002220022000 1
1 0 587583 500125 5 11 1 11 -1 -1 0001110122000001100000000000111000000001000000000000000000000000000000000000000020000000000020000000000200000002220022000 1
2 0 587583 499359 10 12 12 14 -1 -1 0101110122000001100000000000011000000001000000000000000000000000000000000000000020000000000020000000000200000002220022000 1
1 0 587402 499359 1 11 0 12 -1 -1 0101110122000001100000000000011000000001000000000000000000000000000000000000000000000000000020000000000202000002220022000 1
2 0 587402 499019 3 13 7 9 -1 -1 1001110122000001100000000000011000000001000000000000000000000000000000000000000000000000000020000000000202000002220022000 1
1 0 587204 499019 5 15 1 11 -1 -1 1001110102000001100000000000011000000001000000000200000000000000000000000000000000000000000020000000000202000002220022000 1
2 0 587204 498138 11 13 15 13 -1 -1 1101110102000001100000000000010000000001000000000200000000000000000000000000000000000000000020000000000202000002220022000 1
1 0 587084 498138 1 11 1 13 -1 -1 1101110102000001100000000000010000000001000000000200000000000000000000000000000000000000000000000000000202000002220022020 1
2 0 587084 497141 7 9 8 10 -1 -1 1011110102000001100000000000010000000001000000000200000000000000000000000000000000000000000000000000000202000002220022020 1
1 0 586994 497141 4 12 3 13 -1 -1 1011110102000001100000000000010000000001000000000000000000020000000000000000000000000000000000000000000202000002220022020 1
2 0 586994 496057 8 10 9 11 -1 -1 1011110112000001000000000000010000000001000000000000000000020000000000000000000000000000000000000000000202000002220022020 1
1 0 586872 496057 5 13 5 11 -1 -1 1011110112000001000000000000010000000001000000000000000000000000000002000000000000000000000000000000000202000002220022020 1
2 0 586872 495077 3 15 4 14 -1 -1 1011110112000001000000000000100000000001000000000000000000000000000002000000000000000000000000000000000202000002220022020 1
1 0 586722 495077 6 10 4 12 -1 -1 1011110110000001020000000000100000000001000000000000000000000000000002000000000000000000000000000000000202000002220022020 1
2 0 586722 493754 4 14 5 13 -1 -1 1011110110000001120000000000100000000000000000000000000000000000000002000000000000000000000000000000000202000002220022020 1
1 0 584352 493754 2 14 3 15 -1 -1 1011110110000001100000000000120000000000000000000000000000000000000002000000000000000000000000000000000202000002220022020 1
2 0 584352 491612 5 13 6 12 -1 -1 1011100111000001100000000000120000000000000000000000000000000000000002000000000000000000000000000000000202000002220022020 1
1 0 584243 491612 4 12 2 14 -1 -1 1011100111000001100000000000100000000000200000000000000000000000000002000000000000000000000000000000000202000002220022020 1
2 0 584243 490390 9 11 10 12 -1 -1 1011110111000001000000000000100000000000200000000000000000000000000002000000000000000000000000000000000202000002220022020 1
1 0 584241 490390 5 11 1 11 -1 -1 1011110111000001000000000000100000000000200000000000000000000000000000000000000020000000000000000000000202000002220022020 1
2 0 584241 489119 12 14 13 15 -1 -1 1111110111000001000000000000000000000000200000000000000000000000000000000000000020000000000000000000000202000002220022020 1
1 0 584240 489119 4 10 3 9 -1 -1 1111110111000001000000000000000000000000200000000000000000000000000000000000000020000000000000000000000200000002222022020 1
