1322295515000
kingfish
droptable
1 0 599821 600000 14 10 12 12 -1 -1 2222222222000000000000000000000000000000000000000000000000000000000000000000000000000000000000000000000000000001111111111 1
2 0 599821 586971 2 12 4 14 -1 -1 2222222222000000000000000000000000000000000000000000000000000000000000000000000000000000000000000000000010000001111011111 1
1 0 599819 586971 16 12 12 8 -1 -1 2222022222000000020000000000000000000000000000000000000000000000000000000000000000000000000000000000000010000001111011111 1
2 0 599819 575182 1 13 2 12 -1 -1 2222022222000000020000000000000000000000000000000000000000000000000000000000000000000000000000000000001010000001111011110 1
1 0 599818 575182 13 13 11 11 -1 -1 2202222222000000020000000000000000000000000000000000000000000000000000000000000000000000000000000000001010000001111011110 1
2 0 599818 554098 2 10 4 16 -1 -1 2202222222000000020000000000000000000000000000000000000000000000000000000000000000000000000100000000001010000001101011110 1
1 0 599817 554098 14 12 10 12 -1 -1 2200222222000000022000000000000000000000000000000000000000000000000000000000000000000000000100000000001010000001101011110 1
2 0 599817 535754 0 12 4 12 -1 -1 2200222222000000022000000000000000000000000000000000000000000000000000000000000010000000000100000000001010000001101001110 1
1 0 599816 535754 13 11 9 11 -1 -1 0200222222000000222000000000000000000000000000000000000000000000000000000000000010000000000100000000001010000001101001110 1
2 0 599816 530754 3 13 5 11 -1 -1 0200222222000000222000000000000000000000000000000000000000000000000001000000000010000000000100000000001010000001001001110 1
1 0 599635 530754 12 12 8 12 -1 -1 0200222202000000222000000000200000000000000000000000000000000000000001000000000010000000000100000000001010000001001001110 1
2 0 599635 524724 2 12 6 12 -1 -1 0200222202000000222000000000200000000000000000000000000000001000000001000000000010000000000100000000001000000001001001110 1
1 0 594544 524724 11 11 5 13 -1 -1 0200022202000000222000000000200000000000200000000000000000001000000001000000000010000000000100000000001000000001001001110 1
2 0 594544 498810 5 11 7 13 -1 -1 0200022202000000222000000000210000000000200000000000000000001000000001000000000010000000000000000000001000000001001001110 1
1 0 590688 498810 12 8 11 9 -1 -1 0200022202000000222000000000010000000000200000000002000000001000000001000000000010000000000000000000001000000001001001110 1
2 0 590688 449826 4 16 5 15 -1 -1 0200022202000000222000000000010000000000200000000002000000001000000001000000000010000000001000000000000000000001001001110 1
1 0 587663 449826 8 12 6 14 -1 -1 0200022202000000220000000000012000000000200000000002000000001000000001000000000010000000001000000000000000000001001001110 1
2 0 587663 405840 3 9 5 11 -1 -1 0200022202000000220000000000012000000000210000000002000000000000000001000000000010000000001000000000000000000001001001110 1
1 0 581013 405840 14 14 12 8 -1 -1 0200020202000000220000000000212000000000210000000002000000000000000001000000000010000000001000000000000000000001001001110 1
2 0 581013 365851 5 15 6 16 -1 -1 0200020202000000220000000000212000000000210000000002000000000000000001000000000010000000001000000000001000000001001000110 1
1 0 576232 365851 13 9 9 13 -1 -1 0200020202000000220000000000210000000000212000000002000000000000000001000000000010000000001000000000001000000001001000110 1
2 0 576232 329857 2 14 4 16 -1 -1 0200020202000000220000000000210000000000212000000002000000000000000001100000000010000000001000000000001000000000001000110 1
1 0 572471 329857 12 8 8 12 -1 -1 0200000202000000222000000000210000000000212000000002000000000000000001100000000010000000001000000000001000000000001000110 1
2 0 572471 297864 1 11 2 12 -1 -1 0200000202000000222000000000210000000000212000000002000000001000000001100000000010000000001000000000000000000000001000110 1
1 0 568657 297864 9 13 5 17 -1 -1 0000200202000000222000000000210000000000212000000002000000001000000001100000000010000000001000000000000000000000001000110 1
2 0 568657 267871 2 12 3 13 -1 -1 0000200202000000222000000000210100000000212000000002000000001000000001000000000010000000001000000000000000000000001000110 1
1 0 565107 267871 10 12 8 14 -1 -1 0000000222000000222000000000210100000000212000000002000000001000000001000000000010000000001000000000000000000000001000110 1
2 0 565107 247302 4 12 6 10 -1 -1 0000000222000000222000000000210100000000212000000002000000001100000001000000000000000000001000000000000000000000001000110 1
1 0 560305 247302 6 14 2 14 -1 -1 0000000222000000022000000000210100000002212000000002000000001100000001000000000000000000001000000000000000000000001000110 1
2 0 560305 217310 6 10 7 11 -1 -1 0000010222000000022000000000210100000002202000000002000000001100000001000000000000000000001000000000000000000000001000110 1
1 0 556278 217310 8 12 2 10 -1 -1 0000010222000000022000000000210100000000202000000022000000001100000001000000000000000000001000000000000000000000001000110 1
2 0 556278 187313 7 13 9 15 -1 -1 0001010222000000022000000000210100000000202000000022000000000100000001000000000000000000001000000000000000000000001000110 1
1 0 550032 187313 9 11 8 12 -1 -1 0001010222000000022000000000210100000000202000000020000000000100000001020000000000000000001000000000000000000000001000110 1
2 0 550032 169942 5 11 9 11 -1 -1 0001010222000000022000000000210100000000202000000020000000001100000000020000000000000000001000000000000000000000001000110 1
1 0 544122 169942 13 15 12 14 -1 -1 0001010222000000022000000000010100000000202000000020000000001100000002020000000000000000001000000000000000000000001000110 1
2 0 544122 139953 3 13 7 13 -1 -1 0001010222000000022000000000010100000000202000000020000000001100000002020000000000000000001000000000000001000000000000110 1
1 0 539055 139953 15 13 14 12 -1 -1 0001010202000000022000000000010100000000202000000022000000001100000002020000000000000000001000000000000001000000000000110 1
2 0 539055 109963 3 11 4 12 -1 -1 0001010202000000022000000000010100000000202000000022000000001100000002020000000000000000001000000000000001000000000010100 1
1 0 533813 109963 15 11 11 15 -1 -1 0001010002000000222000000000010100000000202000000022000000001100000002020000000000000000001000000000000001000000000010100 1
2 0 533813 79969 9 15 10 16 -1 -1 0001010002000000222000000000010100000000202000000022000000001100000002020000000000000000001001000000000001000000000010000 1
1 0 528169 79969 8 14 8 10 -1 -1 0001010002000000222000000000010100000000202000000022000000001100000002000000000000200000001001000000000001000000000010000 1
2 0 528169 64858 4 14 5 15 -1 -1 0001010002000000222000000000010100000000202000000022000000011000000002000000000000200000001001000000000001000000000010000 1
1 0 521374 64858 5 13 3 11 -1 -1 0001010002000000202000000000012100000000202000000022000000011000000002000000000000200000001001000000000001000000000010000 1
2 0 521374 42454 4 16 6 14 -1 -1 0001010102000000202000000000002100000000202000000022000000011000000002000000000000200000001001000000000001000000000010000 1
1 0 515055 42454 12 14 11 13 -1 -1 0001010102000000200000000000002100000000222000000022000000011000000002000000000000200000001001000000000001000000000010000 1
2 0 515055 26335 4 12 5 13 -1 -1 0001010102000000200000000000002100000000222000000022000000011000000002000000000000200000001011000000000000000000000010000 1
1 0 508605 26335 11 13 10 14 -1 -1 0001010102000000000000000000022100000000222000000022000000011000000002000000000000200000001011000000000000000000000010000 1
2 0 508605 26334 7 11 9 13 -1 -1 0001010102000000000000000000022100000000222000000022000000011000000002000000000001200000001001000000000000000000000010000 1
1 0 501294 26334 8 12 7 11 -1 -1 0001010102000000000000000000022100000000222000000002000000011000000002200000000001200000001001000000000000000000000010000 1
2 0 501294 26332 6 14 12 8 -1 -1 0001010102000000000000000000022100000000222000000012000000010000000002200000000001200000001001000000000000000000000010000 1
1 0 491189 26332 10 14 4 12 -1 -1 0001010102000000000000000000022100000000202000000012000000010000000002200000000001200000001001000000002000000000000010000 1
2 0 491189 26330 6 12 10 12 -1 -1 0001010102000000100000000000022100000000202000000012000000010000000002200000000000200000001001000000002000000000000010000 1
1 0 483312 26330 8 10 2 12 -1 -1 0001010102000000100000000000022100000000002000000012000000010000000002200000000020200000001001000000002000000000000010000 1
2 0 483312 26328 9 13 13 9 -1 -1 0001110102000000100000000000022100000000002000000012000000000000000002200000000020200000001001000000002000000000000010000 1
1 0 474083 26328 11 9 10 10 -1 -1 0001110102000000100000000000022100000000002000000012000000000000000002000000000020200000001001000000002000000002000010000 1
2 0 474083 26327 10 16 12 14 -1 -1 0001110102000000100000000000022100000000002000000012000000000000000002000000000120200000000001000000002000000002000010000 1
1 0 468450 26327 10 10 4 16 -1 -1 0001110102000000100000000000022100000000002000000012000000000000000002000000000120000000000001000000002002000002000010000 1
2 0 468450 26326 9 11 13 15 -1 -1 0001110102000000101000000000022100000000002000000012000000000000000002000000000020000000000001000000002002000002000010000 1
1 0 464100 26326 4 12 3 13 -1 -1 0001110102000000101000000000022100000000002000000012000000000000000000000000000020000000000001000000002002000002002010000 1
2 0 464100 26324 6 16 8 10 -1 -1 0001110112000000001000000000022100000000002000000012000000000000000000000000000020000000000001000000002002000002002010000 1
1 0 459882 26324 7 11 7 9 -1 -1 0001110112000000001000000000022100000000000000000012000000020000000000000000000020000000000001000000002002000002002010000 1
2 0 459882 26322 12 8 14 14 -1 -1 0001110112000000001000000000022100000000000000000102000000020000000000000000000020000000000001000000002002000002002010000 1
1 0 454301 26322 2 14 1 13 -1 -1 0001110112000000001000000000022100000000000000000102000000020000000000000000000020000000000001000000000002000002002012000 1
2 0 454301 26321 13 15 15 13 -1 -1 0011100112000000001000000000022100000000000000000102000000020000000000000000000020000000000001000000000002000002002012000 1
1 0 447395 26321 4 16 0 12 -1 -1 0011100112000000001000000000022100000000000000000102000000020000000000000000000020000000000001000000000002000002000012020 1
2 0 447395 26320 14 14 16 12 -1 -1 1011100112000000000000000000022100000000000000000102000000020000000000000000000020000000000001000000000002000002000012020 1
1 0 442077 26320 5 17 4 16 -1 -1 1011100112000000000000000000022100000000000000000102000000020000000000000000000020000000000001000000000002000002000010022 1
2 0 442077 26319 5 13 6 12 -1 -1 1011100112000000001000000000022000000000000000000102000000020000000000000000000020000000000001000000000002000002000010022 1
1 0 437614 26319 7 9 6 10 -1 -1 1011100112000000001000000000002000000000200000000102000000020000000000000000000020000000000001000000000002000002000010022 1
2 0 437614 26318 3 15 9 9 -1 -1 1011100112000000001000000000002000000001200000000002000000020000000000000000000020000000000001000000000002000002000010022 1
1 0 432506 26318 6 10 5 11 -1 -1 1011100110000000001000000000002000000001200000000002000000020000000020000000000020000000000001000000000002000002000010022 1
2 0 432506 26317 6 12 8 14 -1 -1 1011100110000000001000000000102000000000200000000002000000020000000020000000000020000000000001000000000002000002000010022 1
1 0 427972 26317 4 16 3 15 -1 -1 1011100110000000001000000000102000000000000000000002000000020200000020000000000020000000000001000000000002000002000010022 1
2 0 427972 26316 9 9 11 11 -1 -1 1011100111000000000000000000102000000000000000000002000000020200000020000000000020000000000001000000000002000002000010022 1
1 0 421585 26316 5 11 4 12 -1 -1 1011100111000000000000000000102000000000000000000002000000020200000000000000000020000000000201000000000002000002000010022 1
2 0 421585 26315 7 13 9 15 -1 -1 1011100111000000100000000000002000000000000000000002000000020200000000000000000020000000000201000000000002000002000010022 1
1 0 417962 26315 4 12 2 14 -1 -1 1011100111000000100000000000002000000000000000000000000000020200000000020000000020000000000201000000000002000002000010022 1
2 0 417962 26314 8 14 10 16 -1 -1 1011110111000000000000000000002000000000000000000000000000020200000000020000000020000000000201000000000002000002000010022 1
1 0 416154 26314 11 15 9 17 -1 -1 1011110111000000000000000000002000000000000000000000000000020000000000020000000020200000000201000000000002000002000010022 1
2 0 416154 26313 10 12 12 10 -1 -1 1011110111000000000000000000002000000000000000000000000000020000000000021000000020200000000200000000000002000002000010022 1
1 0 413826 26313 9 17 8 16 -1 -1 1011110111000000000000000000002000000000000000000000000000020000000000021000000000200000000200000000000202000002000010022 1
2 0 413826 26313 11 11 12 12 -1 -1 1011110111000000000000000000002000000000000000000000000000020010000000020000000000200000000200000000000202000002000010022 1
1 0 410970 26313 14 12 13 13 -1 -1 1011110111000000000000000000002000000000000000000000000000020010000000020000000000200000000000000000000222000002000010022 1
2 0 410970 26312 12 14 14 12 -1 -1 1011110111000000000000000000002000000000000000000000000000020010000000020000000000200000000000000000000222000002010000022 1
1 0 409319 26312 13 13 11 11 -1 -1 1011110111000000000000000000002000000000000000000000000000020010000000020000000000200000000000000000000220000002010020022 1
2 0 409319 26311 12 12 14 10 -1 -1 1011110111000000000000000000002000000000000000000000000000020010000000020000000000200000000100000000000220000002000020022 1
1 0 408256 26311 8 16 7 15 -1 -1 1011110111000000000000000000002000000000000000000000000000020010000000020000000000200000000100000000000200000002000220022 1
2 0 408256 26310 13 9 15 11 -1 -1 1011110111000000000000000000002000000000000000000000100000020000000000020000000000200000000100000000000200000002000220022 1
1 0 407238 26310 7 15 6 16 -1 -1 1011110111000000000000000000002000000000000000000000100000020000000000020000000000200000000100000000000200000000000220222 1
2 0 407238 26309 5 15 6 14 -1 -1 1011110111000000000000000000002000000000001000000000000000020000000000020000000000200000000100000000000200000000000220222 1
1 0 406502 26309 6 16 5 15 -1 -1 1011110111000000000000000000000000000000021000000000000000020000000000020000000000200000000100000000000200000000000220222 1
2 0 406502 26308 6 14 7 13 -1 -1 1011110111000000000000000000001000000000020000000000000000020000000000020000000000200000000100000000000200000000000220222 1
1 0 405702 26308 2 12 1 11 -1 -1 1011110111000000000000000000001000000000000000000002000000020000000000020000000000200000000100000000000200000000000220222 1
2 0 405702 26308 7 13 8 12 -1 -1 1111010111000000000000000000001000000000000000000002000000020000000000020000000000200000000100000000000200000000000220222 1
1 0 404369 26308 5 15 4 14 -1 -1 1111010111000000000000000000001000000000000000000000000000022000000000020000000000200000000100000000000200000000000220222 1
2 0 404369 26307 8 10 9 11 -1 -1 1111010111000000010000000000000000000000000000000000000000022000000000020000000000200000000100000000000200000000000220222 1
1 0 403542 26307 11 11 10 12 -1 -1 1111010111000000010000000000000000000000000000000000000000002000000002020000000000200000000100000000000200000000000220222 1
2 0 403542 26306 8 12 10 10 -1 -1 1111010111000000010000000000000000000000000000000000000000002000000002020000000010200000000000000000000200000000000220222 1
1 0 402784 26306 10 12 8 10 -1 -1 1111010111000000010000000000000000000000000000000000000000000000000002020000000210200000000000000000000200000000000220222 1
2 0 402784 26305 9 11 13 11 -1 -1 1111010111000000010000000000000000000000000000000000000000010000000002020000000200200000000000000000000200000000000220222 1
1 0 402130 26305 4 14 2 12 -1 -1 1111010111000000010000000000000000000000000000000000000000010000000000020000000200200000000000000000000200000000200220222 1
2 0 402130 26305 10 10 11 11 -1 -1 1111110111000000000000000000000000000000000000000000000000010000000000020000000200200000000000000000000200000000200220222 1
1 0 401727 26305 8 10 7 11 -1 -1 1111110111000000000000000000000000000000000000000000000000010000000000020000000000200000000200000000000200000000200220222 1
2 0 401727 26304 11 11 13 13 -1 -1 1111110111000000000000000000000000000000000000000010000000000000000000020000000000200000000200000000000200000000200220222 1
1 0 401349 26304 7 11 6 12 -1 -1 1111110111000000000000000000000000000000000000000010000000000000000000020000000000200000000000000000000200000000220220222 1
2 0 401349 26304 10 16 11 15 -1 -1 1111110111000000000000000000000000000000100000000000000000000000000000020000000000200000000000000000000200000000220220222 1
1 0 400819 26304 6 12 5 11 -1 -1 1111110111000000000000000000000000000000100000000000000000000000000000020000000000000000000002000000000200000000220220222 1
2 0 400819 26304 11 15 12 14 -1 -1 1111110111000000000000000000100000000000000000000000000000000000000000020000000000000000000002000000000200000000220220222 1
1 0 400578 26304 5 11 4 10 -1 -1 1111110111000000000000000000100000000000000000000000000000000000000000020000000000000000000000000000000202000000220220222 1
2 0 400578 26303 12 10 13 9 -1 -1 1111110111000001000000000000000000000000000000000000000000000000000000020000000000000000000000000000000202000000220220222 1
1 0 400396 26303 4 10 3 9 -1 -1 1111110111000001000000000000000000000000000000000000000000000000000000020000000000000000000000000000000002000002220220222 1
