1322290525000
droptable
kingfish
1 0 595253 600000 13 11 12 10 -1 -1 2222222222000000000000000000000000000000000000000000000000000000000000000000000000000000000000000000000000000001111111111 2
2 0 595253 599904 2 14 4 12 -1 -1 2222222222000000000000000000000000000000000000000000000000000000000000000000000000000000000000000000000100000001011111111 2
1 0 591262 599904 13 15 11 9 -1 -1 2222202222000000200000000000000000000000000000000000000000000000000000000000000000000000000000000000000100000001011111111 2
2 0 591262 599903 0 12 4 16 -1 -1 2222202222000000200000000000000000000000000000000000000000000000000000000000000000000000001000000000000100000001010111111 2
1 0 583040 599903 14 14 12 8 -1 -1 0222202222000000202000000000000000000000000000000000000000000000000000000000000000000000001000000000000100000001010111111 2
2 0 583040 599902 3 11 5 13 -1 -1 0222202222000000202000000000000000000000000000000000000000000000000000000000000000000000001000000000001100000001010110111 2
1 0 569757 599902 13 9 11 7 -1 -1 0222202022000000202000000000020000000000000000000000000000000000000000000000000000000000001000000000001100000001010110111 2
2 0 569757 599901 2 12 6 12 -1 -1 0222202022000000202000000000020000000000000000000000000000000000000000000000000000000000011000000000001100000000010110111 2
1 0 556728 599901 16 12 12 12 -1 -1 0222002022000000202000000000020000000000200000000000000000000000000000000000000000000000011000000000001100000000010110111 2
2 0 556728 599900 3 13 7 13 -1 -1 0222002022000000202000000000020000000000200000000000000000000000000000000000000000000000011000000000001110000000010110110 2
1 0 546861 599900 15 11 11 11 -1 -1 0222002002000000202000000000020000000000200000000002000000000000000000000000000000000000011000000000001110000000010110110 2
2 0 546861 599734 4 12 8 12 -1 -1 0222002002000000202000000000020000000000200000000002000000000000000000000000000000000000011100000000001110000000010110010 2
1 0 536218 599734 14 10 13 9 -1 -1 0222002002000000002000000000020000000000200000000002000000002000000000000000000000000000011100000000001110000000010110010 2
2 0 536218 599733 5 13 9 13 -1 -1 0222002002000000002000000000020000000000200000000002000000002000000000000000000000000000011100000000001110000001010010010 2
1 0 527596 599733 12 10 8 14 -1 -1 0222002002000000002000000000000000000000200000000002000000002000000000200000000000000000011100000000001110000001010010010 2
2 0 527596 595344 3 9 4 10 -1 -1 0222002002000000002000000000000000000000200000000002000000002100000000200000000000000000011100000000001010000001010010010 2
1 0 517372 595344 11 7 10 8 -1 -1 0222000002000002002000000000000000000000200000000002000000002100000000200000000000000000011100000000001010000001010010010 2
2 0 517372 591871 7 13 9 15 -1 -1 0222000002000002002000000000000000000000200000000002000000002100000000200000001000000000001100000000001010000001010010010 2
1 0 511296 591871 11 11 9 9 -1 -1 0222000002000002002000000000000000000000200000000000000000002100000000220000001000000000001100000000001010000001010010010 2
2 0 511296 589969 1 11 9 11 -1 -1 0222000002000002002000000000000000000000200000000000000000002100000010220000001000000000001000000000001010000001010010010 2
1 0 497551 589969 15 13 13 11 -1 -1 0022000002000002002000000000000000000000200000000000000000002100000012220000001000000000001000000000001010000001010010010 2
2 0 497551 586954 1 13 1 11 -1 -1 0022000002000002002000000000000000000000200000000000000000002100000012220000001000000000001000000000001010000001110010000 2
1 0 492076 586954 14 12 12 14 -1 -1 0202000002000002002000000000000000000000200000000000000000002100000012220000001000000000001000000000001010000001110010000 2
2 0 492076 584617 1 11 7 13 -1 -1 0202000002000002002000000000000000000000200000000000000000002100000012220000001000000000001000000000001011000001110000000 2
1 0 485116 584617 9 9 8 8 -1 -1 0002000002000002002000000000000000000000200000000002000000002100000012220000001000000000001000000000001011000001110000000 2
2 0 485116 580348 9 13 11 7 -1 -1 0002000002000002002000000000000000000000200000000002000000102100000002220000001000000000001000000000001011000001110000000 2
1 0 480606 580348 13 13 11 11 -1 -1 0002000002000002002000000000000000000000200000000002000000102100000002020000001000000000021000000000001011000001110000000 2
2 0 480606 576660 4 16 4 14 -1 -1 0002000002000002002000000000000000000000200000000002000000102100000002020000001000000000021100000000001011000001100000000 2
1 0 475481 576660 13 11 11 13 -1 -1 0002000002000002020000000000000000000000200000000002000000102100000002020000001000000000021100000000001011000001100000000 2
2 0 475481 572803 3 15 9 13 -1 -1 0002000002000002020000000000000000000000200000000002000000102100000002020000001000000000021110000000001011000001000000000 2
1 0 466095 572803 11 9 7 9 -1 -1 0002000000000002020000000000000000000000200000000002000000102100000002220000001000000000021110000000001011000001000000000 2
2 0 466095 567603 2 10 3 11 -1 -1 0002000000000002020000000000000000000000200000000102000000102100000002220000001000000000020110000000001011000001000000000 2
1 0 452190 567603 12 14 6 8 -1 -1 0000000200000002020000000000000000000000200000000102000000102100000002220000001000000000020110000000001011000001000000000 2
2 0 452190 562725 3 11 9 9 -1 -1 0000000200000002020000000000000000000010200000000102000000102100000002220000001000000000020110000000001010000001000000000 2
1 0 449325 562725 12 12 10 14 -1 -1 0000000000000002020000000000000000000010200000000102000000102100000022220000001000000000020110000000001010000001000000000 2
2 0 449325 556055 8 12 12 12 -1 -1 0000000000000002020000000000000000000010200000000102000000102100000022220000001001000000020110000000001000000001000000000 2
1 0 445262 556055 12 8 6 10 -1 -1 0000000000000002020000000000000000000010200000000102000000100100000022220000001001000000020110000000001020000001000000000 2
2 0 445262 551330 7 13 8 12 -1 -1 0000000000000002020000000000000000000011200000000102000000100100000022220000001001000000020110000000000020000001000000000 2
1 0 436936 551330 7 9 3 9 -1 -1 0000000000000002020000000000000000000011200000000100000000102100000022220000001001000000020110000000000020000001000000000 2
2 0 436936 546818 8 12 14 10 -1 -1 0000001000000002020000000000000000000011200000000000000000102100000022220000001001000000020110000000000020000001000000000 2
1 0 429969 546818 11 13 7 13 -1 -1 0000001000000002020000000000000000000011200000000000000000100100000022220000001001000000020110000000000020000001000200000 2
2 0 429969 541716 9 11 13 11 -1 -1 0000001000000002020000000000000000000011200000000001000000100100000022220000001001000000020100000000000020000001000200000 2
1 0 426823 541716 6 10 5 9 -1 -1 0000001000000002020000000000000000000011200000000001000000100100000020220000001001000000020100000000000020000001200200000 2
2 0 426823 537878 9 13 8 12 -1 -1 0000001000000002020000000001000000000010200000000001000000100100000020220000001001000000020100000000000020000001200200000 2
1 0 422525 537878 5 9 3 11 -1 -1 0000001000000002020000000001000000000010200000000001000000102100000020020000001001000000020100000000000020000001200200000 2
2 0 422525 532698 4 14 5 13 -1 -1 0000001100000002020000000000000000000010200000000001000000102100000020020000001001000000020100000000000020000001200200000 2
1 0 415667 532698 8 14 7 15 -1 -1 0000001100000002000000000000020000000010200000000001000000102100000020020000001001000000020100000000000020000001200200000 2
2 0 415667 525198 5 13 11 15 -1 -1 0000001100000002000000000000020000000010200000000001100000102000000020020000001001000000020100000000000020000001200200000 2
1 0 400847 525198 10 8 8 14 -1 -1 0000001100000002000000000000000000000010200000000001100000102000000020020000001001000000020102000000000020000001200200000 2
2 0 400847 519078 9 15 10 16 -1 -1 0000001100000002000000000000000000000010200000000001100000102100000020020000000001000000020102000000000020000001200200000 2
1 0 397936 519078 6 8 5 7 -1 -1 0000001100000002000000000000000000000010200000000001100000102100000020000000000001200000020102000000000020000001200200000 2
2 0 397936 514681 10 16 14 12 -1 -1 0000001100000002000000000010000000000000200000000001100000102100000020000000000001200000020102000000000020000001200200000 2
1 0 392287 514681 8 8 7 7 -1 -1 0000001100000002000000000010000000000000200000000001100000102100000020000000000001000000020102000000000020000001200220000 2
2 0 392287 507576 12 12 13 13 -1 -1 0000001100000002000000000010000000000000200000001001100000002100000020000000000001000000020102000000000020000001200220000 2
1 0 387264 507576 7 15 6 16 -1 -1 0000001100000002000000000010000000000000200000001001100000002100000020000000000001000000020102000000000000000001220220000 2
2 0 387264 501616 6 12 7 11 -1 -1 0000001100000002000000000010000000000000201000001001000000002100000020000000000001000000020102000000000000000001220220000 2
1 0 359212 501616 8 14 6 12 -1 -1 0000001100000002000000000010000000000000001000001021000000002100000020000000000001000000020102000000000000000001220220000 2
2 0 359212 493684 9 9 9 11 -1 -1 0000001100000002000000000010000000000000101000001021000000002000000020000000000001000000020102000000000000000001220220000 2
1 0 348243 493684 5 7 4 8 -1 -1 0000001100000002000000000010000000000000101000001021000000002000000002000000000001000000020102000000000000000001220220000 2
2 0 348243 489643 8 12 14 14 -1 -1 0000001100000012000000000000000000000000101000001021000000002000000002000000000001000000020102000000000000000001220220000 2
1 0 339473 489643 13 9 12 10 -1 -1 0000001100000012000000000000000000000000101000001021000000000000000002000000000001000000020102000000000000000001220222000 2
2 0 339473 485677 7 11 8 12 -1 -1 0000001100000012000000000000000000000000101000001021000000000000000002000000000001000000020102000000000100000000220222000 2
1 0 328911 485677 12 10 10 16 -1 -1 0000001100000012000000000000000000000000101000001001000000002000000002000000000001000000020102000000000100000000220222000 2
2 0 328911 481751 8 12 12 12 -1 -1 0000001100000012000000000000000000000000101000001001000000002000000002000000000001100000020102000000000000000000220222000 2
1 0 326128 481751 7 13 6 14 -1 -1 0000001100000012000000000000000000000000101000001001000000000000000002000000000001100000020102000000000020000000220222000 2
2 0 326128 479353 9 11 10 12 -1 -1 0000001100000012000000000000000000000000111000001000000000000000000002000000000001100000020102000000000020000000220222000 2
1 0 294130 479353 10 16 9 15 -1 -1 0000001100000012000000000000000000000000111000001000000000000000000000000000000021100000020102000000000020000000220222000 2
2 0 294130 475962 10 12 12 14 -1 -1 0000001100000012000000000000000000000000111000001000000000000000000000010000000021000000020102000000000020000000220222000 2
1 0 264132 475962 6 14 5 13 -1 -1 0000001100000012000000000000000000000000111000001000000000000000000000010000000001000000020102000000000022000000220222000 2
2 0 264132 473442 11 7 11 9 -1 -1 0000001100000012000000000000010000000000101000001000000000000000000000010000000001000000020102000000000022000000220222000 2
1 0 234132 473442 6 12 5 11 -1 -1 0000001100000012000000000000010000000000101000001000000000000000000000010000000001000000002102000000000022000000220222000 2
2 0 234132 472026 4 10 6 12 -1 -1 0000001100000012000000000000110000000000001000001000000000000000000000010000000001000000002102000000000022000000220222000 2
1 0 204140 472026 9 15 8 16 -1 -1 0000001100000010000000000000110000000000201000001000000000000000000000010000000001000000002102000000000022000000220222000 2
2 0 204140 468795 11 9 15 13 -1 -1 0000001100000010000000000000110000000000201000001000000000000010000000000000000001000000002102000000000022000000220222000 2
1 0 174149 468795 4 8 2 10 -1 -1 0000001100000010000000000000110000000000201000001000000000000010000000000000000001000000000102000000000022000000220222020 2
2 0 174149 465475 13 13 13 15 -1 -1 0001001100000000000000000000110000000000201000001000000000000010000000000000000001000000000102000000000022000000220222020 2
1 0 144150 465475 6 16 5 17 -1 -1 0001001100000000000000000000110000000000201000001000000000000010000000000000000001000000000102000000000022000000202222020 2
2 0 144150 464196 6 12 7 11 -1 -1 0001001100000000000000000000110100000000200000001000000000000010000000000000000001000000000102000000000022000000202222020 2
1 0 114152 464196 11 11 10 12 -1 -1 0001001100000000000000000000110100000000000000001020000000000010000000000000000001000000000102000000000022000000202222020 2
2 0 114152 463002 7 11 8 12 -1 -1 0001001100000000000000000000110100000000000000001020000000000010000000000000000011000000000002000000000022000000202222020 2
1 0 83577 463002 3 11 2 12 -1 -1 0001001100000000000000000000110100000000000000001000000000002010000000000000000011000000000002000000000022000000202222020 2
2 0 83577 461309 11 15 15 11 -1 -1 0001101000000000000000000000110100000000000000001000000000002010000000000000000011000000000002000000000022000000202222020 2
1 0 53239 461309 2 12 1 13 -1 -1 0001101000000000000000000000110100000000000000001000000000002010000000000000000011000000000000000000000022000000202222220 2
2 0 53239 460347 8 12 9 13 -1 -1 0011001000000000000000000000110100000000000000001000000000002010000000000000000011000000000000000000000022000000202222220 2
1 0 23243 460347 10 14 9 15 -1 -1 0011001000000000000000000000110100000000000000001000000000000010000000200000000011000000000000000000000022000000202222220 2
2 0 23243 459802 9 13 13 13 -1 -1 0011001000000000000000000000110100000000000000001000000000000010000000210000000010000000000000000000000022000000202222220 2
1 0 23240 459802 3 9 1 11 -1 -1 0011001000000000000000000000110100000000000000001000000000000010000000010000000010000000000000000000000022000000222222220 2
2 0 23240 459346 14 10 16 12 -1 -1 0111000000000000000000000000110100000000000000001000000000000010000000010000000010000000000000000000000022000000222222220 2
1 0 23237 459346 2 10 0 12 -1 -1 0111000000000000000000000000110100000000000000001000000000000010000000010000000010000000000000000000000022000000222022222 2
2 0 23237 458942 12 12 14 10 -1 -1 1110000000000000000000000000110100000000000000001000000000000010000000010000000010000000000000000000000022000000222022222 2
1 0 23236 458942 9 15 7 17 11 11 1110000000000000000000000000110100000000000000001000000000000010000000010000000010000000000000000000000002000000222222222 2
2 0 23236 458708 13 13 13 9 -1 -1 1110000000000000000000000000110100000000000000001000010000000010000000000000000010000000000300000000000002000000222222222 2
1 0 23234 458708 8 16 4 16 -1 -1 1110000000000000000000000000110100000000000000001000010000000010000000000000000010000000000300000000000002000002202222222 2
2 0 23234 458428 12 14 13 13 -1 -1 1110000000000000001000000000110100000000000000001000010000000000000000000000000010000000000300000000000002000002202222222 2
