1322293701000
kingfish
deepred
1 0 599800 600000 14 10 12 12 -1 -1 2222222222000000000000000000000000000000000000000000000000000000000000000000000000000000000000000000000000000001111111111 1
2 0 599800 -8 2 10 4 8 -1 -1 2222222222000000000000000000000000000000000000000000000000000000000000000000000000000000000000000000000010000001111011111 1
1 0 599799 -8 16 12 12 8 -1 -1 2220222222000020000000000000000000000000000000000000000000000000000000000000000000000000000000000000000010000001111011111 1
2 0 599799 -8 0 12 4 12 -1 -1 2220222222000020000000000000000000000000000000000000000000000000000000000000000000000000000000000000001010000001111011110 1
1 0 599798 -8 13 13 11 11 -1 -1 0220222222000020200000000000000000000000000000000000000000000000000000000000000000000000000000000000001010000001111011110 1
2 0 599798 -8 3 11 5 13 10 10 0220222222000020200000000000000000000000000000000000000000000000000000000000000000000000000100000000001010000001101011110 1
1 0 599797 -8 14 12 10 12 -1 -1 0220222022000020200000000000020000000000000000000000000000000000000000000000000300000000000100000000001010000001101011110 1
2 0 599797 -8 2 12 6 12 9 9 0220222022000020200000000000020000000000000000000000000000000000000000000000000310000000000100000000001010000001101001110 1
1 0 599796 -8 13 11 9 11 -1 -1 0220022022000020200000000000020000000000200000000000000000000000000030000000000310000000000100000000001010000001101001110 1
2 0 599796 -8 3 13 7 13 -1 -1 0220022022000020200000000000020000000000200000000000000000000000000031000000000310000000000100000000001010000001001001110 1
1 0 595514 -8 13 15 12 14 -1 -1 0220022002000020200000000000020000000000200000000002000000000000000031000000000310000000000100000000001010000001001001110 1
2 0 595514 -8 4 12 8 12 -1 -1 0220022002000020200000000000020000000000200000000002000000000000000031000000000310000000000100000000001011000001000001110 1
1 0 591507 -8 11 11 7 11 -1 -1 0220022002000020000000000000020000000000200000000002000000002000000031000000000310000000000100000000001011000001000001110 1
2 0 591507 -8 6 12 10 8 -1 -1 0220022002000020000000000000020000000000200000000012000000002000000031000000000310000000000000000000001011000001000001110 1
1 0 587014 -8 10 12 4 14 -1 -1 0220022002000020000000000000020000000000000000000012000000002000000031000000002310000000000000000000001011000001000001110 1
2 0 587014 -8 2 14 6 14 -1 -1 0220022002000020010000000000020000000000000000000012000000002000000031000000002300000000000000000000001011000001000001110 1
1 0 580651 -8 14 14 14 12 -1 -1 0220002002000020010000000000020000000000020000000012000000002000000031000000002300000000000000000000001011000001000001110 1
2 0 580651 -8 5 13 7 15 -1 -1 0220002002000020010000000000020000000000020000000012000000002000000031000000002300000000000000000000001011000001000010110 1
1 0 575840 -8 15 13 11 13 -1 -1 0220002002000020010000000000000000000000020000000012200000002000000031000000002300000000000000000000001011000001000010110 1
2 0 575840 -8 6 14 8 16 -1 -1 0220002002000020010000000000000000000000020000000012200000002000000031000000002300000000000010000000001011000001000010100 1
1 0 570139 -8 12 14 6 16 -1 -1 0220002002000020010000000000000000000000000000000012200000002020000031000000002300000000000010000000001011000001000010100 1
2 0 570139 -8 10 8 12 14 -1 -1 0220002002000020010000000000000000000000001000000012200000002020000031000000002300000000000010000000001010000001000010100 1
1 0 563544 -8 12 12 10 14 -1 -1 0220002002000020010000000000000000000000001000000012200000002020000031000000000300000000000010000000001012000001000010100 1
2 0 563544 -8 7 13 9 15 -1 -1 0220002002000020010000000000000000000000001000000012200000002020000031000000000301000000000010000000001002000001000010100 1
1 0 556265 -8 15 11 9 17 -1 -1 0220002002000020010000000000000000000000001000000010200000002020000031020000000301000000000010000000001002000001000010100 1
2 0 556265 -8 8 16 10 18 -1 -1 0220002002000020010000000000000000000000001000000010200000002020000031021000000301000000000010000000001002000001000010000 1
1 0 544396 -8 9 11 3 13 -1 -1 0220002002000020010000000000000000000000001000000010200000002000000031021000000301020000000010000000001002000001000010000 1
2 0 544396 -8 9 15 11 17 -1 -1 0220002012000020010000000000000000000000001000000010200000002000000030021000000301020000000010000000001002000001000010000 1
1 0 532359 -8 12 8 11 9 -1 -1 0220002012000020010000000000000000000000001000000010200000002000000030001000000301020000000010200000001002000001000010000 1
2 0 532359 -8 10 18 12 12 -1 -1 0220002012000020010000000000000000000000001000000010200000002000000030001000000301020000001010200000000002000001000010000 1
1 0 515042 -8 11 9 5 15 -1 -1 0220002012000020010000000000000000000000001000000010200000002000000030001000000301000000001010200000000022000001000010000 1
2 0 515042 -8 4 8 12 16 -1 -1 0220002012000020010000000000001000000000001000000010200000002000000030001000000301000000000010200000000022000001000010000 1
1 0 505662 -8 11 13 9 15 -1 -1 0220002012000000010000000000001000000000001000000010200000002000000030001000000301000000000010200000000022200001000010000 1
2 0 505662 -8 11 17 15 13 -1 -1 0220002012000000010000000000001000000000001000000010200000002000000030011000000301000000000000200000000022200001000010000 1
1 0 493955 -8 10 14 0 12 -1 -1 0220002012000000010000000000001000000000001000000010200000002000000030011000000301000000000000000000000022200001000010020 1
2 0 493955 -8 3 15 5 13 -1 -1 1220002012000000010000000000001000000000001000000010200000002000000030011000000300000000000000000000000022200001000010020 1
1 0 487593 -8 9 15 8 16 -1 -1 1220002010000000010000000000021000000000001000000010200000002000000030011000000300000000000000000000000022200001000010020 1
2 0 487593 -8 15 13 16 12 -1 -1 1220002010000000010000000000021000000000001000000010200000002010000030001000000300000000000000000000000022200001000010020 1
1 0 478054 -8 8 16 2 14 -1 -1 1220002010000000010000000000021000000000001000000010200000002010000030001000000300000000000000000000000022200001000010002 1
2 0 478054 -8 1 13 3 11 -1 -1 1220012010000000010000000000021000000000001000000010200000002000000030001000000300000000000000000000000022200001000010002 1
1 0 471518 -8 9 17 8 16 -1 -1 1200012210000000010000000000021000000000001000000010200000002000000030001000000300000000000000000000000022200001000010002 1
2 0 471518 -8 7 15 9 17 -1 -1 1200012210000000010000000000021000000000001000000010200000002010000030000000000300000000000000000000000022200001000010002 1
1 0 466944 -8 4 14 2 12 -1 -1 1200012210000000010000000000021000000000001000000010000000002010000030002000000300000000000000000000000022200001000010002 1
2 0 466944 -8 5 13 7 15 -1 -1 1200112210000000000000000000021000000000001000000010000000002010000030002000000300000000000000000000000022200001000010002 1
1 0 462621 -8 8 16 4 16 -1 -1 1200112210000000000000000000001000000000001000000010200000002010000030002000000300000000000000000000000022200001000010002 1
2 0 462621 -8 3 11 5 17 -1 -1 1200112210000000001000000000001000000000001000000010200000002000000030002000000300000000000000000000000022200001000010002 1
1 0 460252 -8 4 16 3 15 -1 -1 1200112010000000001000000000001200000000001000000010200000002000000030002000000300000000000000000000000022200001000010002 1
2 0 460252 -8 12 16 13 15 -1 -1 1200112011000000000000000000001200000000001000000010200000002000000030002000000300000000000000000000000022200001000010002 1
1 0 455601 -8 13 9 13 11 -1 -1 1200112011000000000000000000001200000000001000000010200000002000000030002000000300000000000000000000000022000001002010002 1
2 0 455601 -8 12 12 14 10 -1 -1 1200112011000000000000000000001200000000001000000010200000002000000030002000000300000000000000000000000022000000102010002 1
1 0 452677 -8 14 12 12 10 -1 -1 1200112011000000000000000000001200000000001000000010200000002000000030002000000300000000000000000000000002000000102210002 1
2 0 452677 -8 14 10 15 11 -1 -1 1200112011000000000000000000001200000000001000000010200000002000000030002000000300000000000000000000000102000000102200002 1
1 0 448196 -8 13 11 11 9 -1 -1 1200112011000000000000000000001200000000001000000010200000002000000030002000000300000000000000000000000102000000102000202 1
2 0 448196 -8 13 15 14 14 -1 -1 1200112011000000000000000000001200000000001000000010200000002000000030002000000300000000001000000000000102000000002000202 1
1 0 442189 -8 12 10 6 12 -1 -1 1200112011000000000000000000001200000000001000000010200000002000000030002000000300000000001000000000000102000000000002202 1
2 0 442189 -8 8 12 10 18 -1 -1 1200112011000000000000000000001200000000101000000010200000002000000030002000000300000000001000000000000002000000000002202 1
1 0 437111 -8 6 12 5 11 -1 -1 1200112011000000000000000000001200000000101000000010200000000000000030002000000300020000001000000000000002000000000002202 1
2 0 437111 -8 14 14 15 13 -1 -1 1200112011000000000000000000101200000000001000000010200000000000000030002000000300020000001000000000000002000000000002202 1
1 0 430820 -8 6 16 4 14 -1 -1 1200112011000000000000000000101200000000001000000010200000000000000030002000000300020000001000000000000002000000000000222 1
2 0 430820 -8 12 14 13 15 -1 -1 1200112011000000010000000000101200000000000000000010200000000000000030002000000300020000001000000000000002000000000000222 1
1 0 425958 -8 11 9 10 8 -1 -1 1200112011000000010000000000101200000000000000000010200000000000000030002000000300020000001000000000000000000000002000222 1
2 0 425958 -8 13 15 14 14 -1 -1 1200112011000000010000000000101200000000000000000010200000000000000030002000001300020000000000000000000000000000002000222 1
1 0 422700 -8 10 8 4 10 -1 -1 1200112011000000010000000000101200000000000000000010200000000000000030002000001300020000000000000000000000000000000002222 1
2 0 422700 -8 10 18 11 17 -1 -1 1200112011000001010000000000101200000000000000000010200000000000000030002000000300020000000000000000000000000000000002222 1
1 0 416842 -8 4 10 3 11 -1 -1 1200112011000001010000000000101200000000000000000010200000000000000030002000000300000000000000200000000000000000000002222 1
2 0 416842 -8 11 17 12 16 -1 -1 1200112111000000010000000000101200000000000000000010200000000000000030002000000300000000000000200000000000000000000002222 1
1 0 414145 -8 5 11 4 12 -1 -1 1200112111000000010000000000101200000000000000000010200000000000000030002000000300000000000000000000000000200000000002222 1
2 0 414145 -8 12 16 13 15 -1 -1 1200112111000000110000000000001200000000000000000010200000000000000030002000000300000000000000000000000000200000000002222 1
1 0 412693 -8 2 12 1 13 -1 -1 1200112111000000110000000000001200000000000000000010200000000000000030002000000300000000000000000000000000000000002002222 1
2 0 412693 -8 9 17 10 18 -1 -1 1210012111000000110000000000001200000000000000000010200000000000000030002000000300000000000000000000000000000000002002222 1
1 0 411348 -8 4 14 2 12 -1 -1 1210012111000000110000000000001200000000000000000010200000000000000030000000000300020000000000000000000000000000002002222 1
2 0 411348 -8 10 18 11 17 -1 -1 1210112111000000100000000000001200000000000000000010200000000000000030000000000300020000000000000000000000000000002002222 1
1 0 410262 -8 4 12 2 10 -1 -1 1210112111000000100000000000001200000000000000000010200000000000000030000000000300000000000000200000000000000000002002222 1
