1322287368000
benny
kingfish
1 0 599905 600000 14 10 12 12 -1 -1 2222222222000000000000000000000000000000000000000000000000000000000000000000000000000000000000000000000000000001111111111 2
2 0 599905 599911 2 14 4 12 -1 -1 2222222222000000000000000000000000000000000000000000000000000000000000000000000000000000000000000000000010000001111011111 2
1 0 599903 599911 16 12 12 8 5 9 2222202222000000200000000000000000000000000000000000000000000000000000000000000000000000000000000000000010000001111011111 2
2 0 599903 599910 0 12 4 16 -1 -1 2222202222000000200000000003000000000000000000000000000000000000000000000000000000000000000000000000001010000001111011110 2
1 0 599902 599910 14 14 12 16 -1 -1 0222202222000000202000000003000000000000000000000000000000000000000000000000000000000000000000000000001010000001111011110 2
2 0 599902 599909 3 11 5 13 -1 -1 0222202222000000202000000003000000000000000000000000000000000000000000000000000000000000000000000000001010100001111010110 2
1 0 599902 599909 14 12 12 14 -1 -1 0222202022000000202000000003020000000000000000000000000000000000000000000000000000000000000000000000001010100001111010110 2
2 0 599902 599908 2 12 6 12 -1 -1 0222202022000000202000000003020000000000000000000000000000000000000000000000000000000000000000000000001011100001111000110 2
1 0 599902 599908 13 15 11 17 -1 -1 0222002022000000202000000003020000000000200000000000000000000000000000000000000000000000000000000000001011100001111000110 2
2 0 599902 599907 3 13 7 13 -1 -1 0222002022000000202000000003020000000000200000000000000000000000000000000000000000000000000000100000001011100001110000110 2
1 0 599902 599907 13 11 11 13 -1 -1 0222002002000000202000000003020000000000200000000002000000000000000000000000000000000000000000100000001011100001110000110 2
2 0 599902 599672 2 10 8 12 -1 -1 0222002002000000202000000003020000000000200000000002000000000000000000000000000000000000000010100000001011100001010000110 2
1 0 599901 599672 13 13 11 15 -1 -1 0220002002000000202000000003020000000000200000000002000000002000000000000000000000000000000010100000001011100001010000110 2
2 0 599901 599671 5 13 9 13 -1 -1 0220002002000000202000000003020000000000200000000002000000002000000000000000000000000000000011100000001011100001000000110 2
1 0 599900 599671 12 14 8 10 -1 -1 0220002002000000202000000003000000000000200000000002000000002000000000200000000000000000000011100000001011100001000000110 2
2 0 599900 598390 1 11 2 12 -1 -1 0220002002000000202000000003000000000000200000000002000000012000000000200000000000000000000011100000001010100001000000110 2
1 0 599899 598390 11 13 7 9 10 12 0020202002000000202000000003000000000000200000000002000000012000000000200000000000000000000011100000001010100001000000110 2
2 0 599899 597257 9 13 13 13 -1 -1 0020202002000000202000000003000000000000200000000102000000012000000000200000000030000000000001100000001010100001000000110 2
1 0 599898 597257 8 10 4 14 -1 -1 0020202002000000202000000003000000000000200000000102000000012000000000000000000030000000000001100000001010100001020000110 2
2 0 599898 596342 1 13 11 11 -1 -1 0020202002000000212000000003000000000000200000000102000000002000000000000000000030000000000001100000001010100001020000110 2
1 0 599897 596342 13 9 11 7 -1 -1 0000202002000000212000000003000000000000200000000102000000002000000000000000000030000000000201100000001010100001020000110 2
2 0 599897 594476 7 13 11 13 -1 -1 0000202002000000212000000003000000000000200000000102000000002000000000000000000030000000010201100000001010100000020000110 2
1 0 599896 594476 12 12 10 14 -1 -1 0000202002000000212000000003000000000000200000000100000000002000000000000000000030000000010221100000001010100000020000110 2
2 0 599896 593544 3 15 9 13 -1 -1 0000202002000000212000000003000000000000200000000100000000002000000000000000000031000000010221100000001000100000020000110 2
1 0 599895 593544 12 8 10 6 -1 -1 0000202000000000212000000003000000000000200000000100000000002000000000200000000031000000010221100000001000100000020000110 2
2 0 599895 593153 2 12 3 13 -1 -1 0000202000000000212000000003000000000000200000000100000000002000000000200000010031000000010221100000000000100000020000110 2
1 0 599891 593153 12 16 10 18 -1 -1 0000002020000000212000000003000000000000200000000100000000002000000000200000010031000000010221100000000000100000020000110 2
2 0 599891 592602 3 13 9 11 -1 -1 0000002020000000212000000003000000000000200000000100000000002000000000200000010031010000010221100000000000000000020000110 2
1 0 599890 592602 11 17 9 19 -1 -1 0000002000000000212000000003000000000000200000000100000000002000000002200000010031010000010221100000000000000000020000110 2
2 0 599890 591330 8 12 16 12 -1 -1 0000002000000000212000000003000000000000200000000100000000002000000002200100010031010000010221000000000000000000020000110 2
1 0 599890 591330 11 7 9 5 -1 -1 0000002000000000212000000003000000000000200000000100000000000000000002200100010031010000010221000000000000000000020000112 2
2 0 599890 590120 3 9 4 8 -1 -1 0000002000000000212000000003000000000000200000000100000000000000001002200100010031010000000221000000000000000000020000112 2
1 0 599890 590120 10 6 8 4 -1 -1 0000000000000020212000000003000000000000200000000100000000000000001002200100010031010000000221000000000000000000020000112 2
2 0 599890 589242 4 8 8 8 -1 -1 0000000000000020212000000003000000000000200000000100000010000000001002200100000031010000000221000000000000000000020000112 2
1 0 599889 589242 10 14 8 12 -1 -1 0000000000000000212000000003000000000000200000000100000010200000001002200100000031010000000221000000000000000000020000112 2
2 0 599889 586680 4 16 3 15 -1 -1 0000000000000000212000000003000000000000200000000100000010201000001002200100000030010000000221000000000000000000020000112 2
1 0 599888 586680 10 18 8 20 -1 -1 0000000002000000210000000003000000000000200000000100000010201000001002200100000030010000000221000000000000000000020000112 2
2 0 599888 585708 3 15 9 9 -1 -1 0000000002000000210000000003000000000000200000000100000010201000101002200100000030000000000221000000000000000000020000112 2
1 0 599887 585708 15 13 14 12 -1 -1 0000000000000000210000000003000000000000200000000100000010201000101022200100000030000000000221000000000000000000020000112 2
2 0 599887 581211 8 8 14 14 -1 -1 0000000000000000210000000003000000000000200000000100000010201000101022200100000030000000000221000000000000000000020010102 2
1 0 599886 581211 14 12 10 16 -1 -1 0000000000000000210000000003000000000000200000000100000010001000101022200100000030000000000221000000000000000000020012102 2
2 0 599886 578454 11 13 12 12 -1 -1 0000000000000000210000000003000000000000200000000100000010001000101022200100000030100000000221000000000000000000020002102 2
1 0 599885 578454 11 15 7 19 -1 -1 0000000000000000210000000003000000000000200000000100000010001000101022200100000030100000000201000000000020000000020002102 2
2 0 599885 575326 9 11 15 13 -1 -1 0000000000000000210000000003000000000000200000000100001010001000101022200100000030100000000200000000000020000000020002102 2
1 0 599884 575326 8 12 4 8 -1 -1 0000000000000000210000000003000000000000200000000100001010001000101020200100000030100000000200000000000020000000020002122 2
2 0 599884 574316 9 9 9 11 -1 -1 0000000000000010210000000003000000000000200000000100001010000000101020200100000030100000000200000000000020000000020002122 2
1 0 599883 574316 9 19 7 17 -1 -1 0000000000000010210000000003000000000000200000000100001010000000101002200100000030100000000200000000000020000000020002122 2
2 0 599883 573719 9 11 13 15 -1 -1 0000000000000010210000000003000000000000200000000100011010000000101002200000000030100000000200000000000020000000020002122 2
1 0 599882 573719 8 20 6 18 -1 -1 0000000000000010210000000003000000000000200000000100011010000000101000200000000030100000000200000000000020000000022002122 2
2 0 599882 572770 11 11 12 10 -1 -1 0000000000000010210000000003000000000000200100000100011010000000001000200000000030100000000200000000000020000000022002122 2
1 0 599881 572770 7 19 5 17 -1 -1 0000000000000010210000000003000000000000200100000100011010000000001000200000000030100000000000000000000220000000022002122 2
2 0 599881 571841 9 13 13 9 -1 -1 0000000000000010210000000003000100000000200100000100010010000000001000200000000030100000000000000000000220000000022002122 2
1 0 599881 571841 7 17 3 13 -1 -1 0000000000000010210000000003000100000000200100000100010010000000001000000000000030100000000000000000000220000002022002122 2
2 0 599881 570187 12 10 14 12 -1 -1 0000000010000010210000000003000100000000200100000100000010000000001000000000000030100000000000000000000220000002022002122 2
1 0 599880 570187 6 18 4 16 -1 -1 0000000010000010210000000003000100000000200100000100000010000000001000000000000030100000000000000000000020000002022022122 2
2 0 599880 569439 4 12 5 11 -1 -1 0000000010000010211000000003000100000000200000000100000010000000001000000000000030100000000000000000000020000002022022122 2
1 0 599879 569439 5 17 3 15 -1 -1 0000000010000010011000000003200100000000200000000100000010000000001000000000000030100000000000000000000020000002022022122 2
2 0 599879 568881 5 11 7 13 -1 -1 0000000011000010011000000003200000000000200000000100000010000000001000000000000030100000000000000000000020000002022022122 2
1 0 599878 568881 4 14 2 12 -1 -1 0000000011000010011000000003000000000000200000000102000010000000001000000000000030100000000000000000000020000002022022122 2
2 0 599878 568479 6 12 8 14 -1 -1 0000100011000010001000000003000000000000200000000102000010000000001000000000000030100000000000000000000020000002022022122 2
1 0 599877 568479 4 16 2 10 -1 -1 0000100011000010001000000003000000000000000000000102000010000200001000000000000030100000000000000000000020000002022022122 2
2 0 599877 568151 8 14 8 12 -1 -1 0001100011000010000000000003000000000000000000000102000010000200001000000000000030100000000000000000000020000002022022122 2
1 0 599877 568151 3 13 1 11 -1 -1 0001100011000010000000000003000000000000000000000102000010002000001000000000000030100000000000000000000020000002022022122 2
2 0 599877 567814 7 13 13 11 -1 -1 0101100001000010000000000003000000000000000000000102000010002000001000000000000030100000000000000000000020000002022022122 2
1 0 599876 567814 2 10 0 12 -1 -1 0101100001000010000000000003000000000000000000000100000010002000001000000000000030100000000000000000000020000002222022122 2
2 0 599876 567505 12 12 14 10 -1 -1 1100100001000010000000000003000000000000000000000100000010002000001000000000000030100000000000000000000020000002222022122 2
