1322291043000
googolhex
kingfish
1 0 599560 600000 13 11 12 10 -1 -1 2222222222000000000000000000000000000000000000000000000000000000000000000000000000000000000000000000000000000001111111111 2
2 0 599560 599903 2 14 4 12 -1 -1 2222222222000000000000000000000000000000000000000000000000000000000000000000000000000000000000000000000100000001011111111 2
1 0 598871 599903 13 15 11 9 -1 -1 2222202222000000200000000000000000000000000000000000000000000000000000000000000000000000000000000000000100000001011111111 2
2 0 598871 599902 0 12 4 16 -1 -1 2222202222000000200000000000000000000000000000000000000000000000000000000000000000000000001000000000000100000001010111111 2
1 0 597873 599902 14 14 10 10 -1 -1 0222202222000000202000000000000000000000000000000000000000000000000000000000000000000000001000000000000100000001010111111 2
2 0 597873 599901 3 11 5 13 -1 -1 0222202222000000202000000000000000000000000000000000000000000000000000000000000100000000001000000000000100000001010110111 2
1 0 595451 599901 16 12 12 12 -1 -1 0222202022000000202000000000020000000000000000000000000000000000000000000000000100000000001000000000000100000001010110111 2
2 0 595451 599900 2 12 6 12 -1 -1 0222202022000000202000000000020000000000000000000000000000000000000000000000000100000000001000000000000110000001010110110 2
1 0 591177 599900 15 13 11 13 -1 -1 0222002022000000202000000000020000000000200000000000000000000000000000000000000100000000001000000000000110000001010110110 2
2 0 591177 599899 3 13 7 13 -1 -1 0222002022000000202000000000020000000000200000000000000000000000000000000000000100000000001010000000000110000001010110100 2
1 0 583884 599899 14 12 10 8 -1 -1 0222002002000000202000000000020000000000200000000002000000000000000000000000000100000000001010000000000110000001010110100 2
2 0 583884 599724 4 12 8 12 -1 -1 0222002002000000202000000000020000000000200000000002000000000000000000000000001100000000001010000000000110000001010100100 2
1 0 577540 599724 13 13 9 9 -1 -1 0222002002000000002000000000020000000000200000000002000000002000000000000000001100000000001010000000000110000001010100100 2
2 0 577540 593714 3 9 4 10 -1 -1 0222002002000000002000000000020000000000200000000002000000002000000010000000001100000000001010000000000110000001000100100 2
1 0 571934 593714 12 12 12 8 -1 -1 0222000002000002002000000000020000000000200000000002000000002000000010000000001100000000001010000000000110000001000100100 2
2 0 571934 590856 1 11 5 15 -1 -1 0222000002000002002000000000020000000000200000000002000000002000000010000000001100000000001010000000001100000001000100100 2
1 0 569064 590856 11 13 10 12 -1 -1 0022000002000002002000000000022000000000200000000002000000002000000010000000001100000000001010000000001100000001000100100 2
2 0 569064 584725 5 13 11 11 -1 -1 0022000002000002002000000000022000000000200000000002000000002000000010000000001110000000001000000000001100000001000100100 2
1 0 567747 584725 9 9 8 8 -1 -1 0022000002000002002000000000002000000000200000000002000000002000000010000000001110000000001200000000001100000001000100100 2
2 0 567747 581179 3 15 7 11 -1 -1 0022000002000002002000000000002000000000200000000002000000102000000000000000001110000000001200000000001100000001000100100 2
1 0 566518 581179 13 9 9 9 -1 -1 0022000000000002002000000000002000000000200000000022000000102000000000000000001110000000001200000000001100000001000100100 2
2 0 566518 576253 11 11 13 9 -1 -1 0022000000000002002000000000002000000000200000000022000000102000000010000000001110000000001200000000001100000000000100100 2
1 0 564939 576253 14 10 13 11 -1 -1 0022000000000002002000000000002000000000200000000022000000102000000010000000001110000000001000000000001100000002000100100 2
2 0 564939 571133 4 16 6 14 -1 -1 0022000000000002002000000000002000000000200000000022000000102000000010000000001110000000001000000000001100000002100000100 2
1 0 562697 571133 15 11 14 10 -1 -1 0022000000000002000000000000002000000000220000000022000000102000000010000000001110000000001000000000001100000002100000100 2
2 0 562697 566975 2 10 3 9 -1 -1 0022000000000002000000000000002000000000220000000022000000102000000010000000001110000000001000000000001100000002100100000 2
1 0 561091 566975 11 9 9 11 -1 -1 0020002000000002000000000000002000000000220000000022000000102000000010000000001110000000001000000000001100000002100100000 2
2 0 561091 561729 7 13 11 9 -1 -1 0020002000000002000000000000002000000000220000000022000000102000000011000000001110000000000000000000001100000002100100000 2
1 0 553282 561729 10 12 8 10 -1 -1 0020002000000002000000000000002000000000220000000020000000102000000011000000001110000000002000000000001100000002100100000 2
2 0 553282 558671 3 9 7 13 -1 -1 0020002000000002000000000000002000000000220000000020000000112000000011000000001100000000002000000000001100000002100100000 2
1 0 550116 558671 14 10 12 12 -1 -1 0020000000000002000000000000002000000000220000000022000000112000000011000000001100000000002000000000001100000002100100000 2
2 0 550116 554678 1 13 2 12 -1 -1 0020000000000002000000000000002000000000220000000022000000112000000011000000001100000000002000000000001110000002100000000 2
1 0 545656 554678 9 11 7 9 -1 -1 0000200000000002000000000000002000000000220000000022000000112000000011000000001100000000002000000000001110000002100000000 2
2 0 545656 550711 8 12 9 13 -1 -1 0000200000000002000000000000002000000000220000000122000000112000000010000000001100000000002000000000001110000002100000000 2
1 0 538188 550711 12 12 11 11 -1 -1 0000200000000002000000000000002000000000220000000122000000110000000010200000001100000000002000000000001110000002100000000 2
2 0 538188 547288 6 14 10 14 -1 -1 0000200000000002000000000000002000000000220000000122000000110000000010200000001100000000002100000000001100000002100000000 2
1 0 529164 547288 12 10 10 12 -1 -1 0000200000000002000000000000002000000000200000000122000000110000000010200000001102000000002100000000001100000002100000000 2
2 0 529164 542653 6 12 8 14 -1 -1 0000200000000002000000000000002000000000200000000122000000110000000010200000001112000000002100000000001000000002100000000 2
1 0 519685 542653 10 12 9 11 -1 -1 0000200000000002000000000000002000000000000000000122000000110200000010200000001112000000002100000000001000000002100000000 2
2 0 519685 536508 7 13 11 13 -1 -1 0000200000000002000000000000002000000000000000000122000000110200000011200000001102000000002100000000001000000002100000000 2
1 0 508055 536508 10 10 6 10 -1 -1 0000200000000002000000000000002000000000000000000120000000110200000011200000001102000000002120000000001000000002100000000 2
2 0 508055 528979 8 14 12 14 -1 -1 0000200000000002000000000000002000000001000000000120000000110200000011200000001002000000002120000000001000000002100000000 2
1 0 499453 528979 13 11 14 10 -1 -1 0000200000000002000000000000002000000001000000000120000000110000000011200000001002000000002120000000001002000002100000000 2
2 0 499453 523348 9 13 13 13 -1 -1 0000200000000002000000000000002000000001000000000120000000110000000011200000001002000000002120000000001002000002000100000 2
1 0 492692 523348 6 10 5 11 -1 -1 0000200000000002000000000000002000000001000000000120000000110000000011000000001002000000002120000000001002000002020100000 2
2 0 492692 517266 7 11 8 12 -1 -1 0000200000000002000000000000102000000000000000000120000000110000000011000000001002000000002120000000001002000002020100000 2
1 0 485612 517266 8 8 4 12 -1 -1 0000200000000002000000000000102000000000000000000100000000112000000011000000001002000000002120000000001002000002020100000 2
2 0 485612 511839 8 12 10 10 -1 -1 0000200000000002100000000000102000000000000000000100000000012000000011000000001002000000002120000000001002000002020100000 2
1 0 480824 511839 14 10 13 11 -1 -1 0000200000000002100000000000102000000000000000000100000000010000000011000000001202000000002120000000001002000002020100000 2
2 0 480824 505204 10 14 14 14 -1 -1 0000200000000002100000000000102000000000000000000100000000010000000011000000001202000000002120000000001002000002120000000 2
1 0 474501 505204 13 11 12 10 -1 -1 0000200000000002100000000000102000000000000000000100000000010000000011000000001200000000002120000000001002000002120002000 2
2 0 474501 499429 11 9 13 11 -1 -1 0000200000000002100000000000102000000000000000000100000000010000000011000000001200000000002120000000001102000002020002000 2
1 0 469233 499429 12 10 11 9 -1 -1 0000200000000002100000000000102000000000000000000100000000010000000011000000001200000000000120000000001102000002220002000 2
2 0 469233 492526 11 13 15 13 -1 -1 0000200000000002100000000000102000000000000000000100000000010000000011000000001200000000001120000000001002000002220002000 2
1 0 469232 492526 5 11 1 11 -1 -1 0000200000000002100000000000102000000000000000000100000000010000000011000000001200000000001100000000001002000002220002020 2
2 0 469232 488308 2 12 3 11 -1 -1 0100200000000002100000000000002000000000000000000100000000010000000011000000001200000000001100000000001002000002220002020 2
1 0 469232 488308 4 12 0 12 10 14 0100000200000002100000000000002000000000000000000100000000010000000011000000001200000000001100000000001002000002220002020 2
2 0 469232 483811 3 11 5 9 -1 -1 1100000200000002000000000000002000000000000000000100000000010000000011000000001203000000001100000000001002000002220002020 2
1 0 469231 483811 11 9 9 15 -1 -1 1100000000000002000000000002002000000000000000000100000000010000000011000000001203000000001100000000001002000002220002020 2
2 0 469231 476389 12 14 14 12 -1 -1 1100000000000002000000000002002000000000000000000100000000010000000011010000001203000000000100000000001002000002220002020 2
1 0 469230 476389 10 8 8 14 -1 -1 1100000000000002000000000002002000000000000000000100000000010000000011010000001203000000000100000000001000000002220022020 2
2 0 469230 473153 4 10 6 8 -1 -1 1100000000000002000000000002002000000000000000000100000000010100000011010000000203000000000100000000001000000002220022020 2
1 0 469230 473153 9 9 7 11 -1 -1 1100000000000000000000000002002000000020000000000100000000010100000011010000000203000000000100000000001000000002220022020 2
2 0 469230 468853 10 10 14 10 -1 -1 1100000000000000000000000002002000000020000000000110000000010100000001010000000203000000000100000000001000000002220022020 2
1 0 469229 468853 9 15 7 13 -1 -1 1100000000000000000000000002002000000020000000000110000000010100000001010000000003000000000100000000001000000002220222020 2
2 0 469229 463961 5 15 6 14 -1 -1 1100000000000000000000000002002000000020000000000111000000010100000001000000000003000000000100000000001000000002220222020 2
1 0 469228 463961 8 10 6 16 -1 -1 1100000000000000000000000002000000000020020000000111000000010100000001000000000003000000000100000000001000000002220222020 2
2 0 469228 456068 6 14 12 12 -1 -1 1100000000000000000000000002000000000020021000000111000000000100000001000000000003000000000100000000001000000002220222020 2
1 0 469228 456068 8 14 6 12 -1 -1 1100000000000000000000000002000000000020001000000111000000000100000001000000000003000000000100000000001020000002220222020 2
2 0 469228 452993 6 8 12 14 -1 -1 1100000000000000000000000002000000000020101000000111000000000000000001000000000003000000000100000000001020000002220222020 2
1 0 469227 452993 7 13 5 7 8 14 1100000000000000000000000002000000000000101000000111000000000000000001000000000003000000000100000000001022000002220222020 2
2 0 469227 449256 5 9 6 10 -1 -1 1100000000000000000000000012000000000000101000000110000000000300000001000000000003000000000100000000001022000002220222020 2
1 0 469227 449256 7 9 5 11 -1 -1 1100000000000000000000000010000000000002101000000110000000000300000001000000000003000000000100000000001022000002220222020 2
2 0 469227 446518 6 10 8 16 -1 -1 1100000000000000000000000010100000000002101000000010000000000300000001000000000003000000000100000000001022000002220222020 2
1 0 469226 446518 7 11 5 13 -1 -1 1100000000000000000000000010100000000000101000000010000000000320000001000000000003000000000100000000001022000002220222020 2
2 0 469226 443741 8 16 9 15 -1 -1 1100000000000000000000000010110000000000101000000000000000000320000001000000000003000000000100000000001022000002220222020 2
1 0 469225 443741 6 12 4 14 -1 -1 1100000000000000000000000010110000000000101000000000000000000300000001020000000003000000000100000000001022000002220222020 2
2 0 469225 442048 9 15 13 15 -1 -1 1100000000000000010000000010110000000000001000000000000000000300000001020000000003000000000100000000001022000002220222020 2
1 0 469224 442048 5 11 3 13 -1 -1 1100000000000000010000000010110000000000001000000000000000000300000001000000000003000000000100000000001022000002222222020 2
2 0 469224 440280 13 9 15 11 -1 -1 1100000010000000010000000010010000000000001000000000000000000300000001000000000003000000000100000000001022000002222222020 2
1 0 469223 440280 5 13 3 15 -1 -1 1100000010000000010000000010010000000000001000000000000000000300000001000000000003000000000100000000001022000000222222220 2
2 0 469223 438104 14 10 16 12 -1 -1 1100000011000000010000000010000000000000001000000000000000000300000001000000000003000000000100000000001022000000222222220 2
1 0 469222 438104 4 14 2 12 -1 -1 1100000011000000010000000010000000000000001000000000000000000300000001000000000003000000000100000000001022000000222022222 2
2 0 469222 436462 12 12 14 10 -1 -1 1100100011000000000000000010000000000000001000000000000000000300000001000000000003000000000100000000001022000000222022222 2
1 0 469222 436462 3 15 1 13 -1 -1 1100100011000000000000000010000000000000001000000000000000000300000001000000000003000000000100000000001002000000222222222 2
2 0 469222 435440 13 13 13 9 -1 -1 1110100010000000000000000010000000000000001000000000000000000300000001000000000003000000000100000000001002000000222222222 2
1 0 469222 435440 12 8 11 7 -1 -1 1110100010000000000000000010000000000000001000000000000000000300000001000000000003000000000100000000001002000002202222222 2
2 0 469222 434115 12 14 13 13 -1 -1 1110100010000000000000000010000000000000001000000000000000000300000001000000000003000000010100000000000002000002202222222 2
