1322289502000
kingfish
googolhex
1 0 599823 600000 14 10 12 12 -1 -1 2222222222000000000000000000000000000000000000000000000000000000000000000000000000000000000000000000000000000001111111111 1
2 0 599823 599671 3 13 4 14 -1 -1 2222222222000000000000000000000000000000000000000000000000000000000000000000000000000000000000000000000010000001111011111 1
1 0 599821 599671 16 12 12 8 -1 -1 2222222202000000020000000000000000000000000000000000000000000000000000000000000000000000000000000000000010000001111011111 1
2 0 599821 599016 3 9 5 15 -1 -1 2222222202000000020000000000000000000000000000000000000000000000000000000000000000000000000000000000001010000001111011110 1
1 0 599820 599016 13 13 11 11 -1 -1 2222220202000000020000000000002000000000000000000000000000000000000000000000000000000000000000000000001010000001111011110 1
2 0 599820 597979 5 15 6 16 -1 -1 2222220202000000020000000000002000000000000000000000000000000000000000000000000000000000000100000000001010000001101011110 1
1 0 599819 597979 14 12 10 12 -1 -1 2222220202000000020000000000000000000000002000000000000000000000000000000000000000000000000100000000001010000001101011110 1
2 0 599819 597213 2 10 4 12 -1 -1 2222220202000000020000000000000000000000002000000000000000000000000000000000000010000000000100000000001010000001101001110 1
1 0 599818 597213 13 11 9 11 -1 -1 2220220202000000220000000000000000000000002000000000000000000000000000000000000010000000000100000000001010000001101001110 1
2 0 599818 595754 1 11 5 15 -1 -1 2220220202000000220000000000000000000000002000000000000000000000000001000000000010000000000100000000001010000001001001110 1
1 0 599625 595754 12 12 8 12 -1 -1 2020220202000000220000000000002000000000002000000000000000000000000001000000000010000000000100000000001010000001001001110 1
2 0 599625 593346 3 11 7 15 -1 -1 2020220202000000220000000000002000000000002000000000000000001000000001000000000010000000000100000000001000000001001001110 1
1 0 599624 593346 11 11 7 11 -1 -1 2020220002000000220000000000002000000000002000000000200000001000000001000000000010000000000100000000001000000001001001110 1
2 0 599624 589181 4 12 8 16 -1 -1 2020220002000000220000000000002000000000002000000010200000001000000001000000000010000000000000000000001000000001001001110 1
1 0 599624 589181 10 12 6 12 -1 -1 2020220002000000020000000000002000000000002000000010200000001020000001000000000010000000000000000000001000000001001001110 1
2 0 599624 585573 8 16 9 15 -1 -1 2020220002000000020000000000002000000000102000000010200000001020000001000000000000000000000000000000001000000001001001110 1
1 0 595716 585573 8 12 4 16 -1 -1 2020220002000000020000000000002000000000102000000010200000001000000001020000000000000000000000000000001000000001001001110 1
2 0 595716 583727 9 15 10 16 -1 -1 2020220002000000021000000000002000000000102000000010200000000000000001020000000000000000000000000000001000000001001001110 1
1 0 591898 583727 12 8 11 9 -1 -1 2020220002000000021000000000002000000000102000000010200000000000000001000000000000200000000000000000001000000001001001110 1
2 0 591898 582242 7 15 8 16 -1 -1 2020220002000000021000000000002000000000102000000010200000000000000001000000000000200000001000000000000000000001001001110 1
1 0 589186 582242 14 14 6 10 -1 -1 2020220002000000021000000000002000000000102000000010000000000020000001000000000000200000001000000000000000000001001001110 1
2 0 589186 580960 5 15 9 15 -1 -1 2020220002000000021000000000002000000001102000000010000000000020000001000000000000200000001000000000000000000001001000110 1
1 0 586944 580960 15 11 14 10 -1 -1 2020220002000000021000000000000000000001102000000010000000000020000001020000000000200000001000000000000000000001001000110 1
2 0 586944 578912 4 14 5 15 -1 -1 2020220002000000021000000000000000000001102000000010000000000020000001020000000000200000001000000000000000000001001100010 1
1 0 584716 578912 7 11 5 17 -1 -1 2020220002000000001000000000002000000001102000000010000000000020000001020000000000200000001000000000000000000001001100010 1
2 0 584716 577837 5 15 6 14 -1 -1 2020220002000000001000000000002100000001102000000000000000000020000001020000000000200000001000000000000000000001001100010 1
1 0 582212 577837 14 10 8 12 -1 -1 2020220002000000001000000000000100000001122000000000000000000020000001020000000000200000001000000000000000000001001100010 1
2 0 582212 575949 3 15 4 14 -1 -1 2020220002000000001000000000000100000001122000000000000000001020000001020000000000200000001000000000000000000001001000010 1
1 0 579165 575949 5 17 3 15 -1 -1 2020220000000000021000000000000100000001122000000000000000001020000001020000000000200000001000000000000000000001001000010 1
2 0 579165 567294 6 14 7 15 -1 -1 2020220001000000021000000000000000000001122000000000000000001020000001020000000000200000001000000000000000000001001000010 1
1 0 574700 567294 9 11 1 11 -1 -1 2020220001000000021000000000000000000001102000000000200000001020000001020000000000200000001000000000000000000001001000010 1
2 0 574700 560117 7 15 11 15 -1 -1 2120220001000000021000000000000000000001102000000000200000001020000000020000000000200000001000000000000000000001001000010 1
1 0 572286 560117 6 10 5 11 -1 -1 2120220001000000021000000000000000000001102000000000000000001020000000020000000000200000001002000000000000000001001000010 1
2 0 572286 552191 8 16 16 12 -1 -1 2120220001000000021000000000100000000000102000000000000000001020000000020000000000200000001002000000000000000001001000010 1
1 0 569693 552191 6 12 4 10 -1 -1 2120220001000000021000000000100000000000102000000000000000001000000000020000000000200000001002000000000000000001001000012 1
2 0 569693 545926 2 12 3 13 -1 -1 2120220001000001021000000000100000000000002000000000000000001000000000020000000000200000001002000000000000000001001000012 1
1 0 567621 545926 15 13 14 14 -1 -1 2120020021000001021000000000100000000000002000000000000000001000000000020000000000200000001002000000000000000001001000012 1
2 0 567621 540170 11 15 12 16 -1 -1 2120020021000001021000000000100000000000002000000000000000001000000000020000000000200000001002000000000000000001001001002 1
1 0 565696 540170 4 16 4 12 -1 -1 2120020021000001021000000000100000000000002000000000000000001000000000020000000000200000001000000000000000200001001001002 1
2 0 565696 536825 2 14 4 16 -1 -1 2120020021000001120000000000100000000000002000000000000000001000000000020000000000200000001000000000000000200001001001002 1
1 0 563766 536825 13 15 11 17 -1 -1 2120000021000001122000000000100000000000002000000000000000001000000000020000000000200000001000000000000000200001001001002 1
2 0 563766 531836 3 13 5 15 -1 -1 2120000021000001122000000000100000000000002000000000000000001000000000020000000000200000001000100000000000200001000001002 1
1 0 561152 531836 5 11 3 13 -1 -1 2120000001000001122000000000102000000000002000000000000000001000000000020000000000200000001000100000000000200001000001002 1
2 0 561152 530740 12 16 13 15 -1 -1 2120000011000001122000000000002000000000002000000000000000001000000000020000000000200000001000100000000000200001000001002 1
1 0 557562 530740 11 17 11 15 -1 -1 2120000011000001122000000000002000000000002000000000000000001000000000020000000000200000001000100000000000000001002001002 1
2 0 557562 529700 6 16 7 15 -1 -1 2120000011000001122000000000002000000000002000000000000000001000000000020000000000200000001001000000000000000001002001002 1
1 0 554236 529700 14 14 6 14 -1 -1 2120000011000001122000000000002000000000000000000000200000001000000000020000000000200000001001000000000000000001002001002 1
2 0 554236 526929 7 15 8 16 -1 -1 2120000011000001122000000000002000000000010000000000200000001000000000020000000000200000001001000000000000000001002000002 1
1 0 549686 526929 11 15 3 11 -1 -1 2120000011000001122000000000002000000000010000000000000000001020000000020000000000200000001001000000000000000001002000002 1
2 0 549686 525724 4 14 5 13 -1 -1 2120000111000001122000000000002000000000010000000000000000001020000000020000000000200000001000000000000000000001002000002 1
1 0 547989 525724 4 10 2 12 -1 -1 2120000111000001102000000000022000000000010000000000000000001020000000020000000000200000001000000000000000000001002000002 1
2 0 547989 523825 5 13 11 15 -1 -1 2120100111000000102000000000022000000000010000000000000000001020000000020000000000200000001000000000000000000001002000002 1
1 0 546381 523825 4 12 2 14 -1 -1 2120100111000000102000000000002000000000010000000000000000001020000000020000000000200000001002000000000000000001002000002 1
2 0 546381 522059 11 15 12 16 -1 -1 2120110111000000002000000000002000000000010000000000000000001020000000020000000000200000001002000000000000000001002000002 1
1 0 544747 522059 13 9 12 8 -1 -1 2120110111000000002000000000002000000000010000000000000000001020000000020000000000200000001000000000000000200001002000002 1
2 0 544747 522057 5 15 9 11 -1 -1 2120110111000000002000000000002000000000010000000000000000001020000000020000000000200000001000000000001000200000002000002 1
1 0 543737 522057 12 8 10 10 -1 -1 2120110111000000002000000000000000000000010000000000000000001020000002020000000000200000001000000000001000200000002000002 1
2 0 543737 522056 12 16 14 14 4 12 2120110111000000002000000000000000000000010000000000000000001020000002020000000100200000001000000000000000200000002000002 1
1 0 542490 522056 8 12 7 11 -1 -1 2120110111000000302000000000000000000000010000000000000000001020000002020000000100200000001000000000000000000000002002002 1
2 0 542490 522055 13 15 15 13 -1 -1 2120110111000000302000000000000000000000010000000010000000000020000002020000000100200000001000000000000000000000002002002 1
1 0 541283 522055 10 10 6 10 -1 -1 2120110111000000302000000000000000000000010000000010000000000020000002020000000100200000001000000000000000000000000002022 1
2 0 541283 522055 9 15 11 17 -1 -1 2120110111000000302000000000000000000001010000000010000000000020000002020000000000200000001000000000000000000000000002022 1
1 0 540248 522055 7 11 5 9 -1 -1 2120110111000000302000000000000000000001010000000010000000000020000002000000000000200000001000200000000000000000000002022 1
2 0 540248 522054 0 12 2 10 7 9 2120110111000000302000000001000000000001010000000000000000000020000002000000000000200000001000200000000000000000000002022 1
1 0 538743 522054 6 10 4 8 -1 -1 0122110111000000302000000001000000000001010000000300000000000020000002000000000000200000001000200000000000000000000002022 1
2 0 538743 522054 11 17 12 16 -1 -1 0122110111000010302000000001000000000000010000000300000000000020000002000000000000200000001000200000000000000000000002022 1
1 0 537039 522054 4 8 3 9 -1 -1 0122110111000010302000000001000000000000010000000300000000000020000002000000000000200000001000000000000000200000000002022 1
2 0 537039 522053 2 10 8 8 -1 -1 0122111111000000302000000001000000000000010000000300000000000020000002000000000000200000001000000000000000200000000002022 1
1 0 535199 522053 5 9 4 10 -1 -1 0120111111000000302000000001000000000000010000000300000000200020000002000000000000200000001000000000000000200000000002022 1
2 0 535199 522053 12 16 13 15 -1 -1 0120111111000001302000000000000000000000010000000300000000200020000002000000000000200000001000000000000000200000000002022 1
1 0 533964 522053 6 14 5 13 -1 -1 0120111111000001302000000000000000000000010000000300000000200020000002000000000000200000001000000000000000000000002002022 1
2 0 533964 522052 10 16 11 17 -1 -1 0120111111000001302000000000010000000000000000000300000000200020000002000000000000200000001000000000000000000000002002022 1
1 0 533146 522052 4 10 4 8 -1 -1 0120111111000001302000000000010000000000000000000300000000200020000002000000000000000000001000200000000000000000002002022 1
2 0 533146 522051 11 17 12 16 -1 -1 0120111111000010302000000000010000000000000000000300000000200020000002000000000000000000001000200000000000000000002002022 1
1 0 532551 522051 4 8 0 12 -1 -1 0120111111000010302000000000010000000000000000000300000000200020000002000000000000000000001000000000000000200000002002022 1
2 0 532551 522051 9 11 10 12 -1 -1 1120111111000000302000000000010000000000000000000300000000200020000002000000000000000000001000000000000000200000002002022 1
1 0 531871 522051 11 9 10 10 -1 -1 1120111111000000302000000000010000000000000000000300000000200020000000000000000020000000001000000000000000200000002002022 1
2 0 531871 522050 10 12 11 13 -1 -1 1120111111000000302000000000010000000000000000000300000000200020000000000000000120000000000000000000000000200000002002022 1
1 0 531231 522050 10 10 9 11 -1 -1 1120111111000000302000000000010000000000000000000300000000200020000000000000000100000000000020000000000000200000002002022 1
2 0 531231 522049 11 13 12 14 -1 -1 1120111111000000302000000000010000000000000000000300000000200020000001000000000000000000000020000000000000200000002002022 1
1 0 530727 522049 9 11 8 12 -1 -1 1120111111000000302000000000010000000000000000000300000000200020000001000000000000000000000000000000000002200000002002022 1
2 0 530727 522048 12 14 13 13 -1 -1 1120111111000000302000000000010000000000000000000300000000201020000000000000000000000000000000000000000002200000002002022 1
1 0 530006 522048 5 13 4 14 -1 -1 1120111111000000302000000000010000000000000000000300000000201020000000000000000000000000000000000000000000200000022002022 1
2 0 530006 522048 13 13 14 12 -1 -1 1120111111000000312000000000000000000000000000000300000000201020000000000000000000000000000000000000000000200000022002022 1
1 0 529493 522048 8 12 7 11 -1 -1 1120111111000000312000000000000000000000000000000300000000201020000000000000000000000000000000000000000000200000002022022 1
2 0 529493 522047 14 12 15 11 -1 -1 1120111111000000312000000000000000000000000000000310000000200020000000000000000000000000000000000000000000200000002022022 1
1 0 528952 522047 7 11 6 12 -1 -1 1120111111000000312000000000000000000000000000000310000000200020000000000000000000000000000000000000000000200000002002222 1
2 0 528952 522047 8 16 9 17 -1 -1 1120111111000000312000000000000000000000100000000300000000200020000000000000000000000000000000000000000000200000002002222 1
1 0 528299 522047 6 12 5 11 -1 -1 1120111111000000312000000000000000000000100000000300000000200000000000002000000000000000000000000000000000200000002002222 1
2 0 528299 522046 9 17 10 18 -1 -1 1120111111000000312000000000100000000000000000000300000000200000000000002000000000000000000000000000000000200000002002222 1
1 0 527859 522046 5 11 4 10 -1 -1 1120111111000000312000000000100000000000000000000300000000200000000000000000000000020000000000000000000000200000002002222 1
2 0 527859 522046 10 18 11 17 -1 -1 1120111111000001312000000000000000000000000000000300000000200000000000000000000000020000000000000000000000200000002002222 1
1 0 527621 522046 3 9 2 10 -1 -1 1120111111000001312000000000000000000000000000000300000000200000000000000000000000000000000000200000000000200000002002222 1
2 0 527621 522042 8 8 9 7 -1 -1 1121110111000001312000000000000000000000000000000300000000200000000000000000000000000000000000200000000000200000002002222 1
1 0 527448 522042 4 10 3 9 -1 -1 1121110111000001312000000000000000000000000000000300000000000000000200000000000000000000000000200000000000200000002002222 1
