1322295210000
eigenbot
kingfish
1 0 591831 600000 13 13 12 14 -1 -1 2222222222000000000000000000000000000000000000000000000000000000000000000000000000000000000000000000000000000001111111111 1
2 0 591831 599901 2 14 4 12 -1 -1 2222222222000000000000000000000000000000000000000000000000000000000000000000000000000000000000000000000001000001101111111 1
1 0 583983 599901 15 11 11 15 -1 -1 2222202222000000200000000000000000000000000000000000000000000000000000000000000000000000000000000000000001000001101111111 1
2 0 583983 599900 0 12 4 16 -1 -1 2222202222000000200000000000000000000000000000000000000000000000000000000000000000000000000001000000000001000001101111011 1
1 0 576148 599900 14 10 10 14 -1 -1 0222202222000000202000000000000000000000000000000000000000000000000000000000000000000000000001000000000001000001101111011 1
2 0 576148 599899 3 11 5 13 -1 -1 0222202222000000202000000000000000000000000000000000000000000000000000000000000001000000000001000000000001000001101011011 1
1 0 568247 599899 10 14 9 13 -1 -1 0222202022000000202000000000020000000000000000000000000000000000000000000000000001000000000001000000000001000001101011011 1
2 0 568247 599898 2 12 6 12 -1 -1 0222202022000000202000000000020000000000000000000000000000000000000000100000000000000000000001000000000001000001101011011 1
1 0 560525 599898 13 9 12 8 -1 -1 0222002022000000202000000000020000000000200000000000000000000000000000100000000000000000000001000000000001000001101011011 1
2 0 560525 599897 3 13 7 13 -1 -1 0222002022000000202000000000020000000000200000000000000000000000000000100000000000000000000001000000001001000000101011011 1
1 0 552643 599897 14 14 6 14 -1 -1 0222002002000000202000000000020000000000200000000002000000000000000000100000000000000000000001000000001001000000101011011 1
2 0 552643 596262 1 13 2 12 -1 -1 0222002002000000202000000000020000000000210000000002000000000000000000100000000000000000000001000000001001000000101010011 1
1 0 544858 596262 16 12 10 14 -1 -1 0202202002000000202000000000020000000000210000000002000000000000000000100000000000000000000001000000001001000000101010011 1
2 0 544858 591790 6 12 10 16 -1 -1 0202202002000000202000000000020000000000210000000002000000000000000000100000000001000000000001000000001001000000101010010 1
1 0 537302 591790 13 15 11 13 -1 -1 0202202002000000202000000000020000000000010000000002000000000000000000100000000001200000000001000000001001000000101010010 1
2 0 537302 587931 7 13 6 12 -1 -1 0202202002000000202000000000020000000000010000000002000000000000000000100000000001200000000011000000001001000000100010010 1
1 0 530067 587931 12 14 8 14 -1 -1 0202202002000000202000000000020000000000210000000000000000000000000000100000000001200000000011000000001001000000100010010 1
2 0 530067 585887 1 11 11 17 -1 -1 0202202002000000202000000000020000000000210000000000000000000100000000100000000001200000000011000000001000000000100010010 1
1 0 523254 585887 11 13 1 11 -1 -1 0002202002000000202000000000020000000000210000000000000000000100000000100000000001200000000011200000001000000000100010010 1
2 0 523254 582326 2 12 3 13 -1 -1 0102202002000000202000000000020000000000210000000000000000000100000000100000000001200000000001200000001000000000100010010 1
1 0 516702 582326 13 11 13 9 -1 -1 0102002022000000202000000000020000000000210000000000000000000100000000100000000001200000000001200000001000000000100010010 1
2 0 516702 578732 3 13 11 13 -1 -1 0102002022000000202000000000020000000000210000000000000000000100000000100000000001200000000001200000001000000001000010010 1
1 0 510283 578732 10 14 9 15 -1 -1 0102002002000000202000000000020000000000210000000000000000000100000000100000000001200000000021200000001000000001000010010 1
2 0 510283 576443 4 12 5 11 -1 -1 0102002002000000202000000000020000000000210000000000000000000100000000110000000000200000000021200000001000000001000010010 1
1 0 503908 576443 9 15 7 13 -1 -1 0102002002000000002000000000220000000000210000000000000000000100000000110000000000200000000021200000001000000001000010010 1
2 0 503908 571801 10 16 12 14 -1 -1 0102002002000000002000000000220000000000210000000001000000000100000000100000000000200000000021200000001000000001000010010 1
1 0 497746 571801 11 15 10 14 -1 -1 0102002002000000002000000000220000000000210000000001000000000100000000100000000000000000000021200000001002000001000010010 1
2 0 497746 567654 11 13 13 15 -1 -1 0102002002000000002000000000220000000000210000000001000000000100000000100000000001000000000020200000001002000001000010010 1
1 0 491677 567654 15 13 13 11 -1 -1 0102002002000000002000000000220000000000210000000001000000000100000000100000000001000000000000200000001002000001002010010 1
2 0 491677 562828 12 14 13 13 -1 -1 0102002002000000002000000000220000000000210000000001000000000100000000100000000001000000000000200000001002000001102010000 1
1 0 485804 562828 14 12 12 10 -1 -1 0102002002000000002000000000220000000000210000000001000000000100000000100000000001000000000000200000001000000001122010000 1
2 0 485804 559062 3 9 3 11 -1 -1 0102002002000000002000000000220000000000210000000001000000000100000000100000000001000000000000200000001100000001122000000 1
1 0 480244 559062 6 14 4 12 -1 -1 0102000202000000002000000000220000000000210000000001000000000100000000100000000001000000000000200000001100000001122000000 1
2 0 480244 554472 5 13 7 15 -1 -1 0102000202000000102000000000220000000000200000000001000000000100000000100000000001000000000000200000001100000001122000000 1
1 0 474518 554472 13 9 11 11 -1 -1 0102000202000000102000000000200000000000200000000001200000000100000000100000000001000000000000200000001100000001122000000 1
2 0 474518 549268 3 11 7 11 -1 -1 0102000202000000102000000000200000000000200000000001200000000100000000100000000001000000000100200000001100000000122000000 1
1 0 469014 549268 13 11 11 13 -1 -1 0102000002000000102000000000200000000000200000000021200000000100000000100000000001000000000100200000001100000000122000000 1
2 0 469014 544019 6 12 8 10 -1 -1 0102000002000000102000000000200000000000200000000021200000000100000000100000000001000000000110200000001100000000022000000 1
1 0 463582 544019 10 14 6 14 -1 -1 0102000002000000102000000000200000000000000000000021200000020100000000100000000001000000000110200000001100000000022000000 1
2 0 463582 537681 7 11 8 12 -1 -1 0102000002000000102000000000200000000000010000000021200000020100000000100000000000000000000110200000001100000000022000000 1
1 0 458499 537681 6 14 5 13 -1 -1 0102000002000000102000000000200000000000010000000001200000022100000000100000000000000000000110200000001100000000022000000 1
2 0 458499 531089 7 15 9 9 -1 -1 0102000002000000102000000000210000000000000000000001200000022100000000100000000000000000000110200000001100000000022000000 1
1 0 453499 531089 5 13 3 11 -1 -1 0102000002000000102000000000210000000000000000000001000000022100000020100000000000000000000110200000001100000000022000000 1
2 0 453499 525014 5 11 5 9 -1 -1 0102000102000000102000000000200000000000000000000001000000022100000020100000000000000000000110200000001100000000022000000 1
1 0 448611 525014 12 8 8 8 -1 -1 0102000102000000102000000002000000000000000000000001000000022100000020100000000000000000000110200000001100000000022000000 1
2 0 448611 519381 8 12 14 14 -1 -1 0102000102000000102000000002000000000000000000000001000000122100000020100000000000000000000110200000000100000000022000000 1
1 0 443924 519381 8 8 6 14 -1 -1 0102000102000000102000000002000000000000000000000001000000120100000020100000000000000000000110200000000100000000022002000 1
2 0 443924 514614 9 9 9 11 -1 -1 0102000102000000102000000002000000000000010000000001000000020100000020100000000000000000000110200000000100000000022002000 1
1 0 439505 514614 9 13 5 13 -1 -1 0102000102000000102000000002000000000000010000000001000000020100000002100000000000000000000110200000000100000000022002000 1
2 0 439505 509882 8 10 14 12 -1 -1 0102000102000000102000000002010000000000010000000001000000020100000002000000000000000000000110200000000100000000022002000 1
1 0 435355 509882 12 10 10 12 -1 -1 0102000102000000102000000002010000000000010000000001000000000100000002000000000000000000000110200000000100000000022022000 1
2 0 435355 506860 2 10 2 12 -1 -1 0102000102000000102000000002010000000000010000000001000000000100000002000000000010000000000110200000000000000000022022000 1
1 0 431287 506860 11 11 7 11 -1 -1 0100200102000000102000000002010000000000010000000001000000000100000002000000000010000000000110200000000000000000022022000 1
2 0 431287 502798 2 12 8 10 -1 -1 0100200102000000102000000002010000000000010000000011000000000100000002000000000010000000000010200000000000000000022022000 1
1 0 427353 502798 11 13 10 14 -1 -1 0100000102000000102000000002010000000000010000000011000000020100000002000000000010000000000010200000000000000000022022000 1
2 0 427353 497192 5 9 6 10 -1 -1 0100000102000000102000000002010000000000010000000011000000020100000002000000000011000000000000200000000000000000022022000 1
1 0 423566 497192 8 14 4 10 -1 -1 0100000102000000102000000000010000000002010000000011000000020100000002000000000011000000000000200000000000000000022022000 1
2 0 423566 492284 6 10 10 10 -1 -1 0100000102000001102000000000010000000002010000000011000000020000000002000000000011000000000000200000000000000000022022000 1
1 0 420072 492284 10 14 9 13 -1 -1 0100000102000001102000000000010000000000010000000011000000020000000002000000000211000000000000200000000000000000022022000 1
2 0 420072 487557 9 11 11 9 -1 -1 0100000102000001102000000000010000000000010000000011000000020000000002100000000210000000000000200000000000000000022022000 1
1 0 416769 487557 7 13 3 13 -1 -1 0100000102000001102000000000010000000000010000000011000000020000000000100000000210000000002000200000000000000000022022000 1
2 0 416769 481182 10 10 12 8 -1 -1 0100000112000001102000000000010000000000010000000010000000020000000000100000000210000000002000200000000000000000022022000 1
1 0 413691 481182 10 12 8 14 -1 -1 0100000112000001102000000000010000000000010000000010000000020000000000100000000010000000002000200000002000000000022022000 1
2 0 413691 476984 12 8 13 9 -1 -1 0100000112000001102000000000010000000000010000000010000000020100000000100000000000000000002000200000002000000000022022000 1
1 0 410848 476984 9 13 7 15 -1 -1 0100000112000001102000000000010000000000010000000010000000020100000000100000000000000000002000200000000000000002022022000 1
2 0 410848 474507 3 15 4 14 -1 -1 0100000112000001102000000000010000000000010000000010100000020100000000000000000000000000002000200000000000000002022022000 1
1 0 408104 474507 7 11 6 12 -1 -1 0100000110000001122000000000010000000000010000000010100000020100000000000000000000000000002000200000000000000002022022000 1
2 0 408104 471567 8 10 9 11 -1 -1 0100000110000001122000000000010000000000110000000000100000020100000000000000000000000000002000200000000000000002022022000 1
1 0 405441 471567 5 13 5 15 -1 -1 0100000110000001122000000000010000000000110000000000100000000100000002000000000000000000002000200000000000000002022022000 1
2 0 405441 467546 9 11 10 10 -1 -1 0100000110000001122000000000001000000000110000000000100000000100000002000000000000000000002000200000000000000002022022000 1
1 0 402855 467546 8 14 6 16 -1 -1 0100000110000001122000000000001000000000110000000000100000000100000000000000000200000000002000200000000000000002022022000 1
2 0 402855 465393 10 10 14 10 -1 -1 0100000110000001122000000000001000000000111000000000100000000000000000000000000200000000002000200000000000000002022022000 1
1 0 400482 465393 4 12 2 14 -1 -1 0100000110000001122000000000001000000000111000000000100000000000000000000000000000000000002000200000000000000002022222000 1
2 0 400482 463473 4 14 3 15 -1 -1 0100010110000001022000000000001000000000111000000000100000000000000000000000000000000000002000200000000000000002022222000 1
1 0 398273 463473 6 16 2 12 -1 -1 0100010112000001002000000000001000000000111000000000100000000000000000000000000000000000002000200000000000000002022222000 1
2 0 398273 461526 3 15 5 13 -1 -1 0100110112000001002000000000001000000000110000000000100000000000000000000000000000000000002000200000000000000002022222000 1
1 0 396125 461526 2 14 1 13 -1 -1 0100110110000001002000000000021000000000110000000000100000000000000000000000000000000000002000200000000000000002022222000 1
2 0 396125 459488 11 9 12 10 -1 -1 0110100110000001002000000000021000000000110000000000100000000000000000000000000000000000002000200000000000000002022222000 1
1 0 394005 459488 6 14 0 12 -1 -1 0110100110000001002000000000021000000000110000000000100000000000000000000000000000000000000000200000000200000002022222000 1
2 0 394005 457790 4 16 8 16 -1 -1 1110100110000001002000000000021000000000100000000000100000000000000000000000000000000000000000200000000200000002022222000 1
1 0 392071 457790 6 12 6 14 -1 -1 1110100110000001000000000000021000000000100000000000100000000020000000000000000000000000000000200000000200000002022222000 1
2 0 392071 456524 5 13 6 12 -1 -1 1110100110000001000000000000021000000000010000000000100000000020000000000000000000000000000000200000000200000002022222000 1
1 0 390287 456524 7 15 6 16 -1 -1 1110100110000001000000000000001000000000210000000000100000000020000000000000000000000000000000200000000200000002022222000 1
2 0 390287 455256 12 10 13 11 -1 -1 1110100110000001000000000000001000000000211000000000000000000020000000000000000000000000000000200000000200000002022222000 1
1 0 388657 455256 6 16 4 14 -1 -1 1110100110000001000000000000001000000000211000000000000000000020000000000000000000000000000000200000000000000002222222000 1
2 0 388657 454273 8 16 9 17 -1 -1 1110100110000001010000000000001000000000210000000000000000000020000000000000000000000000000000200000000000000002222222000 1
1 0 387190 454273 6 14 2 10 -1 -1 1110100110000001010000000000001000000000210000000000000000000000000000002000000000000000000000200000000000000002222222000 1
2 0 387190 453395 9 17 10 18 -1 -1 1111100110000001010000000000001000000000200000000000000000000000000000002000000000000000000000200000000000000002222222000 1
1 0 385936 453395 5 15 4 16 -1 -1 1111100110000001010000000000001000000000200000000000000000000000000000000000000000020000000000200000000000000002222222000 1
2 0 385936 452685 14 14 15 13 -1 -1 1111100110000001011000000000000000000000200000000000000000000000000000000000000000020000000000200000000000000002222222000 1
1 0 384861 452685 4 14 3 15 -1 -1 1111100110000001011000000000000000000000200000000000000000000000000000000000000000020000000000200000000000000002222220020 1
2 0 384861 452330 10 18 16 12 -1 -1 1111100111000001001000000000000000000000200000000000000000000000000000000000000000020000000000200000000000000002222220020 1
1 0 383954 452330 4 10 3 9 -1 -1 1111100111000001001000000000000000000000200000000000000000000000000000000000000000000000000000200000000000000002222220022 1
2 0 383954 452209 11 17 12 16 -1 -1 1111101111000000001000000000000000000000200000000000000000000000000000000000000000000000000000200000000000000002222220022 1
1 0 383721 452209 4 16 2 14 -1 -1 1111101111000000001000000000000000000000200000000000000000000000000000000000000000000000000000000000000000200002222220022 1
