1322291348000
googolhex
kingfish
1 0 599539 600000 13 11 12 10 -1 -1 2222222222000000000000000000000000000000000000000000000000000000000000000000000000000000000000000000000000000001111111111 2
2 0 599539 599903 2 14 4 12 -1 -1 2222222222000000000000000000000000000000000000000000000000000000000000000000000000000000000000000000000100000001011111111 2
1 0 598853 599903 13 15 11 9 -1 -1 2222202222000000200000000000000000000000000000000000000000000000000000000000000000000000000000000000000100000001011111111 2
2 0 598853 599902 0 12 4 16 -1 -1 2222202222000000200000000000000000000000000000000000000000000000000000000000000000000000001000000000000100000001010111111 2
1 0 597821 599902 14 14 10 10 -1 -1 0222202222000000202000000000000000000000000000000000000000000000000000000000000000000000001000000000000100000001010111111 2
2 0 597821 599901 3 11 5 13 -1 -1 0222202222000000202000000000000000000000000000000000000000000000000000000000000100000000001000000000000100000001010110111 2
1 0 595414 599901 16 12 12 12 -1 -1 0222202022000000202000000000020000000000000000000000000000000000000000000000000100000000001000000000000100000001010110111 2
2 0 595414 599900 2 12 6 12 -1 -1 0222202022000000202000000000020000000000000000000000000000000000000000000000000100000000001000000000000110000001010110110 2
1 0 591086 599900 15 13 11 13 -1 -1 0222002022000000202000000000020000000000200000000000000000000000000000000000000100000000001000000000000110000001010110110 2
2 0 591086 599899 3 13 7 13 -1 -1 0222002022000000202000000000020000000000200000000000000000000000000000000000000100000000001010000000000110000001010110100 2
1 0 583743 599899 14 12 10 8 -1 -1 0222002002000000202000000000020000000000200000000002000000000000000000000000000100000000001010000000000110000001010110100 2
2 0 583743 599722 4 12 8 12 -1 -1 0222002002000000202000000000020000000000200000000002000000000000000000000000001100000000001010000000000110000001010100100 2
1 0 577357 599722 13 13 9 9 -1 -1 0222002002000000002000000000020000000000200000000002000000002000000000000000001100000000001010000000000110000001010100100 2
2 0 577357 593745 3 9 4 10 -1 -1 0222002002000000002000000000020000000000200000000002000000002000000010000000001100000000001010000000000110000001000100100 2
1 0 571720 593745 12 12 12 8 -1 -1 0222000002000002002000000000020000000000200000000002000000002000000010000000001100000000001010000000000110000001000100100 2
2 0 571720 590927 1 11 5 15 -1 -1 0222000002000002002000000000020000000000200000000002000000002000000010000000001100000000001010000000001100000001000100100 2
1 0 568829 590927 11 13 10 12 -1 -1 0022000002000002002000000000022000000000200000000002000000002000000010000000001100000000001010000000001100000001000100100 2
2 0 568829 584912 5 13 11 11 -1 -1 0022000002000002002000000000022000000000200000000002000000002000000010000000001110000000001000000000001100000001000100100 2
1 0 567527 584912 9 9 8 8 -1 -1 0022000002000002002000000000002000000000200000000002000000002000000010000000001110000000001200000000001100000001000100100 2
2 0 567527 581420 3 15 7 11 -1 -1 0022000002000002002000000000002000000000200000000002000000102000000000000000001110000000001200000000001100000001000100100 2
1 0 566285 581420 13 9 9 9 -1 -1 0022000000000002002000000000002000000000200000000022000000102000000000000000001110000000001200000000001100000001000100100 2
2 0 566285 576560 11 11 13 9 -1 -1 0022000000000002002000000000002000000000200000000022000000102000000010000000001110000000001200000000001100000000000100100 2
1 0 564668 576560 14 10 13 11 -1 -1 0022000000000002002000000000002000000000200000000022000000102000000010000000001110000000001000000000001100000002000100100 2
2 0 564668 571518 4 16 6 14 -1 -1 0022000000000002002000000000002000000000200000000022000000102000000010000000001110000000001000000000001100000002100000100 2
1 0 562395 571518 15 11 14 10 -1 -1 0022000000000002000000000000002000000000220000000022000000102000000010000000001110000000001000000000001100000002100000100 2
2 0 562395 567418 2 10 3 9 -1 -1 0022000000000002000000000000002000000000220000000022000000102000000010000000001110000000001000000000001100000002100100000 2
1 0 560781 567418 11 9 9 11 -1 -1 0020002000000002000000000000002000000000220000000022000000102000000010000000001110000000001000000000001100000002100100000 2
2 0 560781 562255 7 13 11 9 -1 -1 0020002000000002000000000000002000000000220000000022000000102000000011000000001110000000000000000000001100000002100100000 2
1 0 553066 562255 10 12 8 10 -1 -1 0020002000000002000000000000002000000000220000000020000000102000000011000000001110000000002000000000001100000002100100000 2
2 0 553066 559242 3 9 7 13 -1 -1 0020002000000002000000000000002000000000220000000020000000112000000011000000001100000000002000000000001100000002100100000 2
1 0 549926 559242 14 10 12 12 -1 -1 0020000000000002000000000000002000000000220000000022000000112000000011000000001100000000002000000000001100000002100100000 2
2 0 549926 555293 1 13 2 12 -1 -1 0020000000000002000000000000002000000000220000000022000000112000000011000000001100000000002000000000001110000002100000000 2
1 0 545488 555293 9 11 7 9 -1 -1 0000200000000002000000000000002000000000220000000022000000112000000011000000001100000000002000000000001110000002100000000 2
2 0 545488 551380 8 12 9 13 -1 -1 0000200000000002000000000000002000000000220000000122000000112000000010000000001100000000002000000000001110000002100000000 2
1 0 538054 551380 12 12 11 11 -1 -1 0000200000000002000000000000002000000000220000000122000000110000000010200000001100000000002000000000001110000002100000000 2
2 0 538054 547996 6 14 10 14 -1 -1 0000200000000002000000000000002000000000220000000122000000110000000010200000001100000000002100000000001100000002100000000 2
1 0 529109 547996 12 10 10 12 -1 -1 0000200000000002000000000000002000000000200000000122000000110000000010200000001102000000002100000000001100000002100000000 2
2 0 529109 543438 6 12 8 14 -1 -1 0000200000000002000000000000002000000000200000000122000000110000000010200000001112000000002100000000001000000002100000000 2
1 0 519695 543438 10 12 9 11 -1 -1 0000200000000002000000000000002000000000000000000122000000110200000010200000001112000000002100000000001000000002100000000 2
2 0 519695 537374 7 13 11 13 -1 -1 0000200000000002000000000000002000000000000000000122000000110200000011200000001102000000002100000000001000000002100000000 2
1 0 508142 537374 10 10 6 10 -1 -1 0000200000000002000000000000002000000000000000000120000000110200000011200000001102000000002120000000001000000002100000000 2
2 0 508142 529976 8 14 12 14 -1 -1 0000200000000002000000000000002000000001000000000120000000110200000011200000001002000000002120000000001000000002100000000 2
1 0 499569 529976 13 11 14 10 -1 -1 0000200000000002000000000000002000000001000000000120000000110000000011200000001002000000002120000000001002000002100000000 2
2 0 499569 524427 9 13 13 13 -1 -1 0000200000000002000000000000002000000001000000000120000000110000000011200000001002000000002120000000001002000002000100000 2
1 0 492852 524427 6 10 5 11 -1 -1 0000200000000002000000000000002000000001000000000120000000110000000011000000001002000000002120000000001002000002020100000 2
2 0 492852 518429 7 11 8 12 -1 -1 0000200000000002000000000000102000000000000000000120000000110000000011000000001002000000002120000000001002000002020100000 2
1 0 485829 518429 8 8 4 12 -1 -1 0000200000000002000000000000102000000000000000000100000000112000000011000000001002000000002120000000001002000002020100000 2
2 0 485829 513046 8 12 10 10 -1 -1 0000200000000002100000000000102000000000000000000100000000012000000011000000001002000000002120000000001002000002020100000 2
1 0 481071 513046 14 10 13 11 -1 -1 0000200000000002100000000000102000000000000000000100000000010000000011000000001202000000002120000000001002000002020100000 2
2 0 481071 506518 10 14 14 14 -1 -1 0000200000000002100000000000102000000000000000000100000000010000000011000000001202000000002120000000001002000002120000000 2
1 0 474810 506518 13 11 12 10 -1 -1 0000200000000002100000000000102000000000000000000100000000010000000011000000001200000000002120000000001002000002120002000 2
2 0 474810 500835 11 9 13 11 -1 -1 0000200000000002100000000000102000000000000000000100000000010000000011000000001200000000002120000000001102000002020002000 2
1 0 469592 500835 12 10 11 9 -1 -1 0000200000000002100000000000102000000000000000000100000000010000000011000000001200000000000120000000001102000002220002000 2
2 0 469592 494065 11 13 15 13 -1 -1 0000200000000002100000000000102000000000000000000100000000010000000011000000001200000000001120000000001002000002220002000 2
1 0 469591 494065 5 11 1 11 -1 -1 0000200000000002100000000000102000000000000000000100000000010000000011000000001200000000001100000000001002000002220002020 2
2 0 469591 489902 2 12 3 11 -1 -1 0100200000000002100000000000002000000000000000000100000000010000000011000000001200000000001100000000001002000002220002020 2
1 0 469591 489902 4 12 0 12 -1 -1 0100000200000002100000000000002000000000000000000100000000010000000011000000001200000000001100000000001002000002220002020 2
2 0 469591 486439 3 11 5 9 -1 -1 1100000200000002000000000000002000000000000000000100000000010000000011000000001200000000001100000000001002000002220002020 2
1 0 469590 486439 11 9 9 7 -1 -1 1100000000000002000000000002002000000000000000000100000000010000000011000000001200000000001100000000001002000002220002020 2
2 0 469590 481519 4 10 6 8 -1 -1 1100000000000002000000000002002000000000000000000100000000010000000111000000001200000000000100000000001002000002220002020 2
1 0 469590 481519 10 8 8 6 9 15 1100000000000000000000000002002000000020000000000100000000010000000111000000001200000000000100000000001002000002220002020 2
2 0 469590 477624 10 10 14 10 -1 -1 1100000000000000000000000002002000000020000000000100000001010000000111030000000200000000000100000000001002000002220002020 2
1 0 469590 477624 9 9 7 7 -1 -1 1100000000000000000000000002002000000020000000000100000001010000000111030000000000000000000100000000001002000002220202020 2
2 0 469590 473328 5 9 6 10 -1 -1 1100000000000000000000000002002000000020000000001100000001010000000101030000000000000000000100000000001002000002220202020 2
1 0 469589 473328 9 7 7 5 11 15 1100000000000000000000000000002000000022000000001100000001010000000101030000000000000000000100000000001002000002220202020 2
2 0 469589 466044 6 10 12 12 -1 -1 1100000000000000000000000000002000000022000000011100000001010000000001030000000000000000000103000000001002000002220202020 2
1 0 469589 466044 7 9 5 7 -1 -1 1100000000000000000000000000002000000020000000011100000001010000000001030000000000000000000103000000001022000002220202020 2
2 0 469589 462608 12 14 14 12 -1 -1 1100000000000000000000000010002000000020000000011000000001010000000001030000000000000000000103000000001022000002220202020 2
1 0 469588 462608 9 11 7 9 -1 -1 1100000000000000000000000010002000000020000000011000000001010000000001030000000000000000000103000000001020000002220222020 2
2 0 469588 461309 5 15 6 14 -1 -1 1100000000000000000000000010002000000020000000011100000001010000000000030000000000000000000103000000001020000002220222020 2
1 0 469587 461309 7 7 5 9 -1 -1 1100000000000000000000000010000000000020020000011100000001010000000000030000000000000000000103000000001020000002220222020 2
2 0 469587 459145 6 14 7 13 -1 -1 1100000000000000000000000011000000000020020000010100000001010000000000030000000000000000000103000000001020000002220222020 2
1 0 469583 459145 12 8 11 7 -1 -1 1100000000000000000000000011000000000020000000010102000001010000000000030000000000000000000103000000001020000002220222020 2
2 0 469583 456980 7 13 8 14 -1 -1 1100000000000000000000000011000000000020000000010102000001010000000000030000000000000000010103000000000020000002220222020 2
1 0 469582 456980 11 7 10 8 -1 -1 1100000000000000000000000011000000000020000000010100000001010200000000030000000000000000010103000000000020000002220222020 2
2 0 469582 454275 8 14 12 10 -1 -1 1100000000000000000000000011000000000020000000010100000001010200000000030000001000000000000103000000000020000002220222020 2
1 0 469582 454275 11 11 10 10 -1 -1 1100000000000000000000000011000000000020000000010100000001010000000000030000001000000000000103000000000220000002220222020 2
2 0 469582 452360 6 8 7 7 -1 -1 1100000000000000000000000011000000000020000000010100000001010000000000030000001100000000000003000000000220000002220222020 2
1 0 469581 452360 8 10 4 10 -1 -1 1100000000000000000000000011000000000000000000012100000001010000000000030000001100000000000003000000000220000002220222020 2
2 0 469581 450611 7 7 6 8 -1 -1 1100000000000001000000000011000000000000000000012100000001000000000000030000001100000000000003000000000220000002220222020 2
1 0 469581 450611 5 9 3 11 -1 -1 1100000000000001000000000011000000000020000000010100000001000000000000030000001100000000000003000000000220000002220222020 2
2 0 469581 448852 6 8 8 10 -1 -1 1100000100000001000000000010000000000020000000010100000001000000000000030000001100000000000003000000000220000002220222020 2
1 0 469580 448852 4 10 2 12 -1 -1 1100000100000001000000000010000000000000000000010100000001020000000000030000001100000000000003000000000220000002220222020 2
2 0 469580 447237 8 10 9 11 -1 -1 1100100100000000000000000010000000000000000000010100000001020000000000030000001100000000000003000000000220000002220222020 2
1 0 469579 447237 10 8 4 6 -1 -1 1100100100000000000000000010000000000000000000010100000001000000000002030000001100000000000003000000000220000002220222020 2
2 0 469579 445550 9 11 11 9 -1 -1 1100100100000100000000000010000000000000000000010100000001000000000002030000000100000000000003000000000220000002220222020 2
1 0 469578 445550 3 11 1 13 -1 -1 1100100100000100000000000010000000000000000000010100000001000000000000030000000100000000002003000000000220000002220222020 2
2 0 469578 444788 11 9 12 8 -1 -1 1110100000000100000000000010000000000000000000010100000001000000000000030000000100000000002003000000000220000002220222020 2
1 0 469577 444788 10 10 9 11 -1 -1 1110100000000100000000000010000000000000000000010100000001000000000000030000000100000000000003000000002220000002220222020 2
2 0 469577 443229 14 10 15 11 -1 -1 1110100000000100000000000010000000000000000000010100000001000000000001030000000000000000000003000000002220000002220222020 2
1 0 469576 443229 9 11 8 10 -1 -1 1110100000000100000000000010000000000000000000010100000001000000000001030000000000000000000003000000002220000002220022220 2
2 0 469576 442670 12 8 16 12 -1 -1 1110100000000100000000000010000000000000000000010100000001010000000000030000000000000000000003000000002220000002220022220 2
1 0 469575 442670 8 10 6 8 -1 -1 1110100000000100000000000010000000000000000000010100000001010000000000030000000000000000000003000000000220000002220022222 2
2 0 469575 442057 12 12 14 10 -1 -1 1110100000000100000000000010000000000010000000010100000001000000000000030000000000000000000003000000000220000002220022222 2
1 0 469575 442057 8 6 6 4 -1 -1 1110100000000100000000000010000000000010000000010100000001000000000000030000000000000000000003000000000200000002220222222 2
2 0 469575 441828 12 10 12 12 -1 -1 1110100000000100000000000010000000001010000000010100000000000000000000030000000000000000000003000000000200000002220222222 2
1 0 469575 441828 7 9 6 10 -1 -1 1110100000000100000000000010000000001010000000010100000000000000000000030000000000000000000003000000000020000002220222222 2
2 0 469575 441573 14 14 13 15 -1 -1 1110100000000100000000000010000000001011000000010000000000000000000000030000000000000000000003000000000020000002220222222 2
1 0 469575 441573 6 10 4 8 -1 -1 1110100000000100000000000010000000001011000000010000000000000000000000030000000000000000000003000000000020000002222220222 2
2 0 469575 441142 12 12 14 14 -1 -1 1110100000000110000000000010000000001010000000010000000000000000000000030000000000000000000003000000000020000002222220222 2
