1322293695000
googolhex
kingfish
1 0 599548 600000 13 11 12 10 -1 -1 2222222222000000000000000000000000000000000000000000000000000000000000000000000000000000000000000000000000000001111111111 2
2 0 599548 599903 2 14 4 12 -1 -1 2222222222000000000000000000000000000000000000000000000000000000000000000000000000000000000000000000000100000001011111111 2
1 0 598866 599903 13 15 11 9 -1 -1 2222202222000000200000000000000000000000000000000000000000000000000000000000000000000000000000000000000100000001011111111 2
2 0 598866 599902 0 12 4 16 -1 -1 2222202222000000200000000000000000000000000000000000000000000000000000000000000000000000001000000000000100000001010111111 2
1 0 597870 599902 14 14 10 10 -1 -1 0222202222000000202000000000000000000000000000000000000000000000000000000000000000000000001000000000000100000001010111111 2
2 0 597870 599901 3 11 5 13 -1 -1 0222202222000000202000000000000000000000000000000000000000000000000000000000000100000000001000000000000100000001010110111 2
1 0 595444 599901 16 12 12 12 -1 -1 0222202022000000202000000000020000000000000000000000000000000000000000000000000100000000001000000000000100000001010110111 2
2 0 595444 599900 2 12 6 12 -1 -1 0222202022000000202000000000020000000000000000000000000000000000000000000000000100000000001000000000000110000001010110110 2
1 0 591096 599900 15 13 11 13 -1 -1 0222002022000000202000000000020000000000200000000000000000000000000000000000000100000000001000000000000110000001010110110 2
2 0 591096 599899 3 13 7 13 -1 -1 0222002022000000202000000000020000000000200000000000000000000000000000000000000100000000001010000000000110000001010110100 2
1 0 583784 599899 14 12 10 8 -1 -1 0222002002000000202000000000020000000000200000000002000000000000000000000000000100000000001010000000000110000001010110100 2
2 0 583784 599721 4 12 8 12 -1 -1 0222002002000000202000000000020000000000200000000002000000000000000000000000001100000000001010000000000110000001010100100 2
1 0 577416 599721 13 13 9 9 -1 -1 0222002002000000002000000000020000000000200000000002000000002000000000000000001100000000001010000000000110000001010100100 2
2 0 577416 593687 3 9 4 10 -1 -1 0222002002000000002000000000020000000000200000000002000000002000000010000000001100000000001010000000000110000001000100100 2
1 0 571792 593687 12 12 12 8 -1 -1 0222000002000002002000000000020000000000200000000002000000002000000010000000001100000000001010000000000110000001000100100 2
2 0 571792 590832 1 11 5 15 -1 -1 0222000002000002002000000000020000000000200000000002000000002000000010000000001100000000001010000000001100000001000100100 2
1 0 568899 590832 11 13 10 12 -1 -1 0022000002000002002000000000022000000000200000000002000000002000000010000000001100000000001010000000001100000001000100100 2
2 0 568899 584726 5 13 11 11 -1 -1 0022000002000002002000000000022000000000200000000002000000002000000010000000001110000000001000000000001100000001000100100 2
1 0 567591 584726 9 9 8 8 -1 -1 0022000002000002002000000000002000000000200000000002000000002000000010000000001110000000001200000000001100000001000100100 2
2 0 567591 581191 3 15 7 11 -1 -1 0022000002000002002000000000002000000000200000000002000000102000000000000000001110000000001200000000001100000001000100100 2
1 0 566340 581191 13 9 9 9 -1 -1 0022000000000002002000000000002000000000200000000022000000102000000000000000001110000000001200000000001100000001000100100 2
2 0 566340 576268 11 11 13 9 -1 -1 0022000000000002002000000000002000000000200000000022000000102000000010000000001110000000001200000000001100000000000100100 2
1 0 564713 576268 14 10 13 11 -1 -1 0022000000000002002000000000002000000000200000000022000000102000000010000000001110000000001000000000001100000002000100100 2
2 0 564713 571154 4 16 6 14 -1 -1 0022000000000002002000000000002000000000200000000022000000102000000010000000001110000000001000000000001100000002100000100 2
1 0 562424 571154 15 11 14 10 -1 -1 0022000000000002000000000000002000000000220000000022000000102000000010000000001110000000001000000000001100000002100000100 2
2 0 562424 567009 2 10 3 9 -1 -1 0022000000000002000000000000002000000000220000000022000000102000000010000000001110000000001000000000001100000002100100000 2
1 0 560792 567009 11 9 9 11 -1 -1 0020002000000002000000000000002000000000220000000022000000102000000010000000001110000000001000000000001100000002100100000 2
2 0 560792 561773 7 13 11 9 -1 -1 0020002000000002000000000000002000000000220000000022000000102000000011000000001110000000000000000000001100000002100100000 2
1 0 553139 561773 10 12 8 10 -1 -1 0020002000000002000000000000002000000000220000000020000000102000000011000000001110000000002000000000001100000002100100000 2
2 0 553139 558717 3 9 7 13 -1 -1 0020002000000002000000000000002000000000220000000020000000112000000011000000001100000000002000000000001100000002100100000 2
1 0 550005 558717 14 10 12 12 -1 -1 0020000000000002000000000000002000000000220000000022000000112000000011000000001100000000002000000000001100000002100100000 2
2 0 550005 554723 1 13 2 12 -1 -1 0020000000000002000000000000002000000000220000000022000000112000000011000000001100000000002000000000001110000002100000000 2
1 0 545582 554723 9 11 7 9 -1 -1 0000200000000002000000000000002000000000220000000022000000112000000011000000001100000000002000000000001110000002100000000 2
2 0 545582 550759 8 12 9 13 -1 -1 0000200000000002000000000000002000000000220000000122000000112000000010000000001100000000002000000000001110000002100000000 2
1 0 538194 550759 12 12 11 11 -1 -1 0000200000000002000000000000002000000000220000000122000000110000000010200000001100000000002000000000001110000002100000000 2
2 0 538194 547334 6 14 10 14 -1 -1 0000200000000002000000000000002000000000220000000122000000110000000010200000001100000000002100000000001100000002100000000 2
1 0 529261 547334 12 10 10 12 -1 -1 0000200000000002000000000000002000000000200000000122000000110000000010200000001102000000002100000000001100000002100000000 2
2 0 529261 542712 6 12 8 14 -1 -1 0000200000000002000000000000002000000000200000000122000000110000000010200000001112000000002100000000001000000002100000000 2
1 0 519855 542712 10 12 9 11 -1 -1 0000200000000002000000000000002000000000000000000122000000110200000010200000001112000000002100000000001000000002100000000 2
2 0 519855 536579 7 13 11 13 -1 -1 0000200000000002000000000000002000000000000000000122000000110200000011200000001102000000002100000000001000000002100000000 2
1 0 508269 536579 10 10 6 10 -1 -1 0000200000000002000000000000002000000000000000000120000000110200000011200000001102000000002120000000001000000002100000000 2
2 0 508269 529073 8 14 12 14 -1 -1 0000200000000002000000000000002000000001000000000120000000110200000011200000001002000000002120000000001000000002100000000 2
1 0 499684 529073 13 11 14 10 -1 -1 0000200000000002000000000000002000000001000000000120000000110000000011200000001002000000002120000000001002000002100000000 2
2 0 499684 523450 9 13 13 13 -1 -1 0000200000000002000000000000002000000001000000000120000000110000000011200000001002000000002120000000001002000002000100000 2
1 0 492949 523450 6 10 5 11 -1 -1 0000200000000002000000000000002000000001000000000120000000110000000011000000001002000000002120000000001002000002020100000 2
2 0 492949 517378 7 11 8 12 -1 -1 0000200000000002000000000000102000000000000000000120000000110000000011000000001002000000002120000000001002000002020100000 2
1 0 485910 517378 8 8 4 12 -1 -1 0000200000000002000000000000102000000000000000000100000000112000000011000000001002000000002120000000001002000002020100000 2
2 0 485910 511956 8 12 10 10 -1 -1 0000200000000002100000000000102000000000000000000100000000012000000011000000001002000000002120000000001002000002020100000 2
1 0 481143 511956 14 10 13 11 -1 -1 0000200000000002100000000000102000000000000000000100000000010000000011000000001202000000002120000000001002000002020100000 2
2 0 481143 505340 10 14 14 14 -1 -1 0000200000000002100000000000102000000000000000000100000000010000000011000000001202000000002120000000001002000002120000000 2
1 0 474873 505340 13 11 12 10 -1 -1 0000200000000002100000000000102000000000000000000100000000010000000011000000001200000000002120000000001002000002120002000 2
2 0 474873 499576 11 9 13 11 -1 -1 0000200000000002100000000000102000000000000000000100000000010000000011000000001200000000002120000000001102000002020002000 2
1 0 469621 499576 12 10 11 9 -1 -1 0000200000000002100000000000102000000000000000000100000000010000000011000000001200000000000120000000001102000002220002000 2
2 0 469621 492697 11 13 15 13 -1 -1 0000200000000002100000000000102000000000000000000100000000010000000011000000001200000000001120000000001002000002220002000 2
1 0 469619 492697 5 11 1 11 -1 -1 0000200000000002100000000000102000000000000000000100000000010000000011000000001200000000001100000000001002000002220002020 2
2 0 469619 488480 2 12 3 11 -1 -1 0100200000000002100000000000002000000000000000000100000000010000000011000000001200000000001100000000001002000002220002020 2
1 0 469619 488480 4 12 0 12 -1 -1 0100000200000002100000000000002000000000000000000100000000010000000011000000001200000000001100000000001002000002220002020 2
2 0 469619 484981 3 11 5 9 -1 -1 1100000200000002000000000000002000000000000000000100000000010000000011000000001200000000001100000000001002000002220002020 2
1 0 469618 484981 11 9 9 15 10 14 1100000000000002000000000002002000000000000000000100000000010000000011000000001200000000001100000000001002000002220002020 2
2 0 469618 477780 12 14 14 12 -1 -1 1100000000000002000000000002002000000000000000000100000000010000000011010000001203000000000100000000001002000002220002020 2
1 0 469617 477780 10 8 8 14 -1 -1 1100000000000002000000000002002000000000000000000100000000010000000011010000001203000000000100000000001000000002220022020 2
2 0 469617 474613 4 10 6 8 -1 -1 1100000000000002000000000002002000000000000000000100000000010100000011010000000203000000000100000000001000000002220022020 2
1 0 469617 474613 9 9 7 7 11 15 1100000000000000000000000002002000000020000000000100000000010100000011010000000203000000000100000000001000000002220022020 2
2 0 469617 470562 10 10 14 10 -1 -1 1100000000000000000000000002002000000020000000001100000000010100000001010000000203000000000103000000001000000002220022020 2
1 0 469617 470562 9 15 7 13 -1 -1 1100000000000000000000000002002000000020000000001100000000010100000001010000000003000000000103000000001000000002220222020 2
2 0 469617 466383 5 9 6 10 -1 -1 1100000000000000000000000002002000000020000000001101000000010100000001000000000003000000000103000000001000000002220222020 2
1 0 469617 466383 8 14 6 12 -1 -1 1100000000000000000000000000002000000022000000001101000000010100000001000000000003000000000103000000001000000002220222020 2
2 0 469617 462893 6 10 12 12 -1 -1 1100000000000000000000000000002000000022100000001101000000010000000001000000000003000000000103000000001000000002220222020 2
1 0 469616 462893 7 9 5 7 -1 -1 1100000000000000000000000000002000000020100000001101000000010000000001000000000003000000000103000000001020000002220222020 2
2 0 469616 460005 6 8 8 6 -1 -1 1100000000000000000000000010002000000020100000001001000000010000000001000000000003000000000103000000001020000002220222020 2
1 0 469615 460005 9 11 7 5 -1 -1 1100000000000000000000000010002000000000100000001001000002010000000001000000000003000000000103000000001020000002220222020 2
2 0 469615 458737 5 15 6 14 -1 -1 1100000000000000000000000010002000000000100000011001000002010000000000000000000003000000000103000000001020000002220222020 2
1 0 469615 458737 7 13 5 15 -1 -1 1100000000000000000000000010000000000000120000011001000002010000000000000000000003000000000103000000001020000002220222020 2
2 0 469615 457319 6 14 7 13 -1 -1 1100000000000000000000000010001000000000120000011000000002010000000000000000000003000000000103000000001020000002220222020 2
1 0 469615 457319 12 8 11 9 -1 -1 1100000000000000000000000010001000000000100000011002000002010000000000000000000003000000000103000000001020000002220222020 2
2 0 469615 454482 8 6 9 7 -1 -1 1100000000000000000000000010001000000000100000011002000002010000000000000000000003000000001103000000000020000002220222020 2
1 0 469615 454482 11 9 9 15 -1 -1 1100000000000000000000000010001000000000100000011002000000010000000200000000000003000000001103000000000020000002220222020 2
2 0 469615 452591 7 13 8 12 -1 -1 1100000000000000000000000010001000000000100000011002000000010000000200010000000003000000000103000000000020000002220222020 2
1 0 469614 452591 7 5 5 11 -1 -1 1100000000000000000000000010001000000000100000011000000000012000000200010000000003000000000103000000000020000002220222020 2
2 0 469614 451067 8 12 10 6 -1 -1 1100000000000000000000000010101000000000100000001000000000012000000200010000000003000000000103000000000020000002220222020 2
1 0 469613 451067 6 12 4 10 -1 -1 1100000000000000000000000010101000000000100000001000000000010000000200010000020003000000000103000000000020000002220222020 2
2 0 469613 449708 9 7 11 5 -1 -1 1100000000000001000000000010101000000000000000001000000000010000000200010000020003000000000103000000000020000002220222020 2
1 0 469613 449708 5 11 3 9 -1 -1 1100000000000001000000000010101000000000000000001000000000010000000000010000020003000000200103000000000020000002220222020 2
2 0 469613 448309 10 6 12 4 -1 -1 1100001000000001000000000010001000000000000000001000000000010000000000010000020003000000200103000000000020000002220222020 2
1 0 469613 448309 11 11 10 10 -1 -1 1100001000000001000000000010001000000000000000001000000000010000000000010000000003000000200103000000200020000002220222020 2
2 0 469613 447086 11 5 12 6 -1 -1 1100001000000001000000000010001000000000000000001000000000010000000000010000000103000000200003000000200020000002220222020 2
1 0 469612 447086 10 10 9 11 -1 -1 1100001000000001000000000010001000000000000000001000000000010000000000010000000103000000000003000000220020000002220222020 2
2 0 469612 446087 12 6 12 8 -1 -1 1100001000000001000000000010001000000000000000001000000000010000000001010000000003000000000003000000220020000002220222020 2
1 0 469611 446087 9 11 7 5 -1 -1 1100001000000001000000000010001000000000000000001000000000010000000001010000000003000000000003000000202020000002220222020 2
2 0 469611 444975 12 8 12 10 -1 -1 1100001000000001000000000010001000000000000000011000000000010000000000010000000003000000000003000000202020000002220222020 2
1 0 469610 444975 9 15 8 16 -1 -1 1100001000000001000000000010001000000000000000011000000000010000000000010000000003000000000003000000200220000002220222020 2
2 0 469610 443486 13 9 15 11 -1 -1 1100001000000001000000000010001000000000000000011000000000010010000000000000000003000000000003000000200220000002220222020 2
1 0 469610 443486 8 16 7 17 -1 -1 1100001000000001000000000010001000000000000000011000000000010010000000000000000003000000000003000000200220000000220222220 2
2 0 469610 442630 12 10 13 9 -1 -1 1100001000000001000000000010001000000000000000011000010000010000000000000000000003000000000003000000200220000000220222220 2
1 0 469609 442630 8 10 7 11 -1 -1 1100001000000001000000000010001000000000000000011000010000010000000000000000000003000000000003000000200020000002220222220 2
2 0 469609 441689 14 10 16 12 -1 -1 1100001000000001000000000010001000000000000000011010010000000000000000000000000003000000000003000000200020000002220222220 2
1 0 469608 441689 7 7 6 8 -1 -1 1100001000000001000000000010001000000000000000011010010000000000000000000000000003000000000003000000200020000002220022222 2
2 0 469608 440764 12 12 14 10 -1 -1 1100001000000001000000000010001000000010000000010010010000000000000000000000000003000000000003000000200020000002220022222 2
1 0 469608 440764 7 17 6 18 -1 -1 1100001000000001000000000010001000000010000000010010010000000000000000000000000003000000000003000000200000000002220222222 2
2 0 469608 440083 14 14 13 15 -1 -1 1100001000000001000000000010001000000010000100010010000000000000000000000000000003000000000003000000200000000002220222222 2
1 0 469608 440083 7 5 6 6 -1 -1 1100001000000001000000000010001000000010000100010010000000000000000000000000000003000000000003000000200000000002222220222 2
2 0 469608 439690 12 4 12 6 -1 -1 1100001000000001000000000010001000000110000100000010000000000000000000000000000003000000000003000000200000000002222220222 2
1 0 469607 439690 6 6 2 10 -1 -1 1100001000000001000000000010001000000110000100000010000000000000000000000000000003000000000003000000020000000002222220222 2
2 0 469607 439303 12 6 12 8 -1 -1 1101001000000001000000000010001000000010000100000010000000000000000000000000000003000000000003000000020000000002222220222 2
1 0 469606 439303 7 11 6 10 -1 -1 1101001000000001000000000010001000000010000100000010000000000000000000000000000003000000000003000000002000000002222220222 2
2 0 469606 438942 12 8 12 10 -1 -1 1101001000000001000000000010001000000011000100000000000000000000000000000000000003000000000003000000002000000002222220222 2
1 0 469606 438942 6 10 4 8 -1 -1 1101001000000001000000000010001000000011000100000000000000000000000000000000000003000000000003000000000200000002222220222 2
2 0 469606 438633 12 10 12 12 -1 -1 1101001000000011000000000010001000000010000100000000000000000000000000000000000003000000000003000000000200000002222220222 2
1 0 469606 438633 6 8 4 6 -1 -1 1101001000000011000000000010001000000010000100000000000000000000000000000000000003000000000003000000000020000002222220222 2
2 0 469606 438346 12 12 14 14 -1 -1 1101001000000111000000000010001000000000000100000000000000000000000000000000000003000000000003000000000020000002222220222 2
