1322287424000
kingfish
droptable
1 0 599836 600000 14 10 12 12 -1 -1 2222222222000000000000000000000000000000000000000000000000000000000000000000000000000000000000000000000000000001111111111 1
2 0 599836 591568 3 15 4 14 -1 -1 2222222222000000000000000000000000000000000000000000000000000000000000000000000000000000000000000000000010000001111011111 1
1 0 599834 591568 16 12 12 8 -1 -1 2222222220000000020000000000000000000000000000000000000000000000000000000000000000000000000000000000000010000001111011111 1
2 0 599834 581323 3 13 5 15 -1 -1 2222222220000000020000000000000000000000000000000000000000000000000000000000000000000000000000000000001010000001111011110 1
1 0 599833 581323 13 13 11 11 -1 -1 2222222200000000020000000000002000000000000000000000000000000000000000000000000000000000000000000000001010000001111011110 1
2 0 599833 560043 1 13 5 13 -1 -1 2222222200000000020000000000002000000000000000000000000000000000000000000000000000000000000100000000001010000001101011110 1
1 0 599832 560043 14 12 10 12 -1 -1 2202222200000000020000000000022000000000000000000000000000000000000000000000000000000000000100000000001010000001101011110 1
2 0 599832 538114 2 10 4 8 -1 -1 2202222200000000020000000000022000000000000000000000000000000000000000000000000010000000000100000000001010000001101001110 1
1 0 599831 538114 13 11 9 11 -1 -1 2200222200000020020000000000022000000000000000000000000000000000000000000000000010000000000100000000001010000001101001110 1
2 0 599831 515066 4 14 6 12 -1 -1 2200222200000020020000000000022000000000000000000000000000000000000001000000000010000000000100000000001010000001001001110 1
1 0 599654 515066 12 12 8 12 -1 -1 2200222200000020000000000000022000000000200000000000000000000000000001000000000010000000000100000000001010000001001001110 1
2 0 599654 476333 0 12 6 14 -1 -1 2200222200000020000000000000022000000000200000000000000000001000000001000000000010000000000100000000001000000001001001110 1
1 0 597987 476333 11 11 7 11 -1 -1 0200222200000020000000000000022000000000220000000000000000001000000001000000000010000000000100000000001000000001001001110 1
2 0 597987 465422 6 14 7 13 -1 -1 0200222200000020000000000000022000000000220000000010000000001000000001000000000010000000000000000000001000000001001001110 1
1 0 597033 465422 8 12 2 10 -1 -1 0200222200000020000000000000022000000000200000000012000000001000000001000000000010000000000000000000001000000001001001110 1
2 0 597033 447738 6 12 8 10 -1 -1 0201222200000020000000000000022000000000200000000012000000000000000001000000000010000000000000000000001000000001001001110 1
1 0 596053 447738 12 8 11 9 -1 -1 0201222200000020000000000000022000000000000000000012000000020000000001000000000010000000000000000000001000000001001001110 1
2 0 596053 442685 5 15 6 14 -1 -1 0201222200000020000000000000022000000000000000000012000000020000000001000000000010000000001000000000000000000001001001110 1
1 0 592806 442685 14 14 8 12 -1 -1 0201222200000020000000000000020000000000020000000012000000020000000001000000000010000000001000000000000000000001001001110 1
2 0 592806 435624 3 9 4 10 -1 -1 0201222200000020000000000000020000000000020000000012000000021000000001000000000010000000001000000000000000000001001000110 1
1 0 592087 435624 15 11 14 10 -1 -1 0201220200000022000000000000020000000000020000000012000000021000000001000000000010000000001000000000000000000001001000110 1
2 0 592087 430653 2 14 3 15 -1 -1 0201220200000022000000000000020000000000020000000012000000021000000001000000000010000000001000000000000000000001001100010 1
1 0 591483 430653 8 12 6 10 -1 -1 0201200202000022000000000000020000000000020000000012000000021000000001000000000010000000001000000000000000000001001100010 1
2 0 591483 422426 1 11 5 11 -1 -1 0201200202000022000000000000020000000001020000000012000000020000000001000000000010000000001000000000000000000001001100010 1
1 0 583915 422426 14 10 8 12 -1 -1 0001200202000022000000000000220000000001020000000012000000020000000001000000000010000000001000000000000000000001001100010 1
2 0 583915 415124 3 15 4 14 -1 -1 0001200202000022000000000000220000000001020000000012000000021000000001000000000010000000001000000000000000000001001000010 1
1 0 581865 415124 6 10 6 12 -1 -1 0001200200000022020000000000220000000001020000000012000000021000000001000000000010000000001000000000000000000001001000010 1
2 0 581865 412474 2 12 3 13 -1 -1 0001200200000022020000000000220000000000120000000012000000021000000001000000000010000000001000000000000000000001001000010 1
1 0 579948 412474 9 11 7 9 -1 -1 0001000220000022020000000000220000000000120000000012000000021000000001000000000010000000001000000000000000000001001000010 1
2 0 579948 410051 3 11 4 12 -1 -1 0001000220000022020000000000220000000000120000000112000000021000000000000000000010000000001000000000000000000001001000010 1
1 0 577351 410051 8 12 6 10 -1 -1 0001000020000022220000000000220000000000120000000112000000021000000000000000000010000000001000000000000000000001001000010 1
2 0 577351 406234 6 14 8 12 -1 -1 0001000020000022220000000000220000000001120000000112000000020000000000000000000010000000001000000000000000000001001000010 1
1 0 575211 406234 10 12 9 13 -1 -1 0001000020000022220000000000220000000001100000000112000000022000000000000000000010000000001000000000000000000001001000010 1
2 0 575211 400687 4 10 5 9 -1 -1 0001000020000022220000000000220000000001100000000112000000022000000000100000000000000000001000000000000000000001001000010 1
1 0 573370 400687 13 9 12 8 -1 -1 0001000020000020220000000002220000000001100000000112000000022000000000100000000000000000001000000000000000000001001000010 1
2 0 573370 397564 8 10 10 12 -1 -1 0001000020000020220000000002220000000001100000000112000000022000000000100000000000000000001000000000001000000000001000010 1
1 0 572001 397564 12 8 10 10 -1 -1 0001000020000020220000000002220000000001100000000112000000002000000000100000000020000000001000000000001000000000001000010 1
2 0 572001 395035 10 12 11 13 -1 -1 0001000020000020220000000002220000000001100000000112000000002000000000100000000120000000001000000000000000000000001000010 1
1 0 569800 395035 9 13 10 12 -1 -1 0001000020000020220000000002220000000001100000000112000000002000000000100000000100000000001020000000000000000000001000010 1
2 0 569800 392363 7 13 9 11 -1 -1 0001000020000020220000000002220000000001100000000112000000002000000000000000000110000000001020000000000000000000001000010 1
1 0 568435 392363 10 12 4 10 -1 -1 0001000020000020220000000002220000000001100000000110000000002000000002000000000110000000001020000000000000000000001000010 1
2 0 568435 388574 4 12 6 14 -1 -1 0001000020000021220000000002220000000001100000000110000000002000000002000000000100000000001020000000000000000000001000010 1
1 0 567355 388574 7 9 7 13 -1 -1 0001000020000021020000000002220000000001120000000110000000002000000002000000000100000000001020000000000000000000001000010 1
2 0 567355 387199 11 13 12 14 -1 -1 0001000020000021020000000002220000000001120000000011000000002000000002000000000100000000001020000000000000000000001000010 1
1 0 566776 387199 6 10 2 14 -1 -1 0001000020000021020000000002220000000001120000000011000000002000000002000000000100000000001000000000000002000000001000010 1
2 0 566776 385382 5 13 7 15 -1 -1 0001010020000021020000000002220000000000120000000011000000002000000002000000000100000000001000000000000002000000001000010 1
1 0 565681 385382 11 9 10 8 -1 -1 0001010020000021020000000002200000000000120000000011200000002000000002000000000100000000001000000000000002000000001000010 1
2 0 565681 373427 9 11 10 12 -1 -1 0001010020000021020000000002200000000000120000000011200000002000000002000000001100000000000000000000000002000000001000010 1
1 0 563942 373427 13 15 9 11 -1 -1 0001010020000021020000000002200000000000120000000011200000002000000000000000001120000000000000000000000002000000001000010 1
2 0 563942 370764 3 13 5 15 -1 -1 0001010020000021020000000002200000000000120000000011200000002000000001000000001120000000000000000000000002000000000000010 1
1 0 562692 370764 4 10 3 11 -1 -1 0001010000000021020000000002202000000000120000000011200000002000000001000000001120000000000000000000000002000000000000010 1
2 0 562692 360738 4 14 8 14 -1 -1 0001010100000020020000000002202000000000120000000011200000002000000001000000001120000000000000000000000002000000000000010 1
1 0 560121 360738 6 12 2 12 -1 -1 0001010100000020000000000002202000000000120000000011200000002200000001000000001120000000000000000000000002000000000000010 1
2 0 560121 350041 8 12 9 13 -1 -1 0001110100000020000000000002202000000000020000000011200000002200000001000000001120000000000000000000000002000000000000010 1
1 0 557770 350041 10 10 8 12 -1 -1 0001110100000020000000000002202000000000020000000011200000000200000001200000001120000000000000000000000002000000000000010 1
2 0 557770 347548 4 8 6 10 -1 -1 0001110100000020000000000002202000000000020000000011200000001200000001200000001020000000000000000000000002000000000000010 1
1 0 555123 347548 9 11 9 9 -1 -1 0001110100000000000000000002202000000002020000000011200000001200000001200000001020000000000000000000000002000000000000010 1
2 0 555123 344524 9 13 10 14 -1 -1 0001110100000000000000000002202000000002020000000011200000001200000010200000001020000000000000000000000002000000000000010 1
1 0 549191 344524 10 8 4 14 -1 -1 0001110100000000000000000002202000000002020000000011200000001200000010000000001022000000000000000000000002000000000000010 1
2 0 549191 335594 7 15 11 11 -1 -1 0001110100000000010000000002202000000002020000000011200000001200000010000000000022000000000000000000000002000000000000010 1
1 0 546971 335594 8 12 9 13 -1 -1 0001110100000000010000000002202000000002020000000011000000001200000010000000000022000000000200000000000002000000000000010 1
2 0 546971 330244 6 14 8 12 -1 -1 0001110100000000010000000002202000000002020000000011000000000200000010100000000022000000000200000000000002000000000000010 1
1 0 543080 330244 7 11 6 12 -1 -1 0001110100000000010000000002202000000002000000000011000000002200000010100000000022000000000200000000000002000000000000010 1
2 0 543080 328145 10 14 11 15 -1 -1 0001110100000000010000000002202000000002100000000001000000002200000010100000000022000000000200000000000002000000000000010 1
1 0 540875 328145 9 13 1 13 -1 -1 0001110100000000010000000002202000000002100000000001000000002200000010100000000020000000000202000000000002000000000000010 1
2 0 540875 326891 12 14 13 15 -1 -1 0011110100000000010000000002202000000002100000000001000000002200000010000000000020000000000202000000000002000000000000010 1
1 0 539685 326891 15 13 14 14 -1 -1 0011110100000000010000000002202000000002100000000001000000002200000010000000000020000000000202000000000000000000002000010 1
2 0 539685 320946 11 15 12 16 -1 -1 0011110100000000010000000002202000000002100000000001000000002200000010000000000020000000000202000000000000000000002001000 1
1 0 538899 320946 2 12 1 11 -1 -1 0011110100000000010000000002202000000002100000000001000000002200000010000000000020000000000200000000000000200000002001000 1
2 0 538899 313491 5 9 9 13 -1 -1 0111010100000000010000000002202000000002100000000001000000002200000010000000000020000000000200000000000000200000002001000 1
1 0 537594 313491 6 12 2 12 -1 -1 0111010100000000010000000000202000000002100000000001000000002200000010200000000020000000000200000000000000200000002001000 1
2 0 537594 305112 8 12 12 12 -1 -1 0111110100000000010000000000202000000002000000000001000000002200000010200000000020000000000200000000000000200000002001000 1
1 0 535591 305112 4 14 3 13 -1 -1 0111110100000000010000000000202000000002000000000001000000000200000010200000000020000000000200000000000020200000002001000 1
2 0 535591 303837 5 15 6 14 -1 -1 0111110110000000000000000000202000000002000000000001000000000200000010200000000020000000000200000000000020200000002001000 1
1 0 534116 303837 7 13 5 15 -1 -1 0111110110000000000000000000200000000002020000000001000000000200000010200000000020000000000200000000000020200000002001000 1
2 0 534116 295858 6 14 7 13 -1 -1 0111110110000000000000000000201000000002020000000000000000000200000010200000000020000000000200000000000020200000002001000 1
1 0 530736 295858 9 9 9 11 -1 -1 0111110110000000000000000000201000000002000000000002000000000200000010200000000020000000000200000000000020200000002001000 1
2 0 530736 292341 5 11 6 12 -1 -1 0111110110000000000000000000201000000002000000000002000000000200000001200000000020000000000200000000000020200000002001000 1
1 0 529075 292341 5 15 6 14 -1 -1 0111110110000000000000000000001000000002200000000002000000000200000001200000000020000000000200000000000020200000002001000 1
2 0 529075 291403 6 12 7 11 -1 -1 0111110110000000000000000000000000000002210000000002000000000200000001200000000020000000000200000000000020200000002001000 1
1 0 527430 291403 6 14 5 13 -1 -1 0111110110000000000000000000000000000002010000000022000000000200000001200000000020000000000200000000000020200000002001000 1
2 0 527430 290224 13 15 15 13 -1 -1 0111110110000000000000000000010000000002000000000022000000000200000001200000000020000000000200000000000020200000002001000 1
1 0 525199 290224 5 13 4 12 -1 -1 0111110110000000000000000000010000000002000000000022000000000200000001200000000020000000000200000000000020200000000001020 1
2 0 525199 289007 12 12 13 11 -1 -1 0111110110000000100000000000000000000002000000000022000000000200000001200000000020000000000200000000000020200000000001020 1
1 0 523639 289007 9 11 8 12 -1 -1 0111110110000000100000000000000000000002000000000022000000000200000001200000000020000000000200000000000000200000200001020 1
2 0 523639 288214 10 12 14 12 -1 -1 0111110110000000100000000000000000000002000000000022000000001200000000200000000020000000000200000000000000200000200001020 1
1 0 521162 288214 14 14 10 10 -1 -1 0111110110000000100000000000000000000002000000000022000000001200000000200000000000000000000200000000000000200000200021020 1
2 0 521162 276545 8 14 10 12 -1 -1 0111110110000000100000000000000000000002000000000022000000001200000000200000000100000000000200000000000000200000200020020 1
1 0 519662 276545 10 10 9 11 -1 -1 0111110110000000100000000000000000000002000000000022000000001000000000200000000120000000000200000000000000200000200020020 1
2 0 519662 250199 9 13 10 14 -1 -1 0111110110000000100000000000000000000002000000000022000000001000000001200000000020000000000200000000000000200000200020020 1
1 0 518343 250199 9 11 8 10 -1 -1 0111110110000000100000000000000000000002000000000022000000001000000001000000000022000000000200000000000000200000200020020 1
2 0 518343 220201 7 13 9 15 -1 -1 0111110110000000100000000000000000000002000000000022000000011000000000000000000022000000000200000000000000200000200020020 1
1 0 516846 220201 8 12 7 13 -1 -1 0111110110000000100000000000000000000002000000000020000000011000000000020000000022000000000200000000000000200000200020020 1
2 0 516846 190196 9 15 11 13 -1 -1 0111110110000000100000000000000000000002000000000021000000010000000000020000000022000000000200000000000000200000200020020 1
1 0 515648 190196 8 10 6 12 -1 -1 0111110110000000100000000000000000000002000000000021000000010000000000000000000022000000000220000000000000200000200020020 1
2 0 515648 160032 10 14 16 12 -1 -1 0111110110000000100000000000000000000002100000000021000000000000000000000000000022000000000220000000000000200000200020020 1
1 0 514656 160032 3 13 3 9 -1 -1 0111110110000000100000000000000000000002100000000021000000000000000000000000000020000000000220000000000000200000200020022 1
2 0 514656 130017 11 13 12 14 -1 -1 0111111100000000100000000000000000000002100000000021000000000000000000000000000020000000000220000000000000200000200020022 1
1 0 513464 130017 4 12 3 13 -1 -1 0111111100000000100000000000000000000002100000000021000000000000000000000000000020000000000200000000000002200000200020022 1
2 0 513464 100021 13 11 14 10 -1 -1 0111111110000000000000000000000000000002100000000021000000000000000000000000000020000000000200000000000002200000200020022 1
1 0 512842 100021 7 13 5 11 -1 -1 0111111110000000000000000000000000000002100000000021000000000000000000000000000020000000000200000000000002200000000220022 1
2 0 512842 70027 11 11 12 12 -1 -1 0111111110000000000000000000100000000002100000000020000000000000000000000000000020000000000200000000000002200000000220022 1
1 0 512391 70027 6 12 4 10 -1 -1 0111111110000000000000000000100000000002100000000020000000000000000000000000000020000000000000000000000022200000000220022 1
2 0 512391 40036 14 12 15 11 -1 -1 0111111110000001000000000000100000000002000000000020000000000000000000000000000020000000000000000000000022200000000220022 1
1 0 512045 40036 3 11 3 15 -1 -1 0111111110000001000000000000100000000002000000000020000000000000000000000000000020000000000000000000000022200000000200222 1
2 0 512045 10042 6 10 8 12 -1 -1 0111111011000001000000000000100000000002000000000020000000000000000000000000000020000000000000000000000022200000000200222 1
1 0 511663 10042 4 10 3 11 -1 -1 0111111011000001000000000000100000000000000000000020000000002000000000000000000020000000000000000000000022200000000200222 1
2 0 511663 10040 7 11 13 13 -1 -1 0111111111000000000000000000100000000000000000000020000000002000000000000000000020000000000000000000000022200000000200222 1
1 0 511453 10040 2 10 0 12 -1 -1 0111111111000000000000000000100000000000000000000000000000002000000000000000000020000000000000000000000022200000020200222 1
2 0 511453 10039 12 14 14 12 9 9 1110111111000000000000000000100000000000000000000000000000002000000000000000000020000000000000000000000022200000020200222 1
1 0 511091 10039 5 11 4 12 -1 -1 1110111111000000000000000000100000000000000000000000000000002000000030000000000020000000000000000000000020200000020220222 1
2 0 511091 10038 12 12 14 14 -1 -1 1110111111000000100000000000000000000000000000000000000000002000000030000000000020000000000000000000000020200000020220222 1
1 0 510937 10038 4 12 2 10 -1 -1 1110111111000000100000000000000000000000000000000000000000002000000030000000000020000000000000000000000000200000020222222 1
