1322292153000
benny
kingfish
1 0 599903 600000 14 14 12 16 -1 -1 2222222222000000000000000000000000000000000000000000000000000000000000000000000000000000000000000000000000000001111111111 2
2 0 599903 599894 2 14 4 12 -1 -1 2222222222000000000000000000000000000000000000000000000000000000000000000000000000000000000000000000000000100001111110111 2
1 0 599901 599894 16 12 12 12 -1 -1 2222202222000000200000000000000000000000000000000000000000000000000000000000000000000000000000000000000000100001111110111 2
2 0 599901 599893 0 12 4 16 -1 -1 2222202222000000200000000000000000000000000000000000000000000000000000000000000000000000000000000000000010100001111110110 2
1 0 599900 599893 14 12 12 14 5 13 0222202222000000202000000000000000000000000000000000000000000000000000000000000000000000000000000000000010100001111110110 2
2 0 599900 599757 2 12 6 12 -1 -1 0222202222000000202000000000030000000000000000000000000000000000000000000000000000000000000000000000000011100001111100110 2
1 0 599899 599757 14 10 12 8 5 15 0222002222000000202000000000030000000000200000000000000000000000000000000000000000000000000000000000000011100001111100110 2
2 0 599899 599756 3 13 7 13 -1 -1 0222002222000000202000000000033000000000200000000000000000000000000000000000000000000000000000000000001011100001111000110 2
1 0 599898 599756 13 11 11 13 -1 -1 0222002202000000202000000000033000000000200000000002000000000000000000000000000000000000000000000000001011100001111000110 2
2 0 599898 599755 4 12 8 12 -1 -1 0222002202000000202000000000033000000000200000000002000000000000000000000000000000000000000010000000001011100001011000110 2
1 0 599897 599755 13 15 11 17 -1 -1 0222002202000000002000000000033000000000200000000002000000002000000000000000000000000000000010000000001011100001011000110 2
2 0 599897 599754 2 10 6 10 -1 -1 0222002202000000002000000000033000000000200000000002000000002000000000000000000000000000000010100000001011100001010000110 2
1 0 599896 599754 13 13 11 19 -1 -1 0220002202000000002000000000033000000002200000000002000000002000000000000000000000000000000010100000001011100001010000110 2
2 0 599896 599753 4 16 6 14 -1 -1 0220002202000000002000000000033000000002200000000002000000002000000000000000000000000000000010110000001011100001000000110 2
1 0 599895 599753 13 9 11 7 -1 -1 0220002202000000000000000000033000000002220000000002000000002000000000000000000000000000000010110000001011100001000000110 2
2 0 599895 599600 6 12 8 10 -1 -1 0220002202000000000000000000033000000002220000000002000000002000000000000000000000000000010010110000001011100000000000110 2
1 0 599894 599600 12 14 10 16 -1 -1 0220002202000000000000000000033000000002020000000002000000022000000000000000000000000000010010110000001011100000000000110 2
2 0 599894 599599 7 13 9 11 -1 -1 0220002202000000000000000000033000000002020000000002000000022000000000000000000000100000010010110000001010100000000000110 2
1 0 599893 599599 12 12 10 14 -1 -1 0220002202000000000000000000033000000002020000000000000000022000000002000000000000100000010010110000001010100000000000110 2
2 0 599893 595151 6 10 7 11 -1 -1 0220002202000000000000000000033000000002020000000000000000022000000002000000000001100000010010110000001000100000000000110 2
1 0 599892 595151 12 16 10 18 -1 -1 0220002202000000000000000000033000000000020000000020000000022000000002000000000001100000010010110000001000100000000000110 2
2 0 599892 590256 7 11 11 11 -1 -1 0220002202000000000000000000033000000000020000000020000000022000000002000000000001110000010010110000001000000000000000110 2
1 0 599891 590256 11 19 7 11 -1 -1 0220002202000000000000000000033000000000020000000000000000022000000002000000000001110000010210110000001000000000000000110 2
2 0 599891 585082 1 13 2 12 -1 -1 0220002202000000000000000000033000000000020000000010000000022000000002000000000001110000010210100000001000000000000000110 2
1 0 599889 585082 12 8 10 6 -1 -1 0200202202000000000000000000033000000000020000000010000000022000000002000000000001110000010210100000001000000000000000110 2
2 0 599889 580458 8 12 12 12 -1 -1 0200202202000000000000000000033000000000020000000010000000022000000002000000010001110000010210100000000000000000000000110 2
1 0 599888 580458 11 13 9 15 -1 -1 0200202202000000000000000000033000000000020000000010000000020000000002000000010001110000010210100000000020000000000000110 2
2 0 599888 576676 1 11 3 13 -1 -1 0200202202000000000000000000033000000000020000000010000000020000000002010000010001110000010200100000000020000000000000110 2
1 0 599887 576676 11 17 9 19 -1 -1 0000202222000000000000000000033000000000020000000010000000020000000002010000010001110000010200100000000020000000000000110 2
2 0 599887 571878 2 12 6 12 -1 -1 0000202222000000000000000000033000000000020000000010000000020000000002010100010001110000010200000000000020000000000000110 2
1 0 599887 571878 11 7 9 5 -1 -1 0000002222000000000000000000033000000000220000000010000000020000000002010100010001110000010200000000000020000000000000110 2
2 0 599887 566181 8 10 12 10 -1 -1 0000002222000000000000000000033000000000220000000010000000020000001002010100010001110000000200000000000020000000000000110 2
1 0 599886 566181 10 16 8 18 -1 -1 0000002222000000000000000000033000000000220000000010000000000000001002010100010001110000000200000000000220000000000000110 2
2 0 599886 559856 6 14 10 10 -1 -1 0000002222000000000000000000033000000000220000000010000000000001001002010100010001010000000200000000000220000000000000110 2
1 0 599885 559856 10 18 8 20 -1 -1 0000002222000000000000000000033000000000200000000010000000000001001002010100010201010000000200000000000220000000000000110 2
2 0 599885 555636 3 15 4 14 -1 -1 0000002222000000000000000000033000000000200000000010000000000001101002010100010201000000000200000000000220000000000000110 2
1 0 599884 555636 10 14 8 16 -1 -1 0000002220000000020000000000033000000000200000000010000000000001101002010100010201000000000200000000000220000000000000110 2
2 0 599884 549561 6 12 10 4 -1 -1 0000002220000000020000000000033000000000200000000010000000000011101002010100010200000000000200000000000220000000000000110 2
1 0 599883 549561 10 6 8 4 -1 -1 0000002220000000020000000000033000000000000000000010000000000011101002010100210200000000000200000000000220000000000000110 2
2 0 599883 546409 4 14 10 12 -1 -1 0000002220000000020000000000033000000000000000000010000010000011101002010100200200000000000200000000000220000000000000110 2
1 0 599882 546409 9 19 7 17 -1 -1 0000002220000000000000000000033000000000000000000010000010000011101002010100200220000000000200000000000220000000000000110 2
2 0 599882 542914 9 11 13 11 -1 -1 0000002220000000000000000000033000000000000000000010010010000011101002010000200220000000000200000000000220000000000000110 2
1 0 599869 542914 8 18 2 12 -1 -1 0000002220000000000000000000033000000000000000000010010010000011101000010000200220000000000200000000000220000000200000110 2
2 0 599869 537309 12 10 13 9 -1 -1 0000102220000000000000000000033000000000000000000010010010000010101000010000200220000000000200000000000220000000200000110 2
1 0 599868 537309 8 16 6 18 -1 -1 0000102220000000000000000000033000000000000000000010010010000010101000010000200220000000000200000000000020000002200000110 2
2 0 599868 533124 10 12 14 12 -1 -1 0000102220000000000000000000033000000000000100000010010010000000101000010000200220000000000200000000000020000002200000110 2
1 0 599867 533124 15 11 13 13 -1 -1 0000102220000000000000000000033000000000000100000010010010000000101000010000200200000000000200000000000020000002200020110 2
2 0 599867 529381 12 12 16 12 -1 -1 0000102220000000000000000000033000000000000100000010010010000000101000010000200200000000000200000000000020000002210020010 2
1 0 599867 529381 15 13 14 14 -1 -1 0000102220000000000000000000033000000000000100000010010010000000101000010000200200000000000200000000000000000002210020012 2
2 0 599867 527359 10 10 14 10 -1 -1 0000102220000000000000000000033000000000000100000010010010000000101000010000200200000000000200000000000000000002210021002 2
1 0 599866 527359 14 14 10 10 -1 -1 0000102220000000000000000000033000000000000100000010010010000000101000010000200000000000000200000000000000000002210221002 2
2 0 599866 525668 3 11 4 12 -1 -1 0000102220000000000000000000033000000000000100000010010010000000101000010000200100000000000200000000000000000002210220002 2
1 0 599865 525668 13 13 12 14 -1 -1 0000102020000000200000000000033000000000000100000010010010000000101000010000200100000000000200000000000000000002210220002 2
2 0 599865 522921 3 9 4 10 -1 -1 0000102020000000200000000000033000000000000100000010010010000000101000010000200100000000000200000000000001000002200220002 2
1 0 599864 522921 12 14 11 15 -1 -1 0000100020000002200000000000033000000000000100000010010010000000101000010000200100000000000200000000000001000002200220002 2
2 0 599864 519944 4 10 6 12 -1 -1 0000100020000002200000000000033000000000000100000010010010000000101000010000200100000000000201000000000000000002200220002 2
1 0 599864 519944 11 15 10 16 -1 -1 0000100020000000200000000000033000000000200100000010010010000000101000010000200100000000000201000000000000000002200220002 2
2 0 599864 516438 3 13 7 13 -1 -1 0000100020000000200000000000033000000000200100000010010010000000101000010000200100100000000200000000000000000002200220002 2
1 0 599864 516438 10 16 8 14 -1 -1 0000100000000000200000000000033000000000200100000012010010000000101000010000200100100000000200000000000000000002200220002 2
2 0 599864 511902 4 12 10 14 -1 -1 0000100000000000200000000000033000000000200100000012010010000100101000010000200100000000000200000000000000000002200220002 2
1 0 599863 511902 7 11 5 17 -1 -1 0000100000000000000000000000033000000000200100000012010010000100101000010000200102000000000200000000000000000002200220002 2
2 0 599863 508088 11 11 12 12 -1 -1 0000100000000000000000000000033100000000200100000002010010000100101000010000200102000000000200000000000000000002200220002 2
1 0 599862 508088 6 18 4 16 -1 -1 0000100000000000000000000000033100000000200100000002010010000100101000010000200102000000000000000000000020000002200220002 2
2 0 599862 505178 10 4 11 5 -1 -1 0000100000000000001000000000033100000000200000000002010010000100101000010000200102000000000000000000000020000002200220002 2
1 0 599861 505178 5 17 3 15 -1 -1 0000100000000000001000000000033100000000200000000002010010000100101000010000000102000000200000000000000020000002200220002 2
2 0 599861 501580 11 5 12 6 -1 -1 0000100001000000001000000000033000000000200000000002010010000100101000010000000102000000200000000000000020000002200220002 2
1 0 599860 501580 4 16 2 14 -1 -1 0000100001000000001000000000033000000000200000000002010010000100101000010000000102000000000000000000020020000002200220002 2
2 0 599860 498077 12 12 13 13 -1 -1 0000110001000000000000000000033000000000200000000002010010000100101000010000000102000000000000000000020020000002200220002 2
1 0 599859 498077 3 15 1 13 -1 -1 0000110001000000000000000000033000000000200000000002010010000100101000010000000102000000000000000000020000000002220220002 2
2 0 599859 495924 10 14 11 13 -1 -1 0010110000000000000000000000033000000000200000000002010010000100101000010000000102000000000000000000020000000002220220002 2
1 0 599859 495924 2 14 0 12 -1 -1 0010110000000000000000000000033000000000200000000002010010000100101000010000000100000000000020000000020000000002220220002 2
2 0 599859 493442 11 13 12 14 -1 -1 1010100000000000000000000000033000000000200000000002010010000100101000010000000100000000000020000000020000000002220220002 2
1 0 599854 493442 10 10 9 11 -1 -1 1010100000000000000000000000033000000000200000000002010010000100101000010000000100000000000000000000020002000002220220002 2
2 0 599854 491315 12 14 13 15 -1 -1 1010100000000000000000000000033000000000200000000002010010000100101001010000000000000000000000000000020002000002220220002 2
1 0 599854 491315 9 5 7 3 -1 -1 1010100000000000000000000000033000000000200000000002010010000100101001010000000000000000000000000000020000000002222220002 2
2 0 599854 490089 6 12 8 18 -1 -1 1010100000000000000000000000033000000000200000100002010010000100100001010000000000000000000000000000020000000002222220002 2
1 0 599853 490089 8 20 4 16 -1 -1 1010100000000000000000000000033000000000000000100002010010000102100001010000000000000000000000000000020000000002222220002 2
2 0 599853 488849 7 13 8 12 -1 -1 1010100000000000001000000000033000000000000000100002010010000102000001010000000000000000000000000000020000000002222220002 2
1 0 599852 488849 9 15 7 13 -1 -1 1010100000000000001000000000033000000000000000100000010010002102000001010000000000000000000000000000020000000002222220002 2
2 0 599852 486923 8 12 10 10 -1 -1 1010100000000000001000000000033000000000000000100001010010002102000001000000000000000000000000000000020000000002222220002 2
1 0 599852 486923 8 14 4 14 -1 -1 1010100000000000001000000000033000000000000000100001010010000102000001000000000200000000000000000000020000000002222220002 2
2 0 599852 485672 8 18 9 19 -1 -1 1010100000000000011000000000033000000000000000100001010010000002000001000000000200000000000000000000020000000002222220002 2
1 0 599851 485672 9 11 8 12 -1 -1 1010100000000000011000000000033000000000000000100001010010000000000001000200000200000000000000000000020000000002222220002 2
2 0 599851 484375 9 19 10 18 -1 -1 1010100000000000011000000000033000000000000000100001010010001000000000000200000200000000000000000000020000000002222220002 2
1 0 599850 484375 8 12 4 12 -1 -1 1010100000000000011000000000033000000000000000100001010010001000000000000000000200020000000000000000020000000002222220002 2
2 0 599850 483111 10 18 11 17 -1 -1 1010100000000000111000000000033000000000000000100001010010000000000000000000000200020000000000000000020000000002222220002 2
1 0 599849 483111 8 4 7 5 -1 -1 1010100000000000111000000000033000000000000000100001010010000000000000000000000200000000000000200000020000000002222220002 2
2 0 599849 481839 10 10 11 11 -1 -1 1010100000000000111000000000033000000000000000110001010000000000000000000000000200000000000000200000020000000002222220002 2
1 0 599848 481839 7 13 6 14 -1 -1 1010100000000000111000000000033000000000000000110001010000000000000000000000000000000000000200200000020000000002222220002 2
2 0 599848 480827 11 11 12 12 -1 -1 1010100000000000111000000000033000000000010000110000010000000000000000000000000000000000000200200000020000000002222220002 2
1 0 599847 480827 7 17 6 16 -1 -1 1010100000000000111000000000033000000000010000110000010000000000000000000000000000000000000000200000020020000002222220002 2
2 0 599847 479828 12 12 14 14 -1 -1 1010100000000000111000000000033000000000011000110000000000000000000000000000000000000000000000200000020020000002222220002 2
1 0 599846 479828 7 3 6 4 -1 -1 1010100000000000111000000000033000000000011000110000000000000000000000000000000000000000000000200000020000000002222222002 2
2 0 599846 479016 11 17 12 16 -1 -1 1010100000000000111000000000033000001000011000010000000000000000000000000000000000000000000000200000020000000002222222002 2
1 0 599846 479016 7 5 6 6 -1 -1 1010100000000000111000000000033000001000011000010000000000000000000000000000000000000000000000000000020000200002222222002 2
2 0 599846 478561 12 6 12 8 -1 -1 1010100000000000111000000000033000001100011000000000000000000000000000000000000000000000000000000000020000200002222222002 2
1 0 599845 478561 6 4 6 8 -1 -1 1010100000000000111000000000033000001100011000000000000000000000000000000000000000000000000000000000002000200002222222002 2
2 0 599845 478123 12 8 12 10 -1 -1 1010100000000000111000000000033000000110011000000000000000000000000000000000000000000000000000000000002000200002222222002 2
1 0 599833 478123 6 8 5 7 -1 -1 1010100000000000111000000000033000000110011000000000000000000000000000000000000000000000000000000000000200200002222222002 2
2 0 599833 477684 12 10 12 12 -1 -1 1010100000000000111000000010033000000100011000000000000000000000000000000000000000000000000000000000000200200002222222002 2
1 0 599832 477684 6 6 4 8 -1 -1 1010100000000000111000000010033000000100011000000000000000000000000000000000000000000000000000000000000020200002222222002 2
2 0 599832 477193 12 16 12 14 -1 -1 1010100000000010111000000010033000000000011000000000000000000000000000000000000000000000000000000000000020200002222222002 2
1 0 599831 477193 5 7 3 9 -1 -1 1010100000000010111000000010033000000000011000000000000000000000000000000000000000000000000000000000000022000002222222002 2
2 0 599831 476478 13 9 15 11 -1 -1 1010101000000010111000000000033000000000011000000000000000000000000000000000000000000000000000000000000022000002222222002 2
1 0 599830 476478 4 8 2 14 -1 -1 1010101000000010111000000000033000000000011000000000000000000000000000000000000000000000000000000000000022000000222222202 2
2 0 599830 475915 13 15 15 13 -1 -1 1010111000000000111000000000033000000000011000000000000000000000000000000000000000000000000000000000000022000000222222202 2
1 0 599829 475915 6 16 5 17 -1 -1 1010111000000000111000000000033000000000011000000000000000000000000000000000000000000000000000000000000022000000220222222 2
2 0 599829 475589 12 14 13 15 -1 -1 1010111000000000111000000000033100000000010000000000000000000000000000000000000000000000000000000000000022000000220222222 2
1 0 599829 475589 5 17 3 15 -1 -1 1010111000000000111000000000033100000000010000000000000000000000000000000000000000000000000000000000000020000000222222222 2
2 0 599829 475448 14 10 13 9 -1 -1 1010111001000000111000000000033000000000010000000000000000000000000000000000000000000000000000000000000020000000222222222 2
1 0 599829 475448 4 14 3 13 -1 -1 1010111001000000111000000000033000000000010000000000000000000000000000000000000000000000000000000000000020000002222022222 2
2 0 599829 475242 12 12 14 10 -1 -1 1010111011000000101000000000033000000000010000000000000000000000000000000000000000000000000000000000000020000002222022222 2
