1322289615000
kingfish
deepred
1 0 599766 600000 14 10 12 12 -1 -1 2222222222000000000000000000000000000000000000000000000000000000000000000000000000000000000000000000000000000001111111111 1
2 0 599766 -170 2 12 4 10 -1 -1 2222222222000000000000000000000000000000000000000000000000000000000000000000000000000000000000000000000010000001111011111 1
1 0 599766 -170 16 12 12 8 -1 -1 2222022222000002000000000000000000000000000000000000000000000000000000000000000000000000000000000000000010000001111011111 1
2 0 599766 -170 3 11 5 9 11 13 2222022222000002000000000000000000000000000000000000000000000000000000000000000000000000000000000000001010000001111011110 1
1 0 599765 -170 13 13 11 11 -1 -1 2222022022000002000000000002000000000000000000000000000000000000000000000000000000000000000030000000001010000001111011110 1
2 0 599765 -170 2 14 6 10 8 10 2222022022000002000000000002000000000000000000000000000000000000000000000000000000000000000130000000001010000001101011110 1
1 0 599764 -170 14 12 10 12 -1 -1 2222002022000002000000000002000000000002000000000000000000030000000000000000000000000000000130000000001010000001101011110 1
2 0 599764 -170 3 9 9 11 -1 -1 2222002022000002000000000002000000000002000000000000000000030000000000000000000010000000000130000000001010000001101001110 1
1 0 596268 -170 12 12 8 12 -1 -1 2222000022000002000000000002000000000002000000000000000000030000000002000000000010000000000130000000001010000001101001110 1
2 0 596268 -170 1 11 7 9 -1 -1 2222000022000002000000000002000000000002000000000000000000031000000002000000000010000000000130000000001000000001101001110 1
1 0 592008 -170 11 11 7 11 -1 -1 2022000022000002000000000002000000000002000000000200000000031000000002000000000010000000000130000000001000000001101001110 1
2 0 592008 -170 0 12 4 16 -1 -1 2022000022000002000000000002000000000002000000000210000000031000000002000000000010000000000030000000001000000001101001110 1
1 0 586132 -170 13 15 12 14 -1 -1 0022000022000002002000000002000000000002000000000210000000031000000002000000000010000000000030000000001000000001101001110 1
2 0 586132 -170 6 10 8 8 -1 -1 0022000022000002002000000002000000000002000000000210000000031000000002000000000010000000000030000000001001000001100001110 1
1 0 580306 -170 14 14 10 10 -1 -1 0022000022000002002000000002000000000000000000000210000000231000000002000000000010000000000030000000001001000001100001110 1
2 0 580306 -170 9 11 11 9 -1 -1 0022000022000002002000000002000000000000000000000210000000231000000002000000000110000000000030000000001001000001100000110 1
1 0 574586 -170 8 12 2 14 -1 -1 0022000022000002002000000002000000000000000000000210000000231000000000000000000110000000002030000000001001000001100000110 1
2 0 574586 -170 7 9 9 7 -1 -1 0022010022000002002000000002000000000000000000000210000000230000000000000000000110000000002030000000001001000001100000110 1
1 0 565554 -170 10 12 9 11 -1 -1 0022010022000002002000000002000000000000000000000010000000230000000200000000000110000000002030000000001001000001100000110 1
2 0 565554 -170 8 8 10 6 -1 -1 0022010022000002002000000002000000000000000000000010000000230000000201000000000100000000002030000000001001000001100000110 1
1 0 558778 -170 10 10 4 12 -1 -1 0022010022000002002000000002000000000000000000000010000000030000000201000000020100000000002030000000001001000001100000110 1
2 0 558778 -170 4 10 6 8 -1 -1 0022010022000002102000000002000000000000000000000010000000030000000201000000020000000000002030000000001001000001100000110 1
1 0 550578 -170 12 8 4 8 -1 -1 0022010022000000102000000002000000000020000000000010000000030000000201000000020000000000002030000000001001000001100000110 1
2 0 550578 -170 10 6 16 12 -1 -1 0022010022000010102000000002000000000020000000000010000000030000000201000000020000000000002030000000000001000001100000110 1
1 0 544346 -170 15 11 14 10 -1 -1 0022010022000010102000000002000000000020000000000010000000030000000201000000000000000000002030000000000001000001100000112 1
2 0 544346 -170 3 13 7 9 -1 -1 0022010022000010102000000002000000000020000000000010000000030000000201000000000000000000002030000000000001000001100100012 1
1 0 538440 -170 14 10 6 10 -1 -1 0022010002000010102000000002000000000020000000000210000000030000000201000000000000000000002030000000000001000001100100012 1
2 0 538440 -170 5 9 7 7 -1 -1 0022010002000010102000000002000000000021000000000210000000030000000201000000000000000000002030000000000001000001100000012 1
1 0 532926 -170 13 11 12 12 -1 -1 0022010002000010102000000000000000000021000000002210000000030000000201000000000000000000002030000000000001000001100000012 1
2 0 532926 -170 6 8 12 10 -1 -1 0022010002000010102000000000000000000021000000002210000000030000000201000000000000000000002030000000000011000001000000012 1
1 0 529021 -170 12 14 10 12 -1 -1 0022010002000010102000000000000000000001000000002210000000030000000201000000000000000000002030000000000211000001000000012 1
2 0 529021 -170 11 9 13 11 -1 -1 0022010002000010102000000000000000000001000000002210000000030000000201000000000010000000002030000000000210000001000000012 1
1 0 524816 -170 13 9 9 13 -1 -1 0022010002000010102000000000000000000001000000002210000000030000000201000000000010000000000030000000000210000001200000012 1
2 0 524816 -170 12 10 14 12 -1 -1 0022010002000010102000000000000000000001000000002210000000030000000201100000000010000000000030000000000210000000200000012 1
1 0 519342 -170 12 12 6 6 -1 -1 0022010002000010102000000000000000000001000000002210000000030000000201100000000010000000000030000000000010000000200020012 1
2 0 519342 -170 3 15 5 17 -1 -1 0022010002000010102000000000000000000101000000002210000000030000000201100000000010000000000030000000000000000000200020012 1
1 0 510691 -170 10 12 8 14 -1 -1 0022010000000010102000000000000200000101000000002210000000030000000201100000000010000000000030000000000000000000200020012 1
2 0 510691 -170 7 9 9 15 -1 -1 0022010000000010102000000000000200000101000000002210000000030100000201100000000000000000000030000000000000000000200020012 1
1 0 501173 -170 7 11 6 12 -1 -1 0022010000000010102000000000000200000101000000002010000000030100000201120000000000000000000030000000000000000000200020012 1
2 0 501173 -170 4 16 6 18 -1 -1 0022010000000010102000000000000200000101100000002000000000030100000201120000000000000000000030000000000000000000200020012 1
1 0 493207 -170 9 13 3 11 -1 -1 0022010000000010100000000000000200000101100200002000000000030100000201120000000000000000000030000000000000000000200020012 1
2 0 493207 -170 5 17 7 19 -1 -1 0022010100000010100000000000000200000101100200002000000000030100000201020000000000000000000030000000000000000000200020012 1
1 0 478730 -170 9 11 1 11 -1 -1 0022010100000010100000000000000000000101100200002000002000030100000201020000000000000000000030000000000000000000200020012 1
2 0 478730 -170 6 18 8 20 -1 -1 0122010100000010100000000000000000000101100200002000002000030100000200020000000000000000000030000000000000000000200020012 1
1 0 469358 -170 15 13 14 14 -1 -1 0122010100000010100000000000000000000101100000002000002000030100200200020000000000000000000030000000000000000000200020012 1
2 0 469358 -170 13 11 15 13 -1 -1 0122010100000010100000000000000000000101100000002000002000030100200200020000000000000000000030000000000000000000200021002 1
1 0 463333 -170 6 6 5 7 -1 -1 0122010100000010100000000000000000000101100000002000002000030100200200020000000000000000000030000000000000000000000021022 1
2 0 463333 -170 1 13 3 15 -1 -1 0122010100000010100000000010000000000001100000002000002000030100200200020000000000000000000030000000000000000000000021022 1
1 0 456056 -170 8 14 7 13 -1 -1 0102010102000010100000000010000000000001100000002000002000030100200200020000000000000000000030000000000000000000000021022 1
2 0 456056 -170 14 12 15 11 -1 -1 0102010102000010100000000010000000000001100000002001002000030000200200020000000000000000000030000000000000000000000021022 1
1 0 448898 -170 7 13 3 9 -1 -1 0102010102000010100000000010000000000001100000002001002000030000200200020000000000000000000030000000000000000000000001222 1
2 0 448898 -170 9 7 10 6 -1 -1 0102011102000010100000000010000000000001100000002000002000030000200200020000000000000000000030000000000000000000000001222 1
1 0 445702 -170 6 12 2 12 -1 -1 0102011102000010100000000010000000000001100000002000002000030000200000020000020000000000000030000000000000000000000001222 1
2 0 445702 -170 10 6 11 7 -1 -1 0102111102000010100000000010000000000001000000002000002000030000200000020000020000000000000030000000000000000000000001222 1
1 0 443279 -170 4 12 3 13 -1 -1 0102111102000010100000000010000000000001000000002000002000030000200000020000000000000000020030000000000000000000000001222 1
2 0 443279 -170 2 10 4 12 -1 -1 0102111112000010000000000010000000000001000000002000002000030000200000020000000000000000020030000000000000000000000001222 1
1 0 441106 -170 4 8 0 12 -1 -1 0100111112000010200000000010000000000001000000002000002000030000200000020000000000000000020030000000000000000000000001222 1
2 0 441106 -170 4 12 8 8 -1 -1 1100111112000000200000000010000000000001000000002000002000030000200000020000000000000000020030000000000000000000000001222 1
1 0 439915 -170 5 7 4 8 -1 -1 1100111112000000000000000010000000000001000000002000002000230000200000020000000000000000020030000000000000000000000001222 1
2 0 439915 -170 7 7 9 9 -1 -1 1100111112000010000000000000000000000001000000002000002000230000200000020000000000000000020030000000000000000000000001222 1
1 0 438717 -170 4 8 2 10 -1 -1 1100111112000010000000000000000000000001000000000000002000230000200020020000000000000000020030000000000000000000000001222 1
2 0 438717 -170 8 8 10 10 -1 -1 1101111112000000000000000000000000000001000000000000002000230000200020020000000000000000020030000000000000000000000001222 1
1 0 437865 -170 6 10 5 11 -1 -1 1101111112000000000000000000000000000001000000000000002000030000200020020000000200000000020030000000000000000000000001222 1
2 0 437865 -170 9 9 11 11 -1 -1 1101111112000000000000000000100000000000000000000000002000030000200020020000000200000000020030000000000000000000000001222 1
1 0 437122 -170 5 11 4 12 -1 -1 1101111112000000000000000000100000000000000000000000002000030000200000020000000200000000020230000000000000000000000001222 1
2 0 437122 -170 10 10 12 12 -1 -1 1101111112000000100000000000000000000000000000000000002000030000200000020000000200000000020230000000000000000000000001222 1
1 0 436614 -170 14 14 13 13 -1 -1 1101111112000000100000000000000000000000000000000000002000030000200000020000000000000000020230000000000020000000000001222 1
2 0 436614 -170 12 12 14 14 -1 -1 1101111112000000100000000000000000000000000000000000002000030000200000020000000000000000020230000000000020000000010000222 1
1 0 436077 -170 13 13 12 12 -1 -1 1101111112000000100000000000000000000000000000000000002000030000200000020000000000000000020230000000000000000000010002222 1
2 0 436077 -170 11 11 13 13 -1 -1 1101111112000000100000000000000000000000000000000000002000030000200000020000000000000000020230000000000010000000000002222 1
1 0 435344 -170 12 12 8 16 -1 -1 1101111112000000100000000000000000000000000000000000002000030000200000020000000000000000020030000000000010000000020002222 1
2 0 435344 -170 13 13 14 12 -1 -1 1101111112000000100000000000000000000000000000000000002000030010200000020000000000000000020030000000000000000000020002222 1
1 0 435003 -170 2 14 1 13 -1 -1 1101111112000000100000000000000000000000000000000000002000030010200000020000000000000000020030000000000000000000000022222 1
2 0 435003 -170 11 7 12 8 -1 -1 1111101112000000100000000000000000000000000000000000002000030010200000020000000000000000020030000000000000000000000022222 1
1 0 434552 -170 4 12 2 14 -1 -1 1111101112000000100000000000000000000000000000000000002000030010200000020000000000000000000030000000002000000000000022222 1
