1322295371000
artificialwintelligence
kingfish
1 0 599636 600000 14 12 12 10 -1 -1 2222222222000000000000000000000000000000000000000000000000000000000000000000000000000000000000000000000000000001111111111 2
2 0 599636 599920 2 14 4 12 -1 -1 2222222222000000000000000000000000000000000000000000000000000000000000000000000000000000000000000000000100000001111101111 2
1 0 599297 599920 13 11 11 9 -1 -1 2222202222000000200000000000000000000000000000000000000000000000000000000000000000000000000000000000000100000001111101111 2
2 0 599297 599919 0 12 4 16 -1 -1 2222202222000000200000000000000000000000000000000000000000000000000000000000000000000000001000000000000100000001011101111 2
1 0 598548 599919 14 14 12 8 -1 -1 0222202222000000202000000000000000000000000000000000000000000000000000000000000000000000001000000000000100000001011101111 2
2 0 598548 599918 2 12 4 10 -1 -1 0222202222000000202000000000000000000000000000000000000000000000000000000000000000000000001000000000001100000001011100111 2
1 0 597968 599918 12 10 10 8 -1 -1 0222002222000002202000000000000000000000000000000000000000000000000000000000000000000000001000000000001100000001011100111 2
2 0 597968 599917 3 9 5 11 -1 -1 0222002222000002202000000000000000000000000000000000000000000000000000000000001000000000001000000000001000000001011100111 2
1 0 596851 599917 16 12 12 16 -1 -1 0222000222000002202000000000200000000000000000000000000000000000000000000000001000000000001000000000001000000001011100111 2
2 0 596851 599916 1 11 3 9 -1 -1 0222000222000002202000000000200000000000000000000000000000000000000000000000001000000000001000000000001000100001011100110 2
1 0 595691 599916 13 9 9 9 -1 -1 0022002222000002202000000000200000000000000000000000000000000000000000000000001000000000001000000000001000100001011100110 2
2 0 595691 599771 3 11 5 13 -1 -1 0022002222000002202000000000200000000000000000000000000000000000000010000000001000000000001000000000001000100000011100110 2
1 0 593936 599771 12 8 8 8 -1 -1 0022002022000002202000000000220000000000000000000000000000000000000010000000001000000000001000000000001000100000011100110 2
2 0 593936 599770 3 15 5 9 -1 -1 0022002022000002202000000000220000000000000000000000000000100000000010000000001000000000001000000000000000100000011100110 2
1 0 591066 599770 11 9 7 9 -1 -1 0022002020000002202000000002220000000000000000000000000000100000000010000000001000000000001000000000000000100000011100110 2
2 0 591066 595520 4 10 8 10 -1 -1 0022002020000002202000000002220000000000000000000100000000100000000010000000001000000000000000000000000000100000011100110 2
1 0 588882 595520 15 11 13 9 -1 -1 0022002020000000202000000002220000000000000000000100000000120000000010000000001000000000000000000000000000100000011100110 2
2 0 588882 592353 2 10 6 10 -1 -1 0022002020000000202000000002220000000000000000000100000000120000000010000000001000000000000000000000000000100001011100010 2
1 0 587697 592353 15 13 14 14 -1 -1 0020002020000000202000000002220000000002000000000100000000120000000010000000001000000000000000000000000000100001011100010 2
2 0 587697 590068 1 13 2 12 -1 -1 0020002020000000202000000002220000000002000000000100000000120000000010000000001000000000000000000000000000100001011101000 2
1 0 585925 590068 14 10 13 11 -1 -1 0000202020000000202000000002220000000002000000000100000000120000000010000000001000000000000000000000000000100001011101000 2
2 0 585925 586001 4 12 6 14 -1 -1 0000202020000000202000000002220000000002000000000100000000120000000010000000001000000000000000000000000000100001111001000 2
1 0 584471 586001 7 9 6 8 -1 -1 0000202020000000002000000002220000000002020000000100000000120000000010000000001000000000000000000000000000100001111001000 2
2 0 584471 577670 5 11 9 7 -1 -1 0000202020000000002000000002220000000012020000000000000000120000000010000000001000000000000000000000000000100001111001000 2
1 0 581284 577670 14 14 12 8 -1 -1 0000202020000000002000000002020000000012020000000000000000120000000210000000001000000000000000000000000000100001111001000 2
2 0 581284 573182 2 12 4 14 -1 -1 0000202020000000002000000002020000000012020000000000000000120000000210000000001000000000000000000000001000100001111000000 2
1 0 577689 573182 13 13 12 14 -1 -1 0000002020000000022000000002020000000012020000000000000000120000000210000000001000000000000000000000001000100001111000000 2
2 0 577689 565618 3 13 7 13 -1 -1 0000002020000000022000000002020000000012020000000000000000120000000210000000001000000000000000000000001001100001101000000 2
1 0 576236 565618 13 9 11 15 -1 -1 0000002000000000022000000002020000000012020000000002000000120000000210000000001000000000000000000000001001100001101000000 2
2 0 576236 556941 4 14 8 14 -1 -1 0000002000000000022000000002020000000012020000000002000000120000000210000000001000000000000001000000001001100000101000000 2
1 0 572734 556941 9 9 7 15 -1 -1 0000002000000000002000000002020000000012020000000002000000120200000210000000001000000000000001000000001001100000101000000 2
2 0 572734 548640 5 9 13 13 -1 -1 0000002000000000002000000002020000000012020000000002100000120200000200000000001000000000000001000000001001100000101000000 2
1 0 568664 548640 7 15 5 9 -1 -1 0000002000000000002000000000020000000012020000000002100000120200000200000000001000000000000001000000001001100000121000000 2
2 0 568664 537346 5 13 13 9 -1 -1 0000002000000000002000000001020000000012020000000002000000120200000200000000001000000000000001000000001001100000121000000 2
1 0 566131 537346 13 15 11 13 -1 -1 0000002000000000002000000001000000000012020000000002000000120200000200000000001000000000000001000000001001100002121000000 2
2 0 566131 528764 6 14 8 12 -1 -1 0000002000000000002000000001000000000012020000000002000000120200000200000000001000000000000011000000001001100002120000000 2
1 0 562374 528764 12 14 10 16 -1 -1 0000002000000000002000000001000000000012000000000002000000122200000200000000001000000000000011000000001001100002120000000 2
2 0 562374 519960 7 13 13 15 -1 -1 0000002000000000002000000001000000000012000000000002000000122200000200000000001000100000000011000000001000100002120000000 2
1 0 559349 519960 11 13 5 11 -1 -1 0000002000000000002000000001000000000012000000000000000000122200000200000000001000100000000011000000001000100002122000000 2
2 0 559349 511896 9 7 11 13 -1 -1 0000002000000000002000000001100000000012000000000000000000122200000200000000001000100000000001000000001000100002122000000 2
1 0 556282 511896 13 11 12 10 -1 -1 0000002000000000002000000001100000000012000000000000000000122200000000000000001000100000000021000000001000100002122000000 2
2 0 556282 500461 8 14 9 13 -1 -1 0000002000000000002000000001100000000012000000000000000000122200000000000000001000100000000021000000001100100002022000000 2
1 0 550802 500461 11 15 9 17 -1 -1 0000002000000000002000000001100000000012000000000000000000122000000000200000001000100000000021000000001100100002022000000 2
2 0 550802 493117 8 10 14 12 -1 -1 0000002000000000002000000001100000000012000000000000000000122000000000201000001000100000000020000000001100100002022000000 2
1 0 547393 493117 12 8 8 16 -1 -1 0000002000000000002000000001100000000012000000000000000000102000000000201000001000100000000020000000001100100002022020000 2
2 0 547393 484790 8 12 14 10 -1 -1 0000002000000000002000000001100000000012000000000000000000102010000000201000001000100000000020000000000100100002022020000 2
1 0 544705 484790 12 10 11 9 -1 -1 0000002000000000002000000001100000000012000000000000000000100010000000201000001000100000000020000000000100100002022220000 2
2 0 544705 478103 9 13 10 14 -1 -1 0000002000000000002000000001100000000012000000000000000000100010000000201000001000100000001020000000000000100002022220000 2
1 0 540716 478103 11 9 5 7 -1 -1 0000002000000000002000000001100000000012000000000000000000100010000000001000001002100000001020000000000000100002022220000 2
2 0 540716 475504 3 9 4 10 -1 -1 0000002000000000002000000011100000000012000000000000000000100010000000001000001002100000000020000000000000100002022220000 2
1 0 537576 475504 8 16 7 17 -1 -1 0000000000000002002000000011100000000012000000000000000000100010000000001000001002100000000020000000000000100002022220000 2
2 0 537576 472308 10 14 14 14 -1 -1 0000000000000002002000000011100000000012000000000000010000100000000000001000001002100000000020000000000000100002022220000 2
1 0 536444 472308 10 16 6 16 -1 -1 0000000000000002002000000011100000000012000000000000010000100000000000001000001000100000000020000000000000100002022222000 2
2 0 536444 470241 4 10 6 12 -1 -1 0000000000000002002000000011100000000012001000000000010000100000000000001000001000000000000020000000000000100002022222000 2
1 0 534827 470241 12 16 11 17 -1 -1 0000000000000000002000000011100000000012201000000000010000100000000000001000001000000000000020000000000000100002022222000 2
2 0 534827 465712 6 10 12 16 -1 -1 0000000000000000002000000011100000000012201000000000010000100000000000001000001000000000000020100000000000000002022222000 2
1 0 532752 465712 11 17 10 18 -1 -1 0000000000000000002000000011100000000010201000000000010000100000000000001000001000000000000020100000000000200002022222000 2
2 0 532752 462883 6 12 7 11 -1 -1 0000000000000000002000000011100000000010201000000000010000100000000000001000001000010000000020000000000000200002022222000 2
1 0 531689 462883 10 18 6 14 -1 -1 0000000000000000002000000011100000000010001000000020010000100000000000001000001000010000000020000000000000200002022222000 2
2 0 531689 460401 4 16 5 17 -1 -1 0000000000000000002000000011100000000010011000000020010000100000000000001000001000000000000020000000000000200002022222000 2
1 0 530525 460401 10 8 9 9 -1 -1 0000000000000000000000000011100200000010011000000020010000100000000000001000001000000000000020000000000000200002022222000 2
2 0 530525 457661 5 17 7 15 -1 -1 0000000000000000000000000011100200000010011000000020010000100000000010001000000000000000000020000000000000200002022222000 2
1 0 528443 457661 9 9 7 7 -1 -1 0000000000000000000000000011100000000010011000000020210000100000000010001000000000000000000020000000000000200002022222000 2
2 0 528443 455788 7 11 8 12 -1 -1 0000000000000000000000000011100000000010011000001020210000100000000000001000000000000000000020000000000000200002022222000 2
1 0 526907 455788 8 8 4 8 -1 -1 0000000000000000000000000011100000000010011000001000210000102000000000001000000000000000000020000000000000200002022222000 2
2 0 526907 453349 7 15 8 14 -1 -1 0000000000000010000000000011100000000010011000001000210000002000000000001000000000000000000020000000000000200002022222000 2
1 0 525241 453349 9 17 8 16 -1 -1 0000000000000010000000000011100000000010011000001000010000002200000000001000000000000000000020000000000000200002022222000 2
2 0 525241 450928 8 14 9 13 -1 -1 0000000000000010000000000011100000000010011000001000010000002210000000000000000000000000000020000000000000200002022222000 2
1 0 523672 450928 6 16 5 17 -1 -1 0000000000000010000000000011100000000010011000001000010000002010000000200000000000000000000020000000000000200002022222000 2
2 0 523672 449318 8 12 12 12 -1 -1 0000000000000010000000000011100100000010010000001000010000002010000000200000000000000000000020000000000000200002022222000 2
1 0 523026 449318 8 16 4 16 -1 -1 0000000000000010000000000011100100000010010000001000010000000010000000200000000000000000000020000000000020200002022222000 2
2 0 523026 448307 9 13 10 12 -1 -1 0000000000000010001000000011100100000010010000001000010000000000000000200000000000000000000020000000000020200002022222000 2
1 0 521856 448307 5 9 4 10 -1 -1 0000000000000010001000000011100100000010010000001000010000000000000000000000000020000000000020000000000020200002022222000 2
2 0 521856 446427 11 13 13 11 -1 -1 0000000000000011001000000010100100000010010000001000010000000000000000000000000020000000000020000000000020200002022222000 2
1 0 520890 446427 7 7 3 11 -1 -1 0000000000000011001000000010100100000010010000001000010000000000000000000000000020000000000000000000000020200002222222000 2
2 0 520890 445051 14 14 15 13 -1 -1 0000000100000011001000000010100100000010010000000000010000000000000000000000000020000000000000000000000020200002222222000 2
1 0 519360 445051 4 10 3 9 -1 -1 0000000100000011001000000010100100000010010000000000010000000000000000000000000020000000000000000000000020200002222220020 2
2 0 519360 444208 10 12 11 13 -1 -1 0000001100000010001000000010100100000010010000000000010000000000000000000000000020000000000000000000000020200002222220020 2
1 0 518439 444208 6 8 2 12 -1 -1 0000001100000010001000000010100100000010010000000000010000000000000000000000000000000000000020000000000020200002222220020 2
2 0 518439 442759 12 12 16 12 -1 -1 0000101100000010001000000010100100000000010000000000010000000000000000000000000000000000000020000000000020200002222220020 2
1 0 516911 442759 4 8 2 14 -1 -1 0000101100000010001000000010100100000000010000000000010000000000000000000000000000000000000020000000000000200002222220022 2
2 0 516911 441822 11 13 12 14 -1 -1 0000111100000000001000000010100100000000010000000000010000000000000000000000000000000000000020000000000000200002222220022 2
1 0 516326 441822 7 17 6 18 -1 -1 0000111100000000001000000010100100000000010000000000010000000000000000000000000000000000000000000000000002200002222220022 2
2 0 516326 441289 12 14 12 12 -1 -1 0000111100000000001000000010100100000000010100000000000000000000000000000000000000000000000000000000000002200002222220022 2
1 0 515394 441289 5 17 1 13 -1 -1 0000111100000000001000000010100100000000010100000000000000000000000000000000000000000000000000000000000020200002222220022 2
2 0 515394 440558 12 16 14 14 -1 -1 0010111100000000001000000010100000000000010100000000000000000000000000000000000000000000000000000000000020200002222220022 2
1 0 514675 440558 5 11 5 13 -1 -1 0010111100000000001000000010100000000000010100000000000000000000000000000000000000000000000000000000000020000002222222022 2
2 0 514675 440221 13 9 15 11 -1 -1 0010111100000000001000000010010000000000010100000000000000000000000000000000000000000000000000000000000020000002222222022 2
1 0 514387 440221 3 9 1 11 -1 -1 0010111100000000001000000010010000000000010100000000000000000000000000000000000000000000000000000000000020000000222222222 2
2 0 514387 440004 14 10 13 9 -1 -1 0110110100000000001000000010010000000000010100000000000000000000000000000000000000000000000000000000000020000000222222222 2
1 0 513961 440004 6 18 5 17 -1 -1 0110110100000000001000000010010000000000010100000000000000000000000000000000000000000000000000000000000020000002222022222 2
2 0 513961 439710 12 12 14 10 -1 -1 0110110100000000001000000010010100000000010000000000000000000000000000000000000000000000000000000000000020000002222022222 2
