1322295286000
kingfish
brogrammers
1 0 599804 600000 14 10 12 12 -1 -1 2222222222000000000000000000000000000000000000000000000000000000000000000000000000000000000000000000000000000001111111111 1
2 0 599804 599997 2 12 4 10 9 15 2222222222000000000000000000000000000000000000000000000000000000000000000000000000000000000000000000000010000001111011111 1
1 0 599802 599997 16 12 12 8 -1 -1 2222022222000002000000000000000000000000000000000000000000000000000000030000000000000000000000000000000010000001111011111 1
2 0 599802 599997 3 9 7 13 6 12 2222022222000002000000000000000000000000000000000000000000000000000000030000000000000000000000000000001010000001111011110 1
1 0 599801 599997 13 13 11 11 -1 -1 2222020222000002000000000000000000000000300000000002000000000000000000030000000000000000000000000000001010000001111011110 1
2 0 599801 599997 1 11 5 11 -1 -1 2222020222000002000000000000000000000000300000000002000000000000000000030000000000000000000100000000001010000001101011110 1
1 0 599800 599997 14 12 10 12 -1 -1 2022020222000002000000000000200000000000300000000002000000000000000000030000000000000000000100000000001010000001101011110 1
2 0 599800 599996 2 14 8 12 -1 -1 2022020222000002000000000000200000000000300000000002000000000000000000030000000010000000000100000000001010000001101001110 1
1 0 595427 599996 11 11 5 13 -1 -1 2022000222000002000000000000200000000000300000000002000000002000000000030000000010000000000100000000001010000001101001110 1
2 0 595427 599994 0 12 6 10 -1 -1 2022000222000002000000000000210000000000300000000002000000002000000000030000000010000000000000000000001010000001101001110 1
1 0 592567 599994 13 9 5 9 -1 -1 0022000222000002000000000000210000000002300000000002000000002000000000030000000010000000000000000000001010000001101001110 1
2 0 592567 599993 7 13 11 13 -1 -1 0022000222000002000000000001210000000002300000000002000000002000000000030000000010000000000000000000001010000000101001110 1
1 0 585076 599993 15 13 14 12 -1 -1 0022000222000002000000000001210000000002300000000000000000002000000000030000000010000000000020000000001010000000101001110 1
2 0 585076 599992 5 11 9 11 -1 -1 0022000222000002000000000001210000000002300000000000000000002000000000030000000010000000000020000000001010000000101011100 1
1 0 576395 599992 15 11 7 11 -1 -1 0022000222000002000000000001010000000002300000000000000000002000000002030000000010000000000020000000001010000000101011100 1
2 0 576395 599991 3 13 7 13 -1 -1 0022000222000002000000000001010000000002300000000010000000002000000002030000000010000000000020000000001010000000101011000 1
1 0 570106 599991 10 12 8 10 -1 -1 0022000202000002000000000001010000000002300000000012000000002000000002030000000010000000000020000000001010000000101011000 1
2 0 570106 599990 2 10 6 14 -1 -1 0022000202000002000000000001010000000002300000000012000000012000000002030000000000000000000020000000001010000000101011000 1
1 0 565227 599990 14 12 12 14 -1 -1 0020000202000002000000000001010000000002320000000012000000012000000002030000000000000000000020000000001010000000101011000 1
2 0 565227 599989 8 12 10 10 -1 -1 0020000202000002000000000001010000000002320000000012000000012000000002030000000000000000000020000000001011000000101001000 1
1 0 560462 599989 12 12 8 16 -1 -1 0020000202000002000000000001010000000002320000000012000000010000000002030000000200000000000020000000001011000000101001000 1
2 0 560462 599988 9 11 11 9 -1 -1 0020000202000002000000000001010000000002320000000012000000010010000002030000000200000000000020000000001001000000101001000 1
1 0 552617 599988 8 16 7 17 -1 -1 0020000202000002000000000001010000000002320000000012000000010010000000030000000200000000002020000000001001000000101001000 1
2 0 552617 599987 7 13 9 11 -1 -1 0020000202000002000000000001010000000002320000000012010000010000000000030000000200000000002020000000001001000000101001000 1
1 0 542761 599987 14 14 6 18 -1 -1 0020000202000002000000000001010000000002320000000010010000010000000002030000000200000000002020000000001001000000101001000 1
2 0 542761 599986 6 10 8 8 -1 -1 0020000202000002000000000001010000000002320100000010010000010000000002030000000200000000002020000000001001000000101000000 1
1 0 534666 599986 8 10 8 12 -1 -1 0020000202000002000000000001010000000000320100000010010000210000000002030000000200000000002020000000001001000000101000000 1
2 0 534666 599986 4 10 6 8 -1 -1 0020000202000002000000000001010000000000320100000010010000201000000002030000000200000000002020000000001001000000101000000 1
1 0 520717 599986 12 14 8 14 -1 -1 0020000202000000000000000001010000000020320100000010010000201000000002030000000200000000002020000000001001000000101000000 1
2 0 520717 599985 11 13 12 14 -1 -1 0020000202000000000000000001010000000020320100000010010000201100000002030000000200000000002020000000001000000000101000000 1
1 0 506105 599985 7 17 5 19 -1 -1 0020000202000000000000000001010000000020320100000010010000201100000002030000000200000000002000000000001002000000101000000 1
2 0 506105 599984 12 14 13 13 -1 -1 0020000202000000000000000001010010000020320100000010000000201100000002030000000200000000002000000000001002000000101000000 1
1 0 490494 599984 13 15 12 14 -1 -1 0020000202000000000000000001010010000020320100000010000000201100000002030000000200000000002000000000001000000000121000000 1
2 0 490494 599983 13 13 14 14 -1 -1 0020000202000000000000000001010010000020320100000010000000201100000002030000000200000000002000000000001001000000120000000 1
1 0 472671 599983 13 11 12 12 -1 -1 0020000202000000000000000001010010000020320100000010000000201100000002030000000200000000002000000000001001000000100002000 1
2 0 472671 599982 14 14 15 13 -1 -1 0020000202000000000000000001010010000020320100000010000000201100000002030000000200000000002000000000001011000000000002000 1
1 0 454846 599982 12 14 8 10 -1 -1 0020000202000000000000000001010010000020320100000010000000201100000002030000000200000000002000000000001011000000000000020 1
2 0 454846 599982 15 13 16 12 -1 -1 0020000202000000000000000001010010000020320100000010000000211100000002030000000200000000002000000000001010000000000000020 1
1 0 440899 599982 8 12 4 8 -1 -1 0020000202000000000000000001010010000020320100000010000000211100000002030000000200000000002000000000001010000000000000002 1
2 0 440899 599981 6 14 10 14 -1 -1 0020000202000010000000000001010010000020320100000010000000210100000002030000000200000000002000000000001010000000000000002 1
1 0 426171 599981 8 14 7 13 -1 -1 0020000202000010000000000001010010000020300100000010000000210100000002030000000202000000002000000000001010000000000000002 1
2 0 426171 599980 11 9 12 10 -1 -1 0020000202000010000000000001010010000020300100000011000000210000000002030000000202000000002000000000001010000000000000002 1
1 0 414353 599980 7 13 3 13 -1 -1 0020000202000010000000000001010010000020300100000011000000210000000002030000000202000000000000000000001210000000000000002 1
2 0 414353 599976 9 11 13 11 -1 -1 0020000212000010000000000001010010000020300100000010000000210000000002030000000202000000000000000000001210000000000000002 1
1 0 403998 599976 7 11 6 10 -1 -1 0020000212000010000000000001010010000020300100000010000000210000000000030000000202000000000000000000001210000000200000002 1
2 0 403998 599975 12 10 14 12 -1 -1 0020000212000010000000000001010010000021300100000000000000210000000000030000000202000000000000000000001210000000200000002 1
1 0 396221 599975 6 10 0 12 -1 -1 0020000212000010000000000001010010000021300100000000000000210000000000030000000202000000000000000000001010000000200020002 1
2 0 396221 599974 13 11 15 13 -1 -1 1020000212000010000000000001010010000020300100000000000000210000000000030000000202000000000000000000001010000000200020002 1
1 0 389248 599974 6 18 5 17 -1 -1 1020000212000010000000000001010010000020300100000000000000210000000000030000000202000000000000000000001010000000000020022 1
2 0 389248 599974 14 12 15 11 -1 -1 1020000212000010000000000001010110000020300000000000000000210000000000030000000202000000000000000000001010000000000020022 1
1 0 381139 599974 5 19 3 9 -1 -1 1020000212000010000000000001010110000020300000000000000000210000000000030000000202000000000000000000001010000000000000222 1
2 0 381139 599973 10 14 11 15 -1 -1 1020001212000010000000000001010100000020300000000000000000210000000000030000000202000000000000000000001010000000000000222 1
1 0 375556 599973 4 8 2 14 -1 -1 1020001212000010000000000001010100000020300000000000000000210000000000030000000200000000000002000000001010000000000000222 1
2 0 375556 599972 11 15 12 16 -1 -1 1020011212000000000000000001010100000020300000000000000000210000000000030000000200000000000002000000001010000000000000222 1
1 0 372268 599972 5 9 4 8 -1 -1 1020011212000000000000000001010100000020300000000000000000210000000000030000000200000000000000000000001010200000000000222 1
2 0 372268 599971 12 16 13 15 -1 -1 1020011212000010000000000000010100000020300000000000000000210000000000030000000200000000000000000000001010200000000000222 1
1 0 368997 599971 4 8 2 10 -1 -1 1020011212000010000000000000010100000020300000000000000000210000000000030000000200000000000000000000001010000000002000222 1
2 0 368997 599971 13 15 14 14 -1 -1 1021011212000000000000000000010100000020300000000000000000210000000000030000000200000000000000000000001010000000002000222 1
1 0 365455 599971 12 12 11 13 -1 -1 1021011212000000000000000000010100000020300000000000000000210000000000030000000200000000000000000000001010000000000002222 1
2 0 365455 599971 10 10 11 11 -1 -1 1021011212000000000000000000010100000020300000000000000000210000000000030000000200000000000010000000001000000000000002222 1
1 0 362533 599971 11 13 10 12 -1 -1 1021011212000000000000000000010100000020300000000000000000210000000000030000000000000000000210000000001000000000000002222 1
2 0 362533 599971 11 11 12 12 -1 -1 1021011212000000000000000000010100000020300000000000000000210000000000030000000010000000000200000000001000000000000002222 1
1 0 359660 599971 10 12 9 11 -1 -1 1021011212000000000000000000010100000020300000000000000000210000000000030000000010000000000000000000001020000000000002222 1
2 0 359660 599971 8 8 10 10 -1 -1 1021011212000000000000000000010100000020300000000000000000210000000001030000000000000000000000000000001020000000000002222 1
1 0 355196 599971 9 11 5 7 -1 -1 1021011212000000000000000000010100000020300000000000000000010000000001030000000200000000000000000000001020000000000002222 1
2 0 355196 599971 12 12 13 11 -1 -1 1021011212000000000000000010010100000020300000000000000000010000000000030000000200000000000000000000001020000000000002222 1
1 0 352412 599971 8 10 7 11 -1 -1 1021011212000000000000000010010100000020300000000000000000010000000000030000000200000000000000000000001000000000200002222 1
2 0 352412 599970 13 11 14 12 -1 -1 1021011212000000000000000010010100000020300000000010000000000000000000030000000200000000000000000000001000000000200002222 1
1 0 349902 599970 7 11 6 10 -1 -1 1021011212000000000000000010010100000020300000000010000000000000000000030000000200000000000000000000001000000000000022222 1
2 0 349902 599970 10 10 11 9 -1 -1 1021011212000000000000000010010100000021300000000000000000000000000000030000000200000000000000000000001000000000000022222 1
1 0 347698 599970 12 8 10 10 -1 -1 1021011212000000000000000010010100000021300000000000000000000000000000030000000000000000002000000000001000000000000022222 1
2 0 347698 599969 11 9 12 10 -1 -1 1021011212000000000000000010010100000021300000000000000000000000000000030000000100000000002000000000000000000000000022222 1
1 0 346345 599969 2 10 2 12 -1 -1 1021011212000000000000000010010100000021300000000000000000000000000000030000000100000000000000000000000200000000000022222 1
2 0 346345 599968 12 10 13 11 -1 -1 1020111212000000000000000010010100000021300000000000000000000000000000030000000100000000000000000000000200000000000022222 1
1 0 344193 599968 5 7 4 8 -1 -1 1020111212000000000000000010010100000021300000000000000000000000000000030000000100000000000000000000000000000000200022222 1
2 0 344193 599967 13 11 14 10 -1 -1 1020111212000010000000000000010100000021300000000000000000000000000000030000000100000000000000000000000000000000200022222 1
1 0 342284 599967 6 10 2 10 -1 -1 1020111212000010000000000000010100000021300000000000000000000000000000030000000100000000000000000000000000000000000222222 1
2 0 342284 599966 6 8 7 7 -1 -1 1021111212000010000000000000010100000020300000000000000000000000000000030000000100000000000000000000000000000000000222222 1
1 0 340416 599966 10 10 9 11 -1 -1 1021111212000010000000000000010100000000300000002000000000000000000000030000000100000000000000000000000000000000000222222 1
2 0 340416 599965 7 7 8 8 -1 -1 1021111212000010000000000000010100000000300000002000000000000000000001030000000000000000000000000000000000000000000222222 1
1 0 338501 599965 9 11 8 12 -1 -1 1021111212000010000000000000010100000000300000000000000000200000000001030000000000000000000000000000000000000000000222222 1
2 0 338501 599964 8 8 9 9 -1 -1 1021111212000010000000000000010100000000300000000000000000201000000000030000000000000000000000000000000000000000000222222 1
1 0 336763 599964 3 9 1 11 -1 -1 1021111212000010000000000000010100000000300000000000000000001000000020030000000000000000000000000000000000000000000222222 1
2 0 336763 599964 9 9 10 8 -1 -1 1121110212000010000000000000010100000000300000000000000000001000000020030000000000000000000000000000000000000000000222222 1
1 0 335172 599964 4 8 3 9 -1 -1 1121110212000010000000000000010100000000300000000000000000001000000000030000002000000000000000000000000000000000000222222 1
