1322290972000
artificialwintelligence
kingfish
1 0 599688 600000 14 12 12 10 -1 -1 2222222222000000000000000000000000000000000000000000000000000000000000000000000000000000000000000000000000000001111111111 2
2 0 599688 599921 2 14 4 12 -1 -1 2222222222000000000000000000000000000000000000000000000000000000000000000000000000000000000000000000000100000001111101111 2
1 0 599412 599921 13 11 11 9 -1 -1 2222202222000000200000000000000000000000000000000000000000000000000000000000000000000000000000000000000100000001111101111 2
2 0 599412 599920 0 12 4 16 -1 -1 2222202222000000200000000000000000000000000000000000000000000000000000000000000000000000001000000000000100000001011101111 2
1 0 599123 599920 12 10 10 8 -1 -1 0222202222000000202000000000000000000000000000000000000000000000000000000000000000000000001000000000000100000001011101111 2
2 0 599123 599919 2 12 4 10 -1 -1 0222202222000000202000000000000000000000000000000000000000000000000000000000001000000000001000000000000000000001011101111 2
1 0 598886 599919 14 10 10 6 -1 -1 0222002222000002202000000000000000000000000000000000000000000000000000000000001000000000001000000000000000000001011101111 2
2 0 598886 599918 3 9 5 11 -1 -1 0222002222000002202000000000000000000000000000000000000000000000000000000000011000000000001000000000000000000001011001111 2
1 0 598341 599918 10 6 9 5 -1 -1 0222000222000002202000000000200000000000000000000000000000000000000000000000011000000000001000000000000000000001011001111 2
2 0 598341 599917 1 11 3 9 -1 -1 0222000222000002202000000000200000000000000000000000000000000000001000000000001000000000001000000000000000000001011001111 2
1 0 597919 599917 16 12 8 4 -1 -1 0022002222000002202000000000200000000000000000000000000000000000001000000000001000000000001000000000000000000001011001111 2
2 0 597919 599772 3 11 5 13 -1 -1 0022002222000002202000000000200000000000000000000000000010000000001000000000001000000000001000000000000000000001011001110 2
1 0 597321 599772 14 14 10 6 -1 -1 0022002022000002202000000000220000000000000000000000000010000000001000000000001000000000001000000000000000000001011001110 2
2 0 597321 599771 3 15 5 9 -1 -1 0022002022000002202000000000220000000000000000000000000010000000001000000000011000000000001000000000000000000001011000110 2
1 0 596288 599771 11 9 7 5 -1 -1 0022002020000002202000000002220000000000000000000000000010000000001000000000011000000000001000000000000000000001011000110 2
2 0 596288 599770 2 10 6 10 -1 -1 0022002020000002202000000002220000000000000000010000000010000000001000000000011000000000000000000000000000000001011000110 2
1 0 595285 599770 15 13 14 14 -1 -1 0020002020000002202000000002220000000002000000010000000010000000001000000000011000000000000000000000000000000001011000110 2
2 0 595285 599769 4 10 6 12 -1 -1 0020002020000002202000000002220000000002000000010000000010000000001000000000011000000000000000000000000000000001011001100 2
1 0 594317 599769 15 11 14 12 -1 -1 0020002020000000202000000002220000000002200000010000000010000000001000000000011000000000000000000000000000000001011001100 2
2 0 594317 599768 5 9 7 11 -1 -1 0020002020000000202000000002220000000002200000010000000010000000001000000000011000000000000000000000000000000001011011000 2
1 0 593224 599768 14 12 12 14 -1 -1 0020002020000000202000000000220000000002200000010020000010000000001000000000011000000000000000000000000000000001011011000 2
2 0 593224 599579 4 12 6 14 -1 -1 0020002020000000202000000000220000000002200000010020000010000000001000000000011000000000000000000000000001000001011001000 2
1 0 592318 599579 10 8 8 6 -1 -1 0020002020000000002000000000220000000002220000010020000010000000001000000000011000000000000000000000000001000001011001000 2
2 0 592318 599575 5 11 7 13 -1 -1 0020002020000000002000000000220000000002220000010020000011000000001000000000010000000000000000000000000001000001011001000 2
1 0 591365 599575 14 14 12 16 -1 -1 0020002020000000002000000000020000000002220000010022000011000000001000000000010000000000000000000000000001000001011001000 2
2 0 591365 599575 6 14 8 12 -1 -1 0020002020000000002000000000020000000002220000010022000011000000001000000000010000000000000000000000000001100001011000000 2
1 0 590512 599575 9 5 7 7 -1 -1 0020002020000000002000000000020000000002200000010022000011002000001000000000010000000000000000000000000001100001011000000 2
2 0 590512 599574 6 12 8 10 -1 -1 0020002020000000002000000000020000000002200000011022000011002000000000000000010000000000000000000000000001100001011000000 2
1 0 588148 599574 8 6 2 12 -1 -1 0020002020000000002000000000020000000002000000011022000011022000000000000000010000000000000000000000000001100001011000000 2
2 0 588148 594599 1 13 5 17 -1 -1 0020102020000000002000000000020000000002000000011022000010022000000000000000010000000000000000000000000001100001011000000 2
1 0 586972 594599 7 5 5 11 -1 -1 0000102020000000002000000000020200000002000000011022000010022000000000000000010000000000000000000000000001100001011000000 2
2 0 586972 589692 7 11 9 9 -1 -1 0000102020000000002000000000120200000002000000001022000010022000000000000000010000000000000000000000000001100001011000000 2
1 0 585457 589692 13 15 11 17 -1 -1 0000102020000000002000000000120200000002000000001002000010022000000020000000010000000000000000000000000001100001011000000 2
2 0 585457 583037 9 9 10 10 -1 -1 0000102020000000002000000000120200000002000000001002000010022000000020000000010000000000000000100000000001100001010000000 2
1 0 583770 583037 13 13 11 15 -1 -1 0000102020000000002000000000120200000002000000001002000010022000000000000000010200000000000000100000000001100001010000000 2
2 0 583770 577457 5 13 11 11 -1 -1 0000102020000000002000000000120200000002000000001002000010022000000000000000010200000000000001100000000001100001000000000 2
1 0 582276 577457 12 16 10 18 -1 -1 0000102020000000002000000000100200000002000000001002000010022000000000000000010200000000000201100000000001100001000000000 2
2 0 582276 570221 7 13 13 15 -1 -1 0000102020000000002000000000100200000002000000001002000010022000000000000000010200010000000201100000000001000001000000000 2
1 0 581657 570221 13 9 12 8 -1 -1 0000102020000000002000000000100200000002000000001000000010022000000000000000010200010000000201100000000001000001002000000 2
2 0 581657 564019 8 12 9 11 -1 -1 0000102020000000002000000000100200000002000000001000000010022000000000000000010200010000000201100000001001000000002000000 2
1 0 580243 564019 12 8 11 7 -1 -1 0000102020000000002000000000100200000002000000001000000010020000000002000000010200010000000201100000001001000000002000000 2
2 0 580243 557751 8 10 12 10 -1 -1 0000102020000000002000000000100200000002000000001000000010020000000002000000010200010000010201100000000001000000002000000 2
1 0 578436 557751 11 17 9 19 -1 -1 0000102020000000002000000000100200000002000000001000000010000000000002000000010200010000010201100000000201000000002000000 2
2 0 578436 553894 4 16 6 18 -1 -1 0000102020000000002000000000100200000002000000001000000010000000000002000100010200010000010201000000000201000000002000000 2
1 0 577210 553894 12 14 8 18 -1 -1 0000102020000000000000000000100200000002000200001000000010000000000002000100010200010000010201000000000201000000002000000 2
2 0 577210 549673 5 17 11 19 -1 -1 0000102020000000000000000000100200000002000200001000000010000001000002000100010200010000010201000000000200000000002000000 2
1 0 575832 549673 11 7 9 5 -1 -1 0000102020000000000000000000100000000002000200001000000010000001000002000100010200010000010201020000000200000000002000000 2
2 0 575832 544104 9 11 13 11 -1 -1 0000102020000000000000000000100000000002000200001000000010000001001002000100010200010000000201020000000200000000002000000 2
1 0 574573 544104 10 18 8 20 -1 -1 0000102020000000000000000000100000000002000200001000000010000001001000000100010200010000000201020000000200000000202000000 2
2 0 574573 540128 10 10 14 10 -1 -1 0000102020000000000000000000100000000002000200001000000010000001101000000100010200000000000201020000000200000000202000000 2
1 0 573841 540128 7 7 6 6 -1 -1 0000102020000000000000000000100000000002000200001000000010000001101000000100010000000000000201020000000200000000202200000 2
2 0 573841 537111 6 18 7 17 -1 -1 0000102020000000000000000000100000000102000200000000000010000001101000000100010000000000000201020000000200000000202200000 2
1 0 573376 537111 2 12 1 13 -1 -1 0000102020000000000000000000100000000102000000000000020010000001101000000100010000000000000201020000000200000000202200000 2
2 0 573376 533882 3 9 4 8 -1 -1 0010002020000000000000000000100000000102000000000000020010000001101000000100010000000000000201020000000200000000202200000 2
1 0 572720 533882 1 13 0 12 -1 -1 0010000020000020000000000000100000000102000000000000020010000001101000000100010000000000000201020000000200000000202200000 2
2 0 572720 530216 6 10 7 11 -1 -1 1000000020000020000000000000100000000102000000000000020010000001101000000100010000000000000201020000000200000000202200000 2
1 0 572207 530216 5 11 4 12 -1 -1 1000000020000020000000000000100000000100000000000020020010000001101000000100010000000000000201020000000200000000202200000 2
2 0 572207 528334 3 13 5 11 -1 -1 1000000020000020100000000000000000000100000000000020020010000001101000000100010000000000000201020000000200000000202200000 2
1 0 571425 528334 8 20 6 18 -1 -1 1000000000000020100000000000200000000100000000000020020010000001101000000100010000000000000201020000000200000000202200000 2
2 0 571425 525100 11 11 13 13 -1 -1 1000000000000020100000000000200000000100000100000020020010000001001000000100010000000000000201020000000200000000202200000 2
1 0 570902 525100 11 15 10 16 -1 -1 1000000000000020100000000000200000000100000100000020020010000001001000000100010000000000000001020000000200000000222200000 2
2 0 570902 522653 4 8 4 10 -1 -1 1000000000000020100000000000200000000100000100000020020010000001001000000100010000100000000000020000000200000000222200000 2
1 0 570136 522653 10 16 9 17 -1 -1 1000000000000002100000000000200000000100000100000020020010000001001000000100010000100000000000020000000200000000222200000 2
2 0 570136 520355 4 10 8 10 -1 -1 1000000000000002100000000000200000000100000100000020020010000001001000001100010000000000000000020000000200000000222200000 2
1 0 569507 520355 9 17 5 17 -1 -1 1000000000000000100000000000200000000100000100000020020010020001001000001100010000000000000000020000000200000000222200000 2
2 0 569507 518505 5 11 6 12 -1 -1 1000000000000000100000000000200100000100000100000020020010020001001000000100010000000000000000020000000200000000222200000 2
1 0 568859 518505 10 6 9 7 -1 -1 1000000000000000100000000000000100000100200100000020020010020001001000000100010000000000000000020000000200000000222200000 2
2 0 568859 515533 8 10 9 11 -1 -1 1000000000000000100000000000000100000100200100000020020010020001001100000100000000000000000000020000000200000000222200000 2
1 0 568180 515533 9 7 5 7 -1 -1 1000000000000000100000000000000100000100200100000020020010000001001102000100000000000000000000020000000200000000222200000 2
2 0 568180 513967 6 12 10 12 -1 -1 1000000000000000100000000010000100000100200100000020020010000001001002000100000000000000000000020000000200000000222200000 2
1 0 567391 513967 9 5 8 6 -1 -1 1000000000000000100000000010000100000100000100000020020010000001001002000100000020000000000000020000000200000000222200000 2
2 0 567391 510005 9 11 8 12 -1 -1 1000000000000000100000000010000100000100000100000020020011000001000002000100000020000000000000020000000200000000222200000 2
1 0 566796 510005 6 6 4 8 -1 -1 1000000000000000100000000010000100000100000100000020020011002001000000000100000020000000000000020000000200000000222200000 2
2 0 566796 508277 7 11 15 11 -1 -1 1000000000000010100000000010000100000000000100000020020011002001000000000100000020000000000000020000000200000000222200000 2
1 0 565794 508277 4 12 3 11 -1 -1 1000000000000010100000000010000100000000000100000000020011002001000000000100000020000000000000020000000200000000222200200 2
2 0 565794 506107 8 12 9 13 -1 -1 1000000100000010000000000010000100000000000100000000020011002001000000000100000020000000000000020000000200000000222200200 2
1 0 565242 506107 6 18 4 16 -1 -1 1000000100000010000000000010000100000000000100000000020011000001000000200100000020000000000000020000000200000000222200200 2
2 0 565242 504756 7 17 8 16 -1 -1 1000000100000010001000000010000100000000000000000000020011000001000000200100000020000000000000020000000200000000222200200 2
1 0 564418 504756 9 19 7 17 -1 -1 1000000100000010001000000010000100000000000000000000000011000021000000200100000020000000000000020000000200000000222200200 2
2 0 564418 502643 9 13 13 9 -1 -1 1000000100000010001000000010000100000000000000000000010011000021000000200000000020000000000000020000000200000000222200200 2
1 0 563935 502643 5 7 3 13 -1 -1 1000000100000010001000000010000100000000000000000000010011000021000000000000000020000000000000020000000200000002222200200 2
2 0 563935 501249 8 16 9 15 -1 -1 1000000110000010001000000000000100000000000000000000010011000021000000000000000020000000000000020000000200000002222200200 2
1 0 562979 501249 8 18 2 12 -1 -1 1000000110000010001000000000000100000000000000000000010011000001000000020000000020000000000000020000000200000002222200200 2
2 0 562979 500288 9 15 10 14 -1 -1 1000100110000010001000000000000100000000000000000000010011000000000000020000000020000000000000020000000200000002222200200 2
1 0 562049 500288 3 11 2 10 -1 -1 1000100110000010001000000000000100000000000000000000010011000000000000000000000022000000000000020000000200000002222200200 2
2 0 562049 499568 10 12 11 13 -1 -1 1001100010000010001000000000000100000000000000000000010011000000000000000000000022000000000000020000000200000002222200200 2
1 0 561268 499568 5 17 1 13 -1 -1 1001100010000010001000000000000100000000000000000000010011000000000000000000000002000000000020020000000200000002222200200 2
2 0 561268 498329 10 14 14 14 -1 -1 1011100010000010001000000000000000000000000000000000010011000000000000000000000002000000000020020000000200000002222200200 2
1 0 560517 498329 8 6 7 5 -1 -1 1011100010000010001000000000000000000000000000000000010011000000000000000000000000000000000020020000000200000002222202200 2
2 0 560517 497628 11 13 12 14 -1 -1 1011100010000010001000000000000000000000000000010000010010000000000000000000000000000000000020020000000200000002222202200 2
1 0 560148 497628 8 4 6 6 -1 -1 1011100010000010001000000000000000000000000000010000010010000000000000000000000000000000000000020000000202000002222202200 2
2 0 560148 497004 12 10 14 12 -1 -1 1011100010000010001000000000000000000100000000010000010000000000000000000000000000000000000000020000000202000002222202200 2
1 0 559839 497004 7 5 1 11 -1 -1 1011100010000010001000000000000000000100000000010000010000000000000000000000000000000000000000020000000002000002222222200 2
2 0 559839 496577 11 19 12 18 -1 -1 1111100010000010001000000000000000000100000000000000010000000000000000000000000000000000000000020000000002000002222222200 2
1 0 559513 496577 7 17 6 18 -1 -1 1111100010000010001000000000000000000100000000000000010000000000000000000000000000000000000000000000000002020002222222200 2
2 0 559513 496261 12 14 12 12 -1 -1 1111100010000010001000000000000000000100000100000000000000000000000000000000000000000000000000000000000002020002222222200 2
1 0 559286 496261 6 18 5 17 -1 -1 1111100010000010001000000000000000000100000100000000000000000000000000000000000000000000000000000000000020020002222222200 2
2 0 559286 495971 12 18 12 16 -1 -1 1111100010000010001000000000000100000100000000000000000000000000000000000000000000000000000000000000000020020002222222200 2
1 0 558975 495971 5 17 3 15 -1 -1 1111100010000010001000000000000100000100000000000000000000000000000000000000000000000000000000000000000020200002222222200 2
2 0 558975 495670 12 16 12 14 -1 -1 1111100011000010001000000000000000000100000000000000000000000000000000000000000000000000000000000000000020200002222222200 2
1 0 558843 495670 6 6 5 7 -1 -1 1111100011000010001000000000000000000100000000000000000000000000000000000000000000000000000000000000000022000002222222200 2
2 0 558843 495376 13 15 15 13 -1 -1 1111100011000010001000000010000000000000000000000000000000000000000000000000000000000000000000000000000022000002222222200 2
1 0 558732 495376 5 7 3 9 -1 -1 1111100011000010001000000010000000000000000000000000000000000000000000000000000000000000000000000000000022000002220222220 2
2 0 558732 495219 12 14 13 15 -1 -1 1111101011000010001000000000000000000000000000000000000000000000000000000000000000000000000000000000000022000002220222220 2
1 0 558671 495219 4 16 2 14 -1 -1 1111101011000010001000000000000000000000000000000000000000000000000000000000000000000000000000000000000020000002222222220 2
2 0 558671 495173 14 14 16 12 -1 -1 1111111011000010000000000000000000000000000000000000000000000000000000000000000000000000000000000000000020000002222222220 2
1 0 558611 495173 4 8 4 10 -1 -1 1111111011000010000000000000000000000000000000000000000000000000000000000000000000000000000000000000000020000002222220222 2
2 0 558611 495136 12 12 14 14 -1 -1 1111111011000001000000000000000000000000000000000000000000000000000000000000000000000000000000000000000020000002222220222 2
