1322294471000
benny
kingfish
1 0 599931 600000 14 10 12 8 -1 -1 2222222222000000000000000000000000000000000000000000000000000000000000000000000000000000000000000000000000000001111111111 2
2 0 599931 599900 2 14 4 12 -1 -1 2222222222000000000000000000000000000000000000000000000000000000000000000000000000000000000000000000001000000001111011111 2
1 0 599920 599900 16 12 12 12 -1 -1 2222202222000000200000000000000000000000000000000000000000000000000000000000000000000000000000000000001000000001111011111 2
2 0 599920 599899 0 12 4 16 -1 -1 2222202222000000200000000000000000000000000000000000000000000000000000000000000000000000000000000000001010000001111011110 2
1 0 599920 599899 14 12 12 6 -1 -1 0222202222000000202000000000000000000000000000000000000000000000000000000000000000000000000000000000001010000001111011110 2
2 0 599920 599898 3 11 5 13 -1 -1 0222202222000000202000000000000000000000000000000000000000000000000000000000000000000000000000000000011010000001111001110 2
1 0 599920 599898 14 14 12 16 -1 -1 0222202022000000202000000000020000000000000000000000000000000000000000000000000000000000000000000000011010000001111001110 2
2 0 599920 599897 2 12 6 12 -1 -1 0222202022000000202000000000020000000000000000000000000000000000000000000000000000000000000000000000011010100001111000110 2
1 0 599920 599897 13 9 11 7 -1 -1 0222002022000000202000000000020000000000200000000000000000000000000000000000000000000000000000000000011010100001111000110 2
2 0 599920 599896 3 13 7 13 -1 -1 0222002022000000202000000000020000000000200000000000000000000000000000000000000000000000010000000000011010100000111000110 2
1 0 599920 599896 13 13 11 11 -1 -1 0222002002000000202000000000020000000000200000000002000000000000000000000000000000000000010000000000011010100000111000110 2
2 0 599920 599707 4 12 8 12 -1 -1 0222002002000000202000000000020000000000200000000002000000000000000000000000000000000000010100000000011010100000101000110 2
1 0 599919 599707 13 15 11 17 4 8 0222002002000000002000000000020000000000200000000002000000002000000000000000000000000000010100000000011010100000101000110 2
2 0 599919 599706 5 13 9 13 -1 -1 0222002002000030002000000000020000000000200000000002000000002000000000000000000000000000010100100000011010100000100000110 2
1 0 599918 599706 12 6 8 14 11 9 0222002002000030002000000000000000000000200000000002000000002000000000200000000000000000010100100000011010100000100000110 2
2 0 599918 593893 3 9 4 10 -1 -1 0222002002000030002000000000000000000000200000000002000000002100000000200000000000000000013100100000001010100000100000110 2
1 0 599917 593893 13 11 11 13 -1 -1 0222000002000032002000000000000000000000200000000002000000002100000000200000000000000000013100100000001010100000100000110 2
2 0 599917 591002 7 13 9 11 -1 -1 0222000002000032002000000000000000000000200000000002000000002100000000200000000000000000013110100000001010100000000000110 2
1 0 599916 591002 12 8 10 6 -1 -1 0222000002000032002000000000000000000000200000000000000000002100000002200000000000000000013110100000001010100000000000110 2
2 0 599916 588049 1 11 9 15 -1 -1 0222000002000032002000000000000000000000200000000000000000002100000002200000010000000000013110100000000010100000000000110 2
1 0 599915 588049 12 12 8 16 -1 -1 0022000002000032002000000000000000000000200000000000000000002100000002220000010000000000013110100000000010100000000000110 2
2 0 599915 584315 4 16 4 14 -1 -1 0022000002000032002000000000000000000000200000000000000000002110000002220000010000000000013110100000000000100000000000110 2
1 0 599914 584315 12 16 10 18 -1 -1 0022000002000032020000000000000000000000200000000000000000002110000002220000010000000000013110100000000000100000000000110 2
2 0 599914 578140 9 13 11 15 -1 -1 0022000002000032020000000000000000000000200000000000000000002110000002220000010000010000013110100000000000000000000000110 2
1 0 599913 578140 11 7 9 5 -1 -1 0022000002000032020000000000000000000000200000000000000000002110000002020000010000010000013112100000000000000000000000110 2
2 0 599913 570781 3 15 11 19 -1 -1 0022000002000032020000000000000000000000200000000000000000002110001002020000010000010000003112100000000000000000000000110 2
1 0 599912 570781 11 17 9 19 -1 -1 0022000000000032020000000000000000000000200000000000000000002110001002020000010000010000003112120000000000000000000000110 2
2 0 599912 562366 8 12 12 12 -1 -1 0022000000000032020000000000000000000000200000000000000000002110001002020100010000010000003112020000000000000000000000110 2
1 0 599911 562366 10 6 8 4 -1 -1 0022000000000032020000000000000000000000200000000000000000000110001002020100010000010000003112020000000020000000000000110 2
2 0 599911 557871 1 13 1 11 -1 -1 0022000000000032020000000000000000000000200000000000000010000110001002020100000000010000003112020000000020000000000000110 2
1 0 599910 557871 10 18 8 20 -1 -1 0202000000000032020000000000000000000000200000000000000010000110001002020100000000010000003112020000000020000000000000110 2
2 0 599910 554396 9 15 9 13 -1 -1 0202000000000032020000000000000000000000200000000000000010000110101002020100000000000000003112020000000020000000000000110 2
1 0 599909 554396 15 11 14 10 -1 -1 0202000000000032020000000000000000000000200000000000000010000110101002200100000000000000003112020000000020000000000000110 2
2 0 599909 550858 1 11 9 15 -1 -1 0202000000000032020000000000000000000000200000000000000010000110101002200100000000000000003112020000000020000000000100010 2
1 0 599908 550858 15 13 14 12 -1 -1 0002000000000032020000000000000000000000200000000000000010000110101002220100000000000000003112020000000020000000000100010 2
2 0 599908 545593 2 10 3 9 -1 -1 0002000000000032020000000000000000000000200000000000000010000110101002220100000000000000003112020000000020000000000110000 2
1 0 599907 545593 14 10 13 9 -1 -1 0000002000000032020000000000000000000000200000000000000010000110101002220100000000000000003112020000000020000000000110000 2
2 0 599907 540405 4 14 5 13 -1 -1 0000002000000032020000000000000000000000200000000000000010000110101002220100000000000000003112020000000020000001000010000 2
1 0 599906 540405 14 12 13 11 -1 -1 0000002000000032000000000000020000000000200000000000000010000110101002220100000000000000003112020000000020000001000010000 2
2 0 599906 533678 5 13 7 11 -1 -1 0000002000000032000000000000020000000000200000000000000010000110101002220100000000000000003112020000000020000001100000000 2
1 0 599905 533678 8 16 6 14 -1 -1 0000002000000032000000000000000000000000200000000020000010000110101002220100000000000000003112020000000020000001100000000 2
2 0 599905 524683 6 12 14 12 -1 -1 0000002000000032000000000000000000000000210000000020000010000100101002220100000000000000003112020000000020000001100000000 2
1 0 599904 524683 8 14 6 12 -1 -1 0000002000000032000000000000000000000000010000000020000010000100101002220100000000000000003112020000000020000001100020000 2
2 0 599904 516488 3 9 7 13 -1 -1 0000002000000032000000000000000000000000110000000020000010000000101002220100000000000000003112020000000020000001100020000 2
1 0 599903 516488 13 9 12 8 -1 -1 0000000000000032000000000000000000000000110000000022000010000000101002220100000000000000003112020000000020000001100020000 2
2 0 599903 508368 7 11 8 12 -1 -1 0000000000000032000000000000000000000000110000000022000010000000101002220100000000000000003112020000001020000000100020000 2
1 0 599902 508368 12 8 10 10 -1 -1 0000000000000032000000000000000000000000110000000002000010002000101002220100000000000000003112020000001020000000100020000 2
2 0 599902 500840 8 12 12 16 -1 -1 0000000000000032000000000000000000000000110000000002000010002000101002220100000100000000003112020000000020000000100020000 2
1 0 599901 500840 11 11 9 9 -1 -1 0000000000000032000000000000000000000000110000000002000010000000101002220100000100000000003112020000000020200000100020000 2
2 0 599901 488580 11 15 15 11 -1 -1 0000000000000032000000000000000000000000110000000002000010000000101012220100000100000000003012020000000020200000100020000 2
1 0 599900 488580 10 10 8 16 -1 -1 0000000000000032000000000000000000000000110000000002000010000000101012220100000100000000003010020000000020200000100020200 2
2 0 599900 480196 7 13 8 12 -1 -1 0000000000000032000000000000000000000000110000000002000010000010101012220100000000000000003010020000000020200000100020200 2
1 0 599899 480196 13 11 12 10 -1 -1 0000000000000032000000000000000000000000110000000000000010002010101012220100000000000000003010020000000020200000100020200 2
2 0 599899 473700 12 12 13 13 -1 -1 0000000000000032000000000000000000000000110000000000000010002010101012220100000000000000003010020000000120200000000020200 2
1 0 599898 473700 12 10 8 18 -1 -1 0000000000000032000000000000000000000000110000000000000010002010101012220100000000000000003010020000000100200000020020200 2
2 0 599898 467891 8 12 16 12 -1 -1 0000000000000032000000000000000000000000110000000000000010002011101012220100000000000000003010020000000000200000020020200 2
1 0 599897 467891 9 19 7 17 -1 -1 0000000000000032000000000000000000000000110000000000000010000011101012220100000000000000003010020000000000200000020020202 2
2 0 599897 463567 9 15 10 16 -1 -1 0000000000000032000000000000000000000000110000000000010010000011101012220000000000000000003010020000000000200000020020202 2
1 0 599896 463567 8 16 6 18 -1 -1 0000000000000032000000000000000000000000110000000000010010000011101012200000000000200000003010020000000000200000020020202 2
2 0 599896 459572 9 11 13 11 -1 -1 0000000000000032000000000000000000000000110100000000010010000001101012200000000000200000003010020000000000200000020020202 2
1 0 599896 459572 8 18 6 16 -1 -1 0000000000000032000000000000000000000000110100000000010010000001101010200000000000200000003010020000000000200000220020202 2
2 0 599896 456954 4 10 5 11 -1 -1 0000000000000032000000000000000000000000111100000000010010000000101010200000000000200000003010020000000000200000220020202 2
1 0 599895 456954 7 17 5 15 -1 -1 0000000000000030000000000000200000000000111100000000010010000000101010200000000000200000003010020000000000200000220020202 2
2 0 599895 452452 5 11 7 13 -1 -1 0000000000000030000000000000201000000000111100000000000010000000101010200000000000200000003010020000000000200000220020202 2
1 0 599895 452452 6 16 4 14 -1 -1 0000000000000030000000000000001000000000111100000002000010000000101010200000000000200000003010020000000000200000220020202 2
2 0 599895 448963 7 13 8 12 -1 -1 0000000000000030010000000000001000000000110100000002000010000000101010200000000000200000003010020000000000200000220020202 2
1 0 599894 448963 6 14 4 12 -1 -1 0000000000000030010000000000001000000000110100000000000010002000101010200000000000200000003010020000000000200000220020202 2
2 0 599894 443996 8 12 14 14 -1 -1 0000000000000030110000000000001000000000100100000000000010002000101010200000000000200000003010020000000000200000220020202 2
1 0 599893 443996 5 15 3 13 -1 -1 0000000000000030110000000000001000000000100100000000000010000000101010200000000000200000003010020000000000200000220022202 2
2 0 599893 440731 9 13 9 15 -1 -1 0000000010000030110000000000000000000000100100000000000010000000101010200000000000200000003010020000000000200000220022202 2
1 0 599892 440731 4 12 2 14 -1 -1 0000000010000030110000000000000000000000100100000000000010000000101010020000000000200000003010020000000000200000220022202 2
2 0 599892 438117 9 15 15 13 -1 -1 0000010010000030010000000000000000000000100100000000000010000000101010020000000000200000003010020000000000200000220022202 2
1 0 599892 438117 4 14 2 12 -1 -1 0000010010000030010000000000000000000000100100000000000010000000101010000000000000200000003010020000000000200000220022222 2
2 0 599892 436351 11 19 11 17 -1 -1 0000110010000030000000000000000000000000100100000000000010000000101010000000000000200000003010020000000000200000220022222 2
1 0 599891 436351 3 13 1 11 -1 -1 0000110010000030000000000000000000000000100100000000000010000000101010000000000000200000003010200000000000200000220022222 2
2 0 599891 435176 10 16 12 14 -1 -1 0100110000000030000000000000000000000000100100000000000010000000101010000000000000200000003010200000000000200000220022222 2
1 0 599891 435176 2 14 0 12 -1 -1 0100110000000030000000000000000000000000100100000000000010000000101010000000000000000000003010200000000002200000220022222 2
2 0 599891 434339 11 17 13 15 -1 -1 1100100000000030000000000000000000000000100100000000000010000000101010000000000000000000003010200000000002200000220022222 2
1 0 599891 434339 11 13 10 14 -1 -1 1100100000000030000000000000000000000000100100000000000010000000101010000000000000000000003010000000000002200000222022222 2
2 0 599891 433866 12 16 14 10 -1 -1 1100100000000030000000000000000000000000100100000000000010000000101010000000000001000000003000000000000002200000222022222 2
1 0 599890 433866 10 14 9 15 -1 -1 1100100000000030000000000000000000000000100100000000000010000000101010000000000001000000003000000000000002000000222222222 2
2 0 599890 433558 13 13 13 9 -1 -1 1100100000000030000000000000000000000000100100000000000010000000101010010000000000000000003000000000000002000000222222222 2
1 0 599889 433558 9 15 8 14 -1 -1 1100100000000030000000000000000000000000100100000000000010000000101010010000000000000000003000000000000002000002202222222 2
2 0 599889 433135 12 14 13 13 -1 -1 1100100000000030000000000000000000000000100100000000000010000100101010000000000000000000003000000000000002000002202222222 2
