1322293653000
artificialwintelligence
kingfish
1 0 599651 600000 14 12 12 10 -1 -1 2222222222000000000000000000000000000000000000000000000000000000000000000000000000000000000000000000000000000001111111111 2
2 0 599651 599907 2 14 4 12 -1 -1 2222222222000000000000000000000000000000000000000000000000000000000000000000000000000000000000000000000100000001111101111 2
1 0 599147 599907 13 11 11 9 -1 -1 2222202222000000200000000000000000000000000000000000000000000000000000000000000000000000000000000000000100000001111101111 2
2 0 599147 599906 0 12 4 16 -1 -1 2222202222000000200000000000000000000000000000000000000000000000000000000000000000000000001000000000000100000001011101111 2
1 0 598568 599906 14 14 12 8 -1 -1 0222202222000000202000000000000000000000000000000000000000000000000000000000000000000000001000000000000100000001011101111 2
2 0 598568 599905 2 12 4 10 -1 -1 0222202222000000202000000000000000000000000000000000000000000000000000000000000000000000001000000000001100000001011100111 2
1 0 597774 599905 12 10 10 8 -1 -1 0222002222000002202000000000000000000000000000000000000000000000000000000000000000000000001000000000001100000001011100111 2
2 0 597774 599904 3 9 5 11 -1 -1 0222002222000002202000000000000000000000000000000000000000000000000000000000001000000000001000000000001000000001011100111 2
1 0 596715 599904 13 9 9 9 -1 -1 0222000222000002202000000000200000000000000000000000000000000000000000000000001000000000001000000000001000000001011100111 2
2 0 596715 599903 1 11 3 9 -1 -1 0222000222000002202000000000200000000000000000000000000000000000000010000000001000000000001000000000001000000000011100111 2
1 0 595332 599903 16 12 12 16 -1 -1 0022002222000002202000000000200000000000000000000000000000000000000010000000001000000000001000000000001000000000011100111 2
2 0 595332 599753 3 11 5 13 -1 -1 0022002222000002202000000000200000000000000000000000000000000000000010000000001000000000001000000000001000100000011100110 2
1 0 592951 599753 12 8 8 8 -1 -1 0022002022000002202000000000220000000000000000000000000000000000000010000000001000000000001000000000001000100000011100110 2
2 0 592951 599752 3 15 5 9 -1 -1 0022002022000002202000000000220000000000000000000000000000100000000010000000001000000000001000000000000000100000011100110 2
1 0 591330 599752 11 9 7 9 -1 -1 0022002020000002202000000002220000000000000000000000000000100000000010000000001000000000001000000000000000100000011100110 2
2 0 591330 595533 4 10 8 10 -1 -1 0022002020000002202000000002220000000000000000000100000000100000000010000000001000000000000000000000000000100000011100110 2
1 0 589994 595533 15 13 14 14 -1 -1 0022002020000000202000000002220000000000000000000100000000120000000010000000001000000000000000000000000000100000011100110 2
2 0 589994 592723 2 10 6 10 -1 -1 0022002020000000202000000002220000000000000000000100000000120000000010000000001000000000000000000000000000100000011101100 2
1 0 588553 592723 15 11 13 9 -1 -1 0020002020000000202000000002220000000002000000000100000000120000000010000000001000000000000000000000000000100000011101100 2
2 0 588553 590497 1 13 2 12 -1 -1 0020002020000000202000000002220000000002000000000100000000120000000010000000001000000000000000000000000000100001011101000 2
1 0 586738 590497 14 10 13 11 -1 -1 0000202020000000202000000002220000000002000000000100000000120000000010000000001000000000000000000000000000100001011101000 2
2 0 586738 586633 4 12 6 14 -1 -1 0000202020000000202000000002220000000002000000000100000000120000000010000000001000000000000000000000000000100001111001000 2
1 0 585044 586633 7 9 6 8 -1 -1 0000202020000000002000000002220000000002020000000100000000120000000010000000001000000000000000000000000000100001111001000 2
2 0 585044 578528 5 11 9 7 -1 -1 0000202020000000002000000002220000000012020000000000000000120000000010000000001000000000000000000000000000100001111001000 2
1 0 582816 578528 9 9 7 11 -1 -1 0000202020000000002000000002020000000012020000000000000000120000000210000000001000000000000000000000000000100001111001000 2
2 0 582816 572270 5 9 11 7 -1 -1 0000202020000000002000000002020000000012020000000010000000120000000200000000001000000000000000000000000000100001111001000 2
1 0 579460 572270 14 14 12 8 -1 -1 0000202020000000002000000000020000000012020000000010000000120000000200000000001000000000020000000000000000100001111001000 2
2 0 579460 566261 6 10 8 12 -1 -1 0000202020000000002000000000020000000012020000000010000000120000000200000000001000000000020000000000001000100001111000000 2
1 0 576732 566261 10 8 9 9 -1 -1 0000202020000000002000000000020000000010020000000010000000122000000200000000001000000000020000000000001000100001111000000 2
2 0 576732 559216 8 10 14 12 -1 -1 0000202020000000002000000000020000000010020000000010000000122000000210000000000000000000020000000000001000100001111000000 2
1 0 573529 559216 9 9 5 9 -1 -1 0000202020000000002000000000020000000010020000000010000000102000000210000000000000000000020000000000001000100001111020000 2
2 0 573529 552924 2 12 12 10 -1 -1 0000202020000000002000000001020000000010020000000010000000102000000200000000000000000000020000000000001000100001111020000 2
1 0 570347 552924 13 15 11 17 -1 -1 0000002020000000002000000001020000000010020000000010000000102000000200000000000000000000020000000000001200100001111020000 2
2 0 570347 539239 4 16 4 14 -1 -1 0000002020000000002000000001020000000010020000000010000000102000000200000000000000000000020000100000001200100001110020000 2
1 0 565254 539239 11 17 10 16 -1 -1 0000002020000000020000000001020000000010020000000010000000102000000200000000000000000000020000100000001200100001110020000 2
2 0 565254 532844 3 13 9 11 -1 -1 0000002020000000020000000001020000000010020000000010000000102000000200000000000000100000020000000000001200100001110020000 2
1 0 562753 532844 13 11 9 15 -1 -1 0000002000000000020000000001020000000010020000000010000000102000000202000000000000100000020000000000001200100001110020000 2
2 0 562753 522718 4 14 10 8 -1 -1 0000002000000000020000000001020000000010020000000010000000102000000202010000000000100000020000000000001200100001010020000 2
1 0 558299 522718 10 16 4 14 -1 -1 0000002000000000000000000001020000000010020000000010000000102000000202010000002000100000020000000000001200100001010020000 2
2 0 558299 509949 9 7 15 13 -1 -1 0000002000000000010000000001020000000010020000000010000000102000000202010000002000000000020000000000001200100001010020000 2
1 0 551815 509949 13 9 11 11 -1 -1 0000002000000000010000000001020000000010020000000010000000102000000002010000002000000000020000000000001200100001010020020 2
2 0 551815 493061 5 13 7 15 -1 -1 0000002000000000010000000001020000000010020000000010000000102000000002010000002000000000020100000000001200100000010020020 2
1 0 544189 493061 13 13 12 12 -1 -1 0000002000000000010000000001000000000010020000000010200000102000000002010000002000000000020100000000001200100000010020020 2
2 0 544189 479059 9 11 13 11 -1 -1 0000002000000000010000000001000000000010020000000010200000102000000002010000002000000000020100000000001210100000000020020 2
1 0 540717 479059 12 12 11 13 -1 -1 0000002000000000010000000001000000000010020000000010200000102000000000010000002000000000020100000000001210100000200020020 2
2 0 540717 471116 6 14 16 12 -1 -1 0000002000000000010000000001000000000010020000000010200000102000000000010000002000000000020110000000001200100000200020020 2
1 0 538214 471116 12 8 6 14 -1 -1 0000002000000000010000000001000000000010000000000010200000102000000000010000002000000000020110000000001200100000200020022 2
2 0 538214 463199 10 8 12 6 -1 -1 0000002000000000010000000001000000000010010000000010200000102000000000010000002000000000020110000000000200100000200020022 2
1 0 536811 463199 11 13 11 15 -1 -1 0000002000000000010000000001000000000010010000000010200000102000000000010000000000000000020110000000020200100000200020022 2
2 0 536811 459177 12 6 12 8 -1 -1 0000002000000000010000000001000000000010010000000010200000102000000000010000000000000000020101000000020200100000200020022 2
1 0 533596 459177 12 16 8 16 -1 -1 0000002000000000010000000001000000000010010000000010200000102000000000010000000000000000020101000000002200100000200020022 2
2 0 533596 453573 7 15 9 17 -1 -1 0000002000000000010000000001000000000010010000000010200000102010000000010000000000000000020101000000002200000000200020022 2
1 0 531146 453573 6 14 6 16 -1 -1 0000002000000000010000000001000000000010010000000010000000102010000000012000000000000000020101000000002200000000200020022 2
2 0 531146 447775 11 7 13 13 -1 -1 0000002000000000010000000001000000000010001000000010000000102010000000012000000000000000020101000000002200000000200020022 2
1 0 528473 447775 11 15 10 16 -1 -1 0000002000000000010000000001000000000010001000000010000000102010000000012000000000000000000101000000002200000000220020022 2
2 0 528473 443597 8 12 9 13 -1 -1 0000002000000000010000000001000000000010001000000010000000102010000000012000000000100000000100000000002200000000220020022 2
1 0 526353 443597 11 11 10 10 -1 -1 0000002000000000010000000001000000000010001000000010000000100010000000212000000000100000000100000000002200000000220020022 2
2 0 526353 438535 12 8 14 14 -1 -1 0000002000000000010000000001000000000010001000000010000000100010000000212000000100100000000000000000002200000000220020022 2
1 0 522803 438535 10 16 8 14 -1 -1 0000002000000000010000000001000000000010001000000010000000100010000000212000000100100000000000000000000200000000220022022 2
2 0 522803 435484 3 9 4 8 -1 -1 0000002000000000010000000001000000000010001000000010000000100110000000212000000100000000000000000000000200000000220022022 2
1 0 520108 435484 9 15 3 9 -1 -1 0000000000000020010000000001000000000010001000000010000000100110000000212000000100000000000000000000000200000000220022022 2
2 0 520108 432627 4 8 10 14 -1 -1 0000001000000020010000000001000000000010001000000010000000100110000000202000000100000000000000000000000200000000220022022 2
1 0 517564 432627 8 16 2 10 -1 -1 0000001000000000010000000001000000000010001000000010000000100110000000202000000102000000000000000000000200000000220022022 2
2 0 517564 429700 9 17 9 15 -1 -1 0001001000000000010000000001000000000010001000000010000000100100000000202000000102000000000000000000000200000000220022022 2
1 0 516127 429700 10 10 9 9 -1 -1 0001001000000000010000000001000000000010001000000010000000100100000000220000000102000000000000000000000200000000220022022 2
2 0 516127 427408 9 15 11 13 -1 -1 0001001000000000010000000001000000000010001000000010000000100100000010220000000002000000000000000000000200000000220022022 2
1 0 514079 427408 5 9 4 10 -1 -1 0001001000000000010000000001000000000010001000000010000000100100000010200000000002000000000020000000000200000000220022022 2
2 0 514079 425758 9 13 13 9 -1 -1 0001001000000001010000000000000000000010001000000010000000100100000010200000000002000000000020000000000200000000220022022 2
1 0 512258 425758 8 14 7 15 -1 -1 0001001000000001010000000000000000000010001000000010000000100100000010000000000002000000000020000000000200000002220022022 2
2 0 512258 424259 10 14 14 10 -1 -1 0001001000000001010000000000000000000010001000000010100000100000000010000000000002000000000020000000000200000002220022022 2
1 0 511400 424259 9 9 3 11 -1 -1 0001001000000001010000000000000000000010001000000010100000100000000010000000000000000000000020000000000200000002220222022 2
2 0 511400 423561 11 13 12 12 -1 -1 0001001100000001010000000000000000000010001000000010100000100000000000000000000000000000000020000000000200000002220222022 2
1 0 511006 423561 8 8 7 9 -1 -1 0001001100000001010000000000000000000010001000000010100000100000000000000000000000000000000000000000000220000002220222022 2
2 0 511006 423109 13 9 15 11 -1 -1 0001001100000001010000000000000000000010001000000110100000000000000000000000000000000000000000000000000220000002220222022 2
1 0 510295 423109 7 9 5 15 -1 -1 0001001100000001010000000000000000000010001000000110100000000000000000000000000000000000000000000000000220000000220222222 2
2 0 510295 422792 12 10 13 9 -1 -1 0001001100000001010000000000001000000010001000000010100000000000000000000000000000000000000000000000000220000000220222222 2
1 0 509748 422792 7 11 6 10 -1 -1 0001001100000001010000000000001000000010001000000010100000000000000000000000000000000000000000000000000020000002220222222 2
2 0 509748 422501 14 14 13 15 -1 -1 0001001100000001010000000000001000000011001000000000100000000000000000000000000000000000000000000000000020000002220222222 2
1 0 509242 422501 7 15 3 15 -1 -1 0001001100000001010000000000001000000011001000000000100000000000000000000000000000000000000000000000000020000002222220222 2
2 0 509242 422135 12 12 14 14 -1 -1 0001001101000001010000000000001000000011001000000000000000000000000000000000000000000000000000000000000020000002222220222 2
