1322288340000
kingfish
benny
1 0 599818 600000 14 10 12 12 -1 -1 2222222222000000000000000000000000000000000000000000000000000000000000000000000000000000000000000000000000000001111111111 1
2 0 599818 599997 2 12 4 10 -1 -1 2222222222000000000000000000000000000000000000000000000000000000000000000000000000000000000000000000000010000001111011111 1
1 0 599816 599997 16 12 12 8 -1 -1 2222022222000002000000000000000000000000000000000000000000000000000000000000000000000000000000000000000010000001111011111 1
2 0 599816 599996 3 9 5 11 7 13 2222022222000002000000000000000000000000000000000000000000000000000000000000000000000000000000000000001010000001111011110 1
1 0 599815 599996 13 13 11 11 -1 -1 2222020222000002000000000000200000000000000000000003000000000000000000000000000000000000000000000000001010000001111011110 1
2 0 599815 599995 4 10 12 14 9 13 2222020222000002000000000000200000000000000000000003000000000000000000000000000000000000000100000000001010000001101011110 1
1 0 594934 599995 14 12 2 12 -1 -1 2222020222000000000000000000200000000000000000000003000000000000000000300000000000000000000100000000001012000001101011110 1
2 0 594934 599994 2 14 6 10 -1 -1 2222120222000000000000000000200000000000000000000003000000000000000000300000000000000000000100000000001012000001101001110 1
1 0 591087 599994 11 11 11 15 -1 -1 2222100222000000000000000000200000000002000000000003000000000000000000300000000000000000000100000000001012000001101001110 1
2 0 591087 599982 0 12 4 12 -1 -1 2222100222000000000000000000200000000002000000000003000000000000000000300000000000000000000001000000001012000001101001110 1
1 0 588876 599982 14 14 6 14 -1 -1 0222100222000000200000000000200000000002000000000003000000000000000000300000000000000000000001000000001012000001101001110 1
2 0 588876 599981 3 11 7 15 -1 -1 0222100222000000200000000000200000000002010000000003000000000000000000300000000000000000000001000000001012000001101000110 1
1 0 585922 599981 12 8 8 12 -1 -1 0222100022000000200000000000200000000002010000000003200000000000000000300000000000000000000001000000001012000001101000110 1
2 0 585922 599980 1 13 7 11 -1 -1 0222100022000000200000000000200000000002010000000003200000001000000000300000000000000000000001000000000012000001101000110 1
1 0 578322 599980 13 9 11 11 -1 -1 0202100022000000200000000000200000000002010000000023200000001000000000300000000000000000000001000000000012000001101000110 1
2 0 578322 599979 12 14 14 12 -1 -1 0202100022000000200000000000200000000002010000000023200000001000000000300000000000000000000101000000000012000000101000110 1
1 0 570262 599979 11 11 10 12 -1 -1 0202100022000000200000000000200000000002010000000023200000001000000000300000000000000000000101000000000010000000101020110 1
2 0 570262 599979 5 11 7 9 -1 -1 0202100022000000200000000000200000000002010000000023200000001000000000300000000010000000000001000000000010000000101020110 1
1 0 560260 599979 15 11 11 11 -1 -1 0202100022000000200000000000000000000002010000000223200000001000000000300000000010000000000001000000000010000000101020110 1
2 0 560260 599978 6 10 8 8 -1 -1 0202100022000000200000000000000000000002010000000223200000001000000000300000000010000000000101000000000010000000101020010 1
1 0 549855 599978 13 11 9 11 -1 -1 0202100022000000200000000000000000000000010000000223200000201000000000300000000010000000000101000000000010000000101020010 1
2 0 549855 599977 7 9 9 7 -1 -1 0202100022000000200000000000000000000000010000000223200000201000000001300000000010000000000101000000000010000000001020010 1
1 0 540227 599977 15 13 11 9 -1 -1 0202100022000000200000000000000000000000010000000023200000201000000201300000000010000000000101000000000010000000001020010 1
2 0 540227 599976 8 8 10 6 -1 -1 0202100022000000200000000000000000000000010000000023200000201000000201300000000010000000001101000000000010000000001020000 1
1 0 532839 599976 10 12 6 12 -1 -1 0202100022000000200000000000000000000000010000000023200000001000000201300000020010000000001101000000000010000000001020000 1
2 0 532839 599975 3 15 5 13 -1 -1 0202100022000000200000000000000000000000110000000023200000001000000201300000020000000000001101000000000010000000001020000 1
1 0 525457 599975 13 15 12 14 -1 -1 0202100020000000200000000000020000000000110000000023200000001000000201300000020000000000001101000000000010000000001020000 1
2 0 525457 599975 3 13 5 11 -1 -1 0202100020000000200000000000020000000000110000000023200000001000000201300000020000000000001101000000000011000000000020000 1
1 0 515667 599975 12 14 8 6 -1 -1 0202100000000000200000000000220000000000110000000023200000001000000201300000020000000000001101000000000011000000000020000 1
2 0 515667 599974 4 12 6 10 -1 -1 0202100000000000200000000000220000000000110000000023200001001000000201300000020000000000001101000000000010000000000020000 1
1 0 507588 599974 6 14 5 15 -1 -1 0202100000000000000000000000220000000002110000000023200001001000000201300000020000000000001101000000000010000000000020000 1
2 0 507588 599973 6 10 8 16 -1 -1 0202100000000000000000000000221000000002100000000023200001001000000201300000020000000000001101000000000010000000000020000 1
1 0 494280 599973 8 6 4 14 -1 -1 0202100000000000000000000000221000000000100000000023200001001020000201300000020000000000001101000000000010000000000020000 1
2 0 494280 599972 7 15 9 17 -1 -1 0202100000000000010000000000221000000000100000000023200000001020000201300000020000000000001101000000000010000000000020000 1
1 0 484257 599972 8 12 4 12 -1 -1 0202100000000000010000000000221000000000100000000023000000001020000201302000020000000000001101000000000010000000000020000 1
2 0 484257 599972 8 16 10 18 -1 -1 0202100000000000110000000000221000000000100000000023000000000020000201302000020000000000001101000000000010000000000020000 1
1 0 470887 599972 12 12 4 16 -1 -1 0202100000000000110000000000221000000000100000000023000000000000000201302000020000020000001101000000000010000000000020000 1
2 0 470887 599971 1 11 3 9 -1 -1 0202100000000000111000000000221000000000100000000023000000000000000201302000020000020000001101000000000000000000000020000 1
1 0 461692 599971 5 15 1 11 -1 -1 0002102000000000111000000000221000000000100000000023000000000000000201302000020000020000001101000000000000000000000020000 1
2 0 461692 599971 2 10 4 8 -1 -1 0102102000000000111000000000220000000000100000000023000000000000000201302000020000020000001101000000000000000000000020000 1
1 0 452334 599971 9 11 8 12 -1 -1 0100102000000020111000000000220000000000100000000023000000000000000201302000020000020000001101000000000000000000000020000 1
2 0 452334 599970 3 9 5 7 -1 -1 0100102000000020111000000000220000000000100000000023000000001000000200302000020000020000001101000000000000000000000020000 1
1 0 443723 599970 4 12 3 11 -1 -1 0100100000000020111000000020220000000000100000000023000000001000000200302000020000020000001101000000000000000000000020000 1
2 0 443723 599970 4 8 6 6 -1 -1 0100100100000020011000000020220000000000100000000023000000001000000200302000020000020000001101000000000000000000000020000 1
1 0 427291 599970 8 12 0 12 -1 -1 0100100100000000011000000020220000000200100000000023000000001000000200302000020000020000001101000000000000000000000020000 1
2 0 427291 599969 5 13 7 7 -1 -1 1100100100000000011000000020220000000200100000000023000000000000000200302000020000020000001101000000000000000000000020000 1
1 0 418283 599969 4 16 2 14 -1 -1 1100100100000000011000000020200000000200100000002023000000000000000200302000020000020000001101000000000000000000000020000 1
2 0 418283 599968 6 6 8 8 -1 -1 1100110100000000010000000020200000000200100000002023000000000000000200302000020000020000001101000000000000000000000020000 1
1 0 411788 599968 11 9 9 11 -1 -1 1100110100000000010000000020200000000000100000002023000000200000000200302000020000020000001101000000000000000000000020000 1
2 0 411788 599967 7 7 11 7 -1 -1 1100110100000000010000000020200000000000100000002023000000200000000201302000020000020000000101000000000000000000000020000 1
1 0 401225 599967 9 11 8 12 -1 -1 1100110100000000010000000020200000000000100000000023000000200000000201302000020000020000020101000000000000000000000020000 1
2 0 401225 599966 10 6 12 8 -1 -1 1100110100000000010000000020200000000000100000000023000000201000000200302000020000020000020101000000000000000000000020000 1
1 0 396412 599966 8 12 2 10 -1 -1 1100110100000000010000000020200000000000100000000023000000201000000200302000000000020000020101000000002000000000000020000 1
2 0 396412 599965 11 7 13 9 -1 -1 1101110100000000010000000020200000000000100000000023000000200000000200302000000000020000020101000000002000000000000020000 1
1 0 392908 599965 4 14 3 13 -1 -1 1101110100000000010000000020200000000000100000000023000000200000000200302000000000020000000101000000002000000002000020000 1
2 0 392908 599964 12 8 14 14 -1 -1 1101110110000000000000000020200000000000100000000023000000200000000200302000000000020000000101000000002000000002000020000 1
1 0 388059 599964 11 15 10 14 -1 -1 1101110110000000000000000020200000000000100000000023000000200000000200302000000000020000000101000000000000000002000022000 1
2 0 388059 599963 8 8 10 6 -1 -1 1101110110000000000000000020200000000000100000000023000000200000000200302000000001020000000100000000000000000002000022000 1
1 0 384869 599963 10 14 4 12 -1 -1 1101110110000000000000000020200000000000100000000023000000000000000200302000020001020000000100000000000000000002000022000 1
2 0 384869 599962 14 14 15 13 -1 -1 1101110110000000100000000020200000000000100000000023000000000000000200302000020000020000000100000000000000000002000022000 1
1 0 381291 599962 6 12 4 10 -1 -1 1101110110000000100000000020200000000000100000000023000000000000000200302000020000020000000100000000000000000002000020020 1
2 0 381291 599961 15 13 16 12 -1 -1 1101110110000001100000000020200000000000000000000023000000000000000200302000020000020000000100000000000000000002000020020 1
1 0 379691 599961 11 11 10 12 -1 -1 1101110110000001100000000020200000000000000000000023000000000000000200302000020000020000000100000000000000000002000020002 1
2 0 379691 599960 14 12 15 13 -1 -1 1101110110000001100000000020200000000000000000000023000000000000000200302000020010020000000000000000000000000002000020002 1
1 0 377602 599960 10 12 6 12 -1 -1 1101110110000001100000000020200000000000000000000023000000000000000200302000020010020000000000000000000000000002000000022 1
2 0 377602 599959 13 9 14 10 -1 -1 1101110110000001100000000020200000000000100000000023000000000000000200302000020000020000000000000000000000000002000000022 1
1 0 375592 599959 1 11 1 13 -1 -1 1101110110000001100000000020200000000000100000000023000000000000000200302000020000020000000000000000000000000000000200022 1
2 0 375592 599958 14 10 15 11 -1 -1 1011110110000001100000000020200000000000100000000023000000000000000200302000020000020000000000000000000000000000000200022 1
1 0 373547 599958 2 10 1 11 -1 -1 1011110110000001100000000020200000000000100000000023000000000000000200302000020000020000000000000000000000000000000000222 1
2 0 373547 599958 10 18 11 17 -1 -1 1110110110000001100000000020200000000000100000000023000000000000000200302000020000020000000000000000000000000000000000222 1
1 0 371691 599958 4 12 2 10 -1 -1 1110110110000001100000000020200000000000100000000023000000000000000200302000020000000000000000200000000000000000000000222 1
2 0 371691 599957 11 17 12 16 -1 -1 1111110110000001000000000020200000000000100000000023000000000000000200302000020000000000000000200000000000000000000000222 1
1 0 370236 599957 4 10 3 9 -1 -1 1111110110000001000000000020200000000000100000000023000000000000000200302000020000000000000000000000000000200000000000222 1
2 0 370236 599956 12 16 13 15 -1 -1 1111111110000000000000000020200000000000100000000023000000000000000200302000020000000000000000000000000000200000000000222 1
1 0 369060 599956 6 12 4 10 -1 -1 1111111110000000000000000020200000000000100000000023000000000000000200302000020000000000000000000000000000000000002000222 1
2 0 369060 599955 13 15 14 14 -1 -1 1111111110000001000000000020200000000000000000000023000000000000000200302000020000000000000000000000000000000000002000222 1
1 0 368524 599955 3 11 3 15 -1 -1 1111111110000001000000000020200000000000000000000023000000000000000200302000020000000000000000000000000000000000000002222 1
2 0 368524 599954 10 6 11 7 -1 -1 1111111011000001000000000020200000000000000000000023000000000000000200302000020000000000000000000000000000000000000002222 1
1 0 367760 599954 4 10 3 11 -1 -1 1111111011000001000000000020200000000000000000000023000000000000000200302000000000000000020000000000000000000000000002222 1
