1322291134000
kingfish
googolhex
1 0 599818 600000 14 10 12 12 -1 -1 2222222222000000000000000000000000000000000000000000000000000000000000000000000000000000000000000000000000000001111111111 1
2 0 599818 599669 3 13 4 14 -1 -1 2222222222000000000000000000000000000000000000000000000000000000000000000000000000000000000000000000000010000001111011111 1
1 0 599816 599669 16 12 12 8 -1 -1 2222222202000000020000000000000000000000000000000000000000000000000000000000000000000000000000000000000010000001111011111 1
2 0 599816 599012 3 9 5 15 -1 -1 2222222202000000020000000000000000000000000000000000000000000000000000000000000000000000000000000000001010000001111011110 1
1 0 599808 599012 13 13 11 11 -1 -1 2222220202000000020000000000002000000000000000000000000000000000000000000000000000000000000000000000001010000001111011110 1
2 0 599808 597977 5 15 6 16 -1 -1 2222220202000000020000000000002000000000000000000000000000000000000000000000000000000000000100000000001010000001101011110 1
1 0 599807 597977 14 12 10 12 -1 -1 2222220202000000020000000000000000000000002000000000000000000000000000000000000000000000000100000000001010000001101011110 1
2 0 599807 597210 2 10 4 12 -1 -1 2222220202000000020000000000000000000000002000000000000000000000000000000000000010000000000100000000001010000001101001110 1
1 0 599806 597210 13 11 9 11 -1 -1 2220220202000000220000000000000000000000002000000000000000000000000000000000000010000000000100000000001010000001101001110 1
2 0 599806 595750 1 11 5 15 -1 -1 2220220202000000220000000000000000000000002000000000000000000000000001000000000010000000000100000000001010000001001001110 1
1 0 599616 595750 12 12 8 12 -1 -1 2020220202000000220000000000002000000000002000000000000000000000000001000000000010000000000100000000001010000001001001110 1
2 0 599616 593324 3 11 7 15 -1 -1 2020220202000000220000000000002000000000002000000000000000001000000001000000000010000000000100000000001000000001001001110 1
1 0 599615 593324 11 11 7 11 -1 -1 2020220002000000220000000000002000000000002000000000200000001000000001000000000010000000000100000000001000000001001001110 1
2 0 599615 589187 4 12 8 16 -1 -1 2020220002000000220000000000002000000000002000000010200000001000000001000000000010000000000000000000001000000001001001110 1
1 0 599614 589187 10 12 6 12 -1 -1 2020220002000000020000000000002000000000002000000010200000001020000001000000000010000000000000000000001000000001001001110 1
2 0 599614 585557 8 16 9 15 -1 -1 2020220002000000020000000000002000000000102000000010200000001020000001000000000000000000000000000000001000000001001001110 1
1 0 595735 585557 8 12 4 16 -1 -1 2020220002000000020000000000002000000000102000000010200000001000000001020000000000000000000000000000001000000001001001110 1
2 0 595735 583713 9 15 10 16 -1 -1 2020220002000000021000000000002000000000102000000010200000000000000001020000000000000000000000000000001000000001001001110 1
1 0 591958 583713 12 8 11 9 -1 -1 2020220002000000021000000000002000000000102000000010200000000000000001000000000000200000000000000000001000000001001001110 1
2 0 591958 582209 7 15 8 16 -1 -1 2020220002000000021000000000002000000000102000000010200000000000000001000000000000200000001000000000000000000001001001110 1
1 0 589270 582209 14 14 6 10 -1 -1 2020220002000000021000000000002000000000102000000010000000000020000001000000000000200000001000000000000000000001001001110 1
2 0 589270 580912 5 15 9 15 -1 -1 2020220002000000021000000000002000000001102000000010000000000020000001000000000000200000001000000000000000000001001000110 1
1 0 587043 580912 15 11 14 10 -1 -1 2020220002000000021000000000000000000001102000000010000000000020000001020000000000200000001000000000000000000001001000110 1
2 0 587043 578867 4 14 5 15 -1 -1 2020220002000000021000000000000000000001102000000010000000000020000001020000000000200000001000000000000000000001001100010 1
1 0 584834 578867 7 11 5 17 -1 -1 2020220002000000001000000000002000000001102000000010000000000020000001020000000000200000001000000000000000000001001100010 1
2 0 584834 577791 5 15 6 14 -1 -1 2020220002000000001000000000002100000001102000000000000000000020000001020000000000200000001000000000000000000001001100010 1
1 0 582349 577791 14 10 8 12 -1 -1 2020220002000000001000000000000100000001122000000000000000000020000001020000000000200000001000000000000000000001001100010 1
2 0 582349 575897 3 15 4 14 -1 -1 2020220002000000001000000000000100000001122000000000000000001020000001020000000000200000001000000000000000000001001000010 1
1 0 579321 575897 5 17 3 15 -1 -1 2020220000000000021000000000000100000001122000000000000000001020000001020000000000200000001000000000000000000001001000010 1
2 0 579321 566835 6 14 7 15 -1 -1 2020220001000000021000000000000000000001122000000000000000001020000001020000000000200000001000000000000000000001001000010 1
1 0 574880 566835 9 11 1 11 -1 -1 2020220001000000021000000000000000000001102000000000200000001020000001020000000000200000001000000000000000000001001000010 1
2 0 574880 559316 7 15 11 15 -1 -1 2120220001000000021000000000000000000001102000000000200000001020000000020000000000200000001000000000000000000001001000010 1
1 0 572476 559316 6 10 5 11 -1 -1 2120220001000000021000000000000000000001102000000000000000001020000000020000000000200000001002000000000000000001001000010 1
2 0 572476 550956 8 16 16 12 -1 -1 2120220001000000021000000000100000000000102000000000000000001020000000020000000000200000001002000000000000000001001000010 1
1 0 569893 550956 6 12 4 10 -1 -1 2120220001000000021000000000100000000000102000000000000000001000000000020000000000200000001002000000000000000001001000012 1
2 0 569893 544405 2 12 3 13 -1 -1 2120220001000001021000000000100000000000002000000000000000001000000000020000000000200000001002000000000000000001001000012 1
1 0 567834 544405 15 13 14 14 -1 -1 2120020021000001021000000000100000000000002000000000000000001000000000020000000000200000001002000000000000000001001000012 1
2 0 567834 538294 11 15 12 16 -1 -1 2120020021000001021000000000100000000000002000000000000000001000000000020000000000200000001002000000000000000001001001002 1
1 0 565917 538294 4 16 4 12 -1 -1 2120020021000001021000000000100000000000002000000000000000001000000000020000000000200000001000000000000000200001001001002 1
2 0 565917 534727 2 14 4 16 -1 -1 2120020021000001120000000000100000000000002000000000000000001000000000020000000000200000001000000000000000200001001001002 1
1 0 563996 534727 13 15 11 17 -1 -1 2120000021000001122000000000100000000000002000000000000000001000000000020000000000200000001000000000000000200001001001002 1
2 0 563996 529388 3 13 5 15 -1 -1 2120000021000001122000000000100000000000002000000000000000001000000000020000000000200000001000100000000000200001000001002 1
1 0 561391 529388 5 11 3 13 -1 -1 2120000001000001122000000000102000000000002000000000000000001000000000020000000000200000001000100000000000200001000001002 1
2 0 561391 528292 12 16 13 15 -1 -1 2120000011000001122000000000002000000000002000000000000000001000000000020000000000200000001000100000000000200001000001002 1
1 0 557792 528292 11 17 11 15 -1 -1 2120000011000001122000000000002000000000002000000000000000001000000000020000000000200000001000100000000000000001002001002 1
2 0 557792 527263 6 16 7 15 -1 -1 2120000011000001122000000000002000000000002000000000000000001000000000020000000000200000001001000000000000000001002001002 1
1 0 554470 527263 14 14 6 14 -1 -1 2120000011000001122000000000002000000000000000000000200000001000000000020000000000200000001001000000000000000001002001002 1
2 0 554470 524489 7 15 8 16 -1 -1 2120000011000001122000000000002000000000010000000000200000001000000000020000000000200000001001000000000000000001002000002 1
1 0 549930 524489 11 15 3 11 -1 -1 2120000011000001122000000000002000000000010000000000000000001020000000020000000000200000001001000000000000000001002000002 1
2 0 549930 523276 4 14 5 13 -1 -1 2120000111000001122000000000002000000000010000000000000000001020000000020000000000200000001000000000000000000001002000002 1
1 0 548230 523276 4 10 2 12 -1 -1 2120000111000001102000000000022000000000010000000000000000001020000000020000000000200000001000000000000000000001002000002 1
2 0 548230 521392 5 13 11 15 -1 -1 2120100111000000102000000000022000000000010000000000000000001020000000020000000000200000001000000000000000000001002000002 1
1 0 546621 521392 4 12 2 14 -1 -1 2120100111000000102000000000002000000000010000000000000000001020000000020000000000200000001002000000000000000001002000002 1
2 0 546621 519654 11 15 12 16 -1 -1 2120110111000000002000000000002000000000010000000000000000001020000000020000000000200000001002000000000000000001002000002 1
1 0 544991 519654 13 9 12 8 -1 -1 2120110111000000002000000000002000000000010000000000000000001020000000020000000000200000001000000000000000200001002000002 1
2 0 544991 519653 5 15 9 11 4 12 2120110111000000002000000000002000000000010000000000000000001020000000020000000000200000001000000000001000200000002000002 1
1 0 543377 519653 8 12 7 13 -1 -1 2120110111000000302000000000000000000000010000000000000000001020000002020000000000200000001000000000001000200000002000002 1
2 0 543377 519652 12 16 14 14 10 14 2120110111000000302000000000000000000000010000000001000000000020000002020000000000200000001000000000001000200000002000002 1
1 0 541376 519652 12 8 8 12 -1 -1 2120110111000000302000000000000000000000010000000001000000000020000002020000000003200000001000000000001000000000002002002 1
2 0 541376 519651 13 15 15 13 -1 -1 2120110111000000302000000000000000000000010000000001000000001020000002020000000003200000001000000000000000000000002002002 1
1 0 539972 519651 7 13 5 15 -1 -1 2120110111000000302000000000000000000000010000000001000000001020000002020000000003200000001000000000000000000000000002022 1
2 0 539972 519650 9 15 11 13 -1 -1 2120110111000000302000000000001000000000010000000000000000001020000002020000000003200000001000000000000000000000000002022 1
1 0 538029 519650 11 9 10 8 -1 -1 2120110111000000302000000000001000000000010000000000000000001020000002000000000003200000001020000000000000000000000002022 1
2 0 538029 519650 10 16 12 14 -1 -1 2120110111000000302000000000001000000000010000000000000000001020000002000000001003200000000020000000000000000000000002022 1
1 0 536620 519650 6 14 5 13 -1 -1 2120110111000000302000000000001000000000010000000000000000001020000002000000001003000000000020000000000002000000000002022 1
2 0 536620 519650 11 13 13 15 -1 -1 2120110111000000302000000000011000000000000000000000000000001020000002000000001003000000000020000000000002000000000002022 1
1 0 535416 519650 10 8 9 9 -1 -1 2120110111000000302000000000011000000000000000000000000000001020000002000000001003000000000000000000000002000000002002022 1
2 0 535416 519650 4 16 6 14 -1 -1 2120110111000000302000000000011000000000000000000000000000001020000012000000000003000000000000000000000002000000002002022 1
1 0 532963 519650 9 9 7 11 -1 -1 2120110111000000300000000000011000000000020000000000000000001020000012000000000003000000000000000000000002000000002002022 1
2 0 532963 519650 0 12 2 10 -1 -1 2120110111000000300000000000011000000000020000000010000000001020000002000000000003000000000000000000000002000000002002022 1
1 0 530516 519650 7 11 6 12 -1 -1 0122110111000000300000000000011000000000020000000010000000001020000002000000000003000000000000000000000002000000002002022 1
2 0 530516 519649 12 14 13 13 -1 -1 0122110111000000300000000000011000000000120000000000000000001020000002000000000003000000000000000000000002000000002002022 1
1 0 529143 519649 3 13 3 9 -1 -1 0122110111000000300000000000011000000000120000000000000000001020000002000000000003000000000000000000000000000000022002022 1
2 0 529143 519648 2 10 4 8 -1 -1 0122111101000000300000000000011000000000120000000000000000001020000002000000000003000000000000000000000000000000022002022 1
1 0 526832 519648 5 15 3 13 -1 -1 0120111101000020300000000000011000000000120000000000000000001020000002000000000003000000000000000000000000000000022002022 1
2 0 526832 519647 13 13 14 12 -1 -1 0120111111000020300000000000010000000000120000000000000000001020000002000000000003000000000000000000000000000000022002022 1
1 0 525465 519647 6 12 4 14 -1 -1 0120111111000020300000000000010000000000120000000000000000001020000002000000000003000000000000000000000000000000002022022 1
2 0 525465 519646 14 12 15 11 -1 -1 0120111111000020310000000000010000000000020000000000000000001020000002000000000003000000000000000000000000000000002022022 1
1 0 524687 519646 3 11 2 10 -1 -1 0120111111000020310000000000010000000000020000000000000000001020000002000000000003000000000000000000000000000000002002222 1
2 0 524687 519645 1 13 3 11 -1 -1 0121111011000020310000000000010000000000020000000000000000001020000002000000000003000000000000000000000000000000002002222 1
1 0 523812 519645 3 15 1 13 -1 -1 0101111211000020310000000000010000000000020000000000000000001020000002000000000003000000000000000000000000000000002002222 1
2 0 523812 519645 9 11 10 10 -1 -1 0111111210000020310000000000010000000000020000000000000000001020000002000000000003000000000000000000000000000000002002222 1
1 0 523019 519645 8 12 7 11 -1 -1 0111111210000020310000000000010000000000020000000000000000001020000000000000000203000000000000000000000000000000002002222 1
2 0 523019 519645 10 10 11 9 -1 -1 0111111210000020310000000000010000000000020000000010000000000020000000000000000203000000000000000000000000000000002002222 1
1 0 522147 519645 4 14 3 15 -1 -1 0111111210000020310000000000010000000000020000000010000000000020000000000000000003000000002000000000000000000000002002222 1
2 0 522147 519645 11 9 12 8 -1 -1 0111111211000020300000000000010000000000020000000010000000000020000000000000000003000000002000000000000000000000002002222 1
1 0 521612 519645 7 11 6 12 -1 -1 0111111211000020300000000000010000000000020000000010000000000020000000000000000003000000000000000000002000000000002002222 1
2 0 521612 519645 12 8 13 9 -1 -1 0111111211000020300000000000010000000000120000000000000000000020000000000000000003000000000000000000002000000000002002222 1
1 0 521148 519645 2 10 0 12 -1 -1 0111111211000020300000000000010000000000120000000000000000000020000000000000000003000000000000000000000000000002002002222 1
2 0 521148 519644 13 9 14 10 -1 -1 1110111211000020300000000000010000000000120000000000000000000020000000000000000003000000000000000000000000000002002002222 1
1 0 520660 519644 2 12 2 10 -1 -1 1110111211000020300000000000010000000000120000000000000000000020000000000000000003000000000000000000000000000000002202222 1
2 0 520660 519643 8 16 9 17 -1 -1 1111011211000020300000000000010000000000120000000000000000000020000000000000000003000000000000000000000000000000002202222 1
1 0 520227 519643 6 12 2 12 -1 -1 1111011211000020300000000000010000000000120000000000000000000000000000002000000003000000000000000000000000000000002202222 1
