1322288103000
kingfish
benny
1 0 599815 600000 14 10 12 12 -1 -1 2222222222000000000000000000000000000000000000000000000000000000000000000000000000000000000000000000000000000001111111111 1
2 0 599815 599997 2 10 4 8 7 9 2222222222000000000000000000000000000000000000000000000000000000000000000000000000000000000000000000000010000001111011111 1
1 0 599815 599997 16 12 12 8 -1 -1 2220222222000020000000000000000000000000000000000300000000000000000000000000000000000000000000000000000010000001111011111 1
2 0 599815 599997 0 12 4 12 -1 -1 2220222222000020000000000000000000000000000000000300000000000000000000000000000000000000000000000000001010000001111011110 1
1 0 599814 599997 13 13 11 11 -1 -1 0220222222000020200000000000000000000000000000000300000000000000000000000000000000000000000000000000001010000001111011110 1
2 0 599814 599997 3 13 5 11 -1 -1 0220222222000020200000000000000000000000000000000300000000000000000000000000000000000000000100000000001010000001101011110 1
1 0 599813 599997 14 12 10 12 -1 -1 0220222202000020200000000000200000000000000000000300000000000000000000000000000000000000000100000000001010000001101011110 1
2 0 599813 599996 4 12 8 8 9 15 0220222202000020200000000000200000000000000000000300000000000000000000000000000010000000000100000000001010000001101001110 1
1 0 599812 599996 13 11 9 11 -1 -1 0220222202000020000000000000200000000000000000000300000000200000000000030000000010000000000100000000001010000001101001110 1
2 0 599812 599995 2 12 6 12 -1 -1 0220222202000020000000000000200000000000000000000300000000200000000001030000000010000000000100000000001010000001001001110 1
1 0 599608 599995 11 11 5 13 -1 -1 0220022202000020000000000000200000000000200000000300000000200000000001030000000010000000000100000000001010000001001001110 1
2 0 599608 599994 2 14 6 14 -1 -1 0220022202000020000000000000210000000000200000000300000000200000000001030000000010000000000000000000001010000001001001110 1
1 0 590116 599994 12 8 11 9 -1 -1 0220002202000020000000000000210000000000220000000300000000200000000001030000000010000000000000000000001010000001001001110 1
2 0 590116 599993 5 11 7 13 -1 -1 0220002202000020000000000000210000000000220000000300000000200000000001030000000010000000001000000000000010000001001001110 1
1 0 582847 599993 14 14 8 12 -1 -1 0220002202000020000000000000010000000000220000000302000000200000000001030000000010000000001000000000000010000001001001110 1
2 0 582847 599992 6 12 10 16 -1 -1 0220002202000020000000000000010000000000220000000302000000201000000001030000000010000000001000000000000010000001001000110 1
1 0 567251 599992 15 13 14 12 -1 -1 0220002202000020000000000000010000000000020000000302000000201000000001030000000010200000001000000000000010000001001000110 1
2 0 567251 599991 3 9 5 7 -1 -1 0220002202000020000000000000010000000000020000000302000000201000000001030000000010200000001000000000000010000001001010100 1
1 0 555971 599991 15 11 7 11 -1 -1 0220000202000020000000000020010000000000020000000302000000201000000001030000000010200000001000000000000010000001001010100 1
2 0 555971 599990 4 8 6 6 -1 -1 0220000202000020000000000020010000000000020000000312000000201000000001030000000010200000001000000000000010000001001010000 1
1 0 539998 599990 14 12 13 11 -1 -1 0220000202000000000000000020010000000200020000000312000000201000000001030000000010200000001000000000000010000001001010000 1
2 0 539998 599989 5 7 7 5 -1 -1 0220000202000000000000000020010000000200020000000312000000201000000001030000000010200000001000000000000010000001101000000 1
1 0 531740 599989 13 9 5 5 -1 -1 0220000202000000000000000000010000000200020000020312000000201000000001030000000010200000001000000000000010000001101000000 1
2 0 531740 599987 6 6 8 4 -1 -1 0220000202000000000000000100010000000200020000020312000000201000000001030000000010200000001000000000000010000000101000000 1
1 0 521201 599987 10 12 4 6 -1 -1 0220000202000000000000000100010000000000020000020312000020201000000001030000000010200000001000000000000010000000101000000 1
2 0 521201 599986 10 16 11 17 -1 -1 0220000202000100000000000100010000000000020000020312000020201000000001030000000000200000001000000000000010000000101000000 1
1 0 512116 599986 13 15 12 14 -1 -1 0220000202000100000000000100010000000000020000020312000020201000000001030000000000000000001000200000000010000000101000000 1
2 0 512116 599985 11 17 12 16 -1 -1 0220000202000100000000000100010000000000020000020312000020201000000001030000000000000000001000200000000011000000100000000 1
1 0 498971 599985 12 12 11 13 -1 -1 0220000202000100000000000100010000000000020000020312000020201000000001030000000000000000001000000000000011200000100000000 1
2 0 498971 599984 12 16 14 10 -1 -1 0220000202000100000000000100010000000000020000020312000020201000000001030000000000000000001010000000000001200000100000000 1
1 0 483209 599984 12 14 6 8 -1 -1 0220000202000100000000000100010000000000020000020312000020201000000001030000000000000000001010000000000001000000100200000 1
2 0 483209 599983 14 10 15 11 -1 -1 0220000202000100000000000100010000000010020000020312000020201000000001030000000000000000001010000000000000000000100200000 1
1 0 471626 599983 11 13 10 12 -1 -1 0220000202000100000000000100010000000010020000020312000020201000000001030000000000000000001010000000000000000000100000200 1
2 0 471626 599982 15 11 16 12 -1 -1 0220000202000100000000000100010000000010020000020312000020201000000001030000000010000000001000000000000000000000100000200 1
1 0 458526 599982 10 12 4 14 -1 -1 0220000202000100000000000100010000000010020000020312000020201000000001030000000010000000001000000000000000000000100000002 1
2 0 458526 599982 8 8 9 9 -1 -1 0220000202000100010000000100010000000010020000020312000020201000000001030000000000000000001000000000000000000000100000002 1
1 0 451082 599982 13 11 12 10 -1 -1 0220000202000100010000000100010000000010020000020312000020001000000021030000000000000000001000000000000000000000100000002 1
2 0 451082 599981 8 4 12 12 -1 -1 0220000202000100010000000100010000000010020000020312000020001000000021030000000000000000001000000000000100000000000000002 1
1 0 437310 599981 12 10 6 16 -1 -1 0220000202000100010000000100010000000010020000020312000000001000000021030000000000000000001000000000000120000000000000002 1
2 0 437310 599980 12 12 13 11 -1 -1 0220000202000100010000000100010000000010021000020312000000001000000021030000000000000000001000000000000020000000000000002 1
1 0 426627 599980 4 14 3 13 -1 -1 0220000202000100010000000100010000000010021000020312000000001000000021030000000000000000001000000000000000000000200000002 1
2 0 426627 599979 13 11 14 10 -1 -1 0220000212000100000000000100010000000010021000020312000000001000000021030000000000000000001000000000000000000000200000002 1
1 0 417157 599979 6 16 2 12 -1 -1 0220000212000100000000000100010000000010021000020312000000001000000021030000000000000000001000000000000000000000000200002 1
2 0 417157 599978 14 10 15 11 -1 -1 0220100212000100000000000100010000000010020000020312000000001000000021030000000000000000001000000000000000000000000200002 1
1 0 407461 599978 9 11 8 10 -1 -1 0220100212000100000000000100010000000010020000020312000000001000000021030000000000000000001000000000000000000000000000202 1
2 0 407461 599978 7 13 9 7 -1 -1 0220100212000100000000000100010000000010020000020312000000011000000020030000000000000000001000000000000000000000000000202 1
1 0 401373 599978 8 10 4 14 -1 -1 0220100212000100000000000100010000000010020000020310000000011000000220030000000000000000001000000000000000000000000000202 1
2 0 401373 599978 9 7 10 6 -1 -1 0220100212000100010000000100010000000010020000020310000000001000000220030000000000000000001000000000000000000000000000202 1
1 0 394900 599978 8 12 4 8 -1 -1 0220100212000100010000000100010000000010020000020310000000001000000020030000020000000000001000000000000000000000000000202 1
2 0 394900 599977 10 6 11 7 -1 -1 0220100212000110010000000100010000000010020000020310000000000000000020030000020000000000001000000000000000000000000000202 1
1 0 389631 599977 6 8 5 7 -1 -1 0220100212000110010000000100010000000010020000020310000000000000000020030000000000000000021000000000000000000000000000202 1
2 0 389631 599976 11 7 12 8 -1 -1 0220100212000110010000000110010000000000020000020310000000000000000020030000000000000000021000000000000000000000000000202 1
1 0 385180 599976 5 7 3 9 -1 -1 0220100212000110010000000110010000000000020000020310000000000000000020030000000000000000001000000000002000000000000000202 1
2 0 385180 599976 12 8 13 9 -1 -1 0220101212000110010000000100010000000000020000020310000000000000000020030000000000000000001000000000002000000000000000202 1
1 0 381142 599976 4 8 0 12 -1 -1 0220101212000110010000000100010000000000020000020310000000000000000020030000000000000000001000000000000000000002000000202 1
2 0 381142 599975 6 14 8 4 -1 -1 1220101212000100010000000100010000000000020000020310000000000000000020030000000000000000001000000000000000000002000000202 1
1 0 378156 599975 5 13 4 12 -1 -1 1220101212000100010000000100010000000000000000020310000020000000000020030000000000000000001000000000000000000002000000202 1
2 0 378156 599967 3 15 5 13 -1 -1 1220101212000100110000000100000000000000000000020310000020000000000020030000000000000000001000000000000000000002000000202 1
1 0 374467 599967 4 14 3 15 -1 -1 1220101210000100110000000100020000000000000000020310000020000000000020030000000000000000001000000000000000000002000000202 1
2 0 374467 599966 13 9 14 10 -1 -1 1220101211000100100000000100020000000000000000020310000020000000000020030000000000000000001000000000000000000002000000202 1
1 0 371510 599966 4 12 2 14 -1 -1 1220101211000100100000000100020000000000000000020310000020000000000020030000000000000000001000000000000000000000000200202 1
2 0 371510 599965 9 9 10 10 -1 -1 1220111211000100000000000100020000000000000000020310000020000000000020030000000000000000001000000000000000000000000200202 1
1 0 368841 599965 11 9 9 11 -1 -1 1220111211000100000000000100020000000000000000020310000020000000000000030000000200000000001000000000000000000000000200202 1
2 0 368841 599964 10 10 11 11 -1 -1 1220111211000100000000000100020000000000000000020310000020000000000001030000000200000000000000000000000000000000000200202 1
1 0 366672 599964 7 11 6 12 -1 -1 1220111211000100000000000100020000000000000000020310000020000000000001030000000000000000000200000000000000000000000200202 1
2 0 366672 599963 5 13 9 5 -1 -1 1220111211000100000000000100020000000000100000020300000020000000000001030000000000000000000200000000000000000000000200202 1
1 0 364603 599963 9 11 8 12 -1 -1 1220111211000100000000000100000000000000100000020300000020000000002001030000000000000000000200000000000000000000000200202 1
2 0 364603 599962 8 4 10 6 -1 -1 1220111211000100000000000100000000000000100000020300000020001000002000030000000000000000000200000000000000000000000200202 1
1 0 362637 599962 5 5 4 4 -1 -1 1220111211000100000000000100000000000000100000020300000000001000002000030000020000000000000200000000000000000000000200202 1
2 0 362637 599961 9 5 11 7 -1 -1 1220111211001100000000000000000000000000100000020300000000001000002000030000020000000000000200000000000000000000000200202 1
1 0 361372 599961 4 4 2 10 -1 -1 1220111211001100000000000000000000000000100000020300000000001000000000030000020000000000020200000000000000000000000200202 1
