1322288082000
kingfish
droptable
1 0 599820 600000 14 10 12 12 -1 -1 2222222222000000000000000000000000000000000000000000000000000000000000000000000000000000000000000000000000000001111111111 1
2 0 599820 595706 3 15 4 14 -1 -1 2222222222000000000000000000000000000000000000000000000000000000000000000000000000000000000000000000000010000001111011111 1
1 0 599818 595706 16 12 12 8 -1 -1 2222222220000000020000000000000000000000000000000000000000000000000000000000000000000000000000000000000010000001111011111 1
2 0 599818 588073 2 10 4 12 -1 -1 2222222220000000020000000000000000000000000000000000000000000000000000000000000000000000000000000000001010000001111011110 1
1 0 599817 588073 13 13 11 11 -1 -1 2220222220000000220000000000000000000000000000000000000000000000000000000000000000000000000000000000001010000001111011110 1
2 0 599817 580445 4 12 5 13 -1 -1 2220222220000000220000000000000000000000000000000000000000000000000000000000000000000000000100000000001010000001101011110 1
1 0 599816 580445 14 12 10 12 -1 -1 2220222220000000020000000000020000000000000000000000000000000000000000000000000000000000000100000000001010000001101011110 1
2 0 599816 555807 4 14 6 12 -1 -1 2220222220000000020000000000020000000000000000000000000000000000000000000000000010000000000100000000001010000001101001110 1
1 0 599815 555807 13 11 9 11 -1 -1 2220222220000000000000000000020000000000200000000000000000000000000000000000000010000000000100000000001010000001101001110 1
2 0 599815 534119 6 12 7 13 -1 -1 2220222220000000000000000000020000000000200000000000000000000000000001000000000010000000000100000000001010000001001001110 1
1 0 596257 534119 12 12 2 10 -1 -1 2220222220000000000000000000020000000000000000000002000000000000000001000000000010000000000100000000001010000001001001110 1
2 0 596257 527840 2 14 10 14 -1 -1 2221222220000000000000000000020000000000000000000002000000000000000001000000000010000000000100000000001000000001001001110 1
1 0 593922 527840 2 10 4 12 -1 -1 2221202220000000000000000000020000000000000000000002000000000000000001000000000012000000000100000000001000000001001001110 1
2 0 593922 515882 0 12 2 14 -1 -1 2220202220000000100000000000020000000000000000000002000000000000000001000000000012000000000100000000001000000001001001110 1
1 0 589166 515882 11 11 9 13 -1 -1 0220222220000000100000000000020000000000000000000002000000000000000001000000000012000000000100000000001000000001001001110 1
2 0 589166 508061 3 13 4 14 -1 -1 0220222220000000100000000000020000000000000000000002000000000000000001100000000012000000000000000000001000000001001001110 1
1 0 586092 508061 10 12 6 12 -1 -1 0220222200000000120000000000020000000000000000000002000000000000000001100000000012000000000000000000001000000001001001110 1
2 0 586092 484338 3 9 4 8 -1 -1 0220222200000000120000000000020000000000100000000002000000000000000001100000000002000000000000000000001000000001001001110 1
1 0 583528 484338 4 12 0 12 -1 -1 0220220200000020120000000000020000000000100000000002000000000000000001100000000002000000000000000000001000000001001001110 1
2 0 583528 473355 2 14 3 13 -1 -1 1220220200000020020000000000020000000000100000000002000000000000000001100000000002000000000000000000001000000001001001110 1
1 0 577702 473355 13 15 12 14 -1 -1 1220200220000020020000000000020000000000100000000002000000000000000001100000000002000000000000000000001000000001001001110 1
2 0 577702 467475 5 13 7 15 -1 -1 1220200220000020020000000000020000000000100000000002000000000000000001100000000002000000000000000000001001000001000001110 1
1 0 570993 467475 15 13 9 15 -1 -1 1220200220000020020000000000000000000000100000000002200000000000000001100000000002000000000000000000001001000001000001110 1
2 0 570993 449955 3 11 4 10 -1 -1 1220200220000020020000000000000000000000100000000002200000000000000001110000000002000000000000000000001001000001000001100 1
1 0 564144 449955 13 9 11 7 -1 -1 1220200020000022020000000000000000000000100000000002200000000000000001110000000002000000000000000000001001000001000001100 1
2 0 564144 441297 1 13 5 13 -1 -1 1220200020000022020000000000000000000000100000000002200000000000000001110000000002000000010000000000001001000000000001100 1
1 0 556804 441297 12 8 10 6 -1 -1 1200200020000022020000000000020000000000100000000002200000000000000001110000000002000000010000000000001001000000000001100 1
2 0 556804 427127 4 8 8 16 -1 -1 1200200020000022020000000000020000000000100000000002200000000000000001110000010002000000010000000000000001000000000001100 1
1 0 548013 427127 9 15 7 17 -1 -1 1200200020000002020000000000020000000000100000000002200000000020000001110000010002000000010000000000000001000000000001100 1
2 0 548013 418946 3 13 5 15 -1 -1 1200200020000002020000000000020000000000100000000002210000000020000001100000010002000000010000000000000001000000000001100 1
1 0 539326 418946 15 11 15 13 -1 -1 1200200000000002020000000000022000000000100000000002210000000020000001100000010002000000010000000000000001000000000001100 1
2 0 539326 414159 4 14 6 16 -1 -1 1200200000000002020000000000022000000000100000000002210000000020000001100000010002000000010000000000000001000000000001010 1
1 0 530370 414159 15 13 9 15 -1 -1 1200200000000002000000000000022000000000102000000002210000000020000001100000010002000000010000000000000001000000000001010 1
2 0 530370 405092 10 14 11 15 -1 -1 1200200000000002000000000000022000000000102000000002210000000020000001110000010002000000010000000000000001000000000001000 1
1 0 521295 405092 12 14 8 14 -1 -1 1200200000000002000000000000022000000000102000000002210000000020000001110000010000000000010002000000000001000000000001000 1
2 0 521295 400177 4 10 5 11 -1 -1 1200200000000002000000000000022000000000102000000002210000000120000001110000010000000000010002000000000000000000000001000 1
1 0 517538 400177 11 7 10 8 -1 -1 1200200000000000000000000000222000000000102000000002210000000120000001110000010000000000010002000000000000000000000001000 1
2 0 517538 395806 5 13 6 14 -1 -1 1200200000000000000000000000222000000000102000000002210000000120000001110000011000000000000002000000000000000000000001000 1
1 0 512393 395806 10 6 8 12 -1 -1 1200200000000000000000000000202000000000122000000002210000000120000001110000011000000000000002000000000000000000000001000 1
2 0 512393 392555 1 11 3 13 -1 -1 1200200000000000000000000000202000000000122000000002210000001120000001110000001000000000000002000000000000000000000001000 1
1 0 508646 392555 9 13 5 13 -1 -1 1000200020000000000000000000202000000000122000000002210000001120000001110000001000000000000002000000000000000000000001000 1
2 0 508646 373291 6 16 8 18 -1 -1 1000200020000000000000000000212000000000122000000002210000001120000001010000001000000000000002000000000000000000000001000 1
1 0 503695 373291 9 15 9 13 -1 -1 1000200020000000000000000000212000000000120000000002210000001122000001010000001000000000000002000000000000000000000001000 1
2 0 503695 365817 8 16 9 15 -1 -1 1000200020000000000000000000212000000000120000000002210000001122000001100000001000000000000002000000000000000000000001000 1
1 0 497960 365817 8 14 4 14 -1 -1 1000200020000000000000000000212000000000120000000002210000001102000001120000001000000000000002000000000000000000000001000 1
2 0 497960 331628 8 18 10 16 -1 -1 1000200020000000010000000000212000000000120000000002210000001002000001120000001000000000000002000000000000000000000001000 1
1 0 493095 331628 5 13 1 13 -1 -1 1000200020000000010000000000212000000000120000000002210000001000000001120000001000200000000002000000000000000000000001000 1
2 0 493095 298627 2 12 3 11 -1 -1 1010200020000000010000000000202000000000120000000002210000001000000001120000001000200000000002000000000000000000000001000 1
1 0 485488 298627 9 13 3 15 -1 -1 1010000220000000010000000000202000000000120000000002210000001000000001120000001000200000000002000000000000000000000001000 1
2 0 485488 268634 9 15 11 13 -1 -1 1010000221000000010000000000202000000000120000000002210000001000000001020000001000200000000002000000000000000000000001000 1
1 0 479259 268634 6 12 2 12 -1 -1 1010000221000000010000000000202000000000120000000002210000001000000001000000001000200000000022000000000000000000000001000 1
2 0 479259 238636 5 11 6 12 -1 -1 1010100221000000010000000000202000000000020000000002210000001000000001000000001000200000000022000000000000000000000001000 1
1 0 474230 238636 7 17 6 16 -1 -1 1010100221000000010000000000002000000000220000000002210000001000000001000000001000200000000022000000000000000000000001000 1
2 0 474230 219600 7 15 9 13 -1 -1 1010100221000000010000000000002000000000221000000002200000001000000001000000001000200000000022000000000000000000000001000 1
1 0 469547 219600 10 8 9 9 -1 -1 1010100221000000010000000000002000000000221000000002000000001000000001200000001000200000000022000000000000000000000001000 1
2 0 469547 211909 11 13 12 12 -1 -1 1010100221000000010000000000002000000000221000000002000000001000000011200000000000200000000022000000000000000000000001000 1
1 0 465652 211909 9 9 8 10 -1 -1 1010100221000000010000000000002000000000221000000002000000001000000011200000000000200000000002000000000020000000000001000 1
2 0 465652 181912 10 16 12 10 -1 -1 1010100221000000010000000000002000000000221000000002000000011000000001200000000000200000000002000000000020000000000001000 1
1 0 461770 181912 9 11 7 9 -1 -1 1010100221000000010000000000002000000000221000000002000000011000000001200000000000000000000002000000000220000000000001000 1
2 0 461770 174237 3 11 4 12 -1 -1 1010100221000000010000000000002000000000221000000102000000011000000000200000000000000000000002000000000220000000000001000 1
1 0 456814 174237 8 10 6 8 -1 -1 1010100021000000210000000000002000000000221000000102000000011000000000200000000000000000000002000000000220000000000001000 1
2 0 456814 171965 4 12 5 13 -1 -1 1010100021000000210000000000002000000010221000000102000000001000000000200000000000000000000002000000000220000000000001000 1
1 0 452939 171965 7 9 5 7 -1 -1 1010100021000000010000000000022000000010221000000102000000001000000000200000000000000000000002000000000220000000000001000 1
2 0 452939 165275 11 15 12 16 -1 -1 1010100021000000010000000010022000000010221000000002000000001000000000200000000000000000000002000000000220000000000001000 1
1 0 449712 165275 6 8 4 6 -1 -1 1010100021000000010000000010022000000010221000000002000000001000000000200000000000000000000000000000000220200000000001000 1
2 0 449712 162221 9 13 10 12 -1 -1 1010100021000100010000000010022000000000221000000002000000001000000000200000000000000000000000000000000220200000000001000 1
1 0 446678 162221 5 7 4 8 -1 -1 1010100021000100010000000010022000000000221000000002000000001000000000000000000020000000000000000000000220200000000001000 1
2 0 446678 157843 10 12 11 11 -1 -1 1010100021000110010000000000022000000000221000000002000000001000000000000000000020000000000000000000000220200000000001000 1
1 0 443730 157843 4 8 3 9 -1 -1 1010100021000110010000000000022000000000221000000002000000001000000000000000000000000000000200000000000220200000000001000 1
2 0 443730 151775 5 13 9 13 -1 -1 1010101021000100010000000000022000000000221000000002000000001000000000000000000000000000000200000000000220200000000001000 1
1 0 439538 151775 14 14 13 13 -1 -1 1010101021000100010000000000002000000000221000000002000000001000000000200000000000000000000200000000000220200000000001000 1
2 0 439538 146636 6 12 10 12 -1 -1 1010101021000100010000000000002000000000221000000002000000001000000000200000000000000000000200000000000220200000010000000 1
1 0 434316 146636 6 16 5 17 -1 -1 1010101021000100010000000000002000000000021000000002000000001000000000200000000020000000000200000000000220200000010000000 1
2 0 434316 142760 12 10 14 12 -1 -1 1010101021000100010000000000002100000000020000000002000000001000000000200000000020000000000200000000000220200000010000000 1
1 0 428443 142760 5 17 4 16 -1 -1 1010101021000100010000000000002100000000020000000002000000001000000000200000000020000000000200000000000020200000010020000 1
2 0 428443 139992 7 13 13 11 -1 -1 1010101021000100011000000000002000000000020000000002000000001000000000200000000020000000000200000000000020200000010020000 1
1 0 425482 139992 8 12 7 11 -1 -1 1010101021000100011000000000002000000000020000000000000000001000000000200000000020000000000200000000000020200000210020000 1
2 0 425482 134772 5 15 6 16 -1 -1 1010101021000100011000000000002000000000020000000010000000000000000000200000000020000000000200000000000020200000210020000 1
1 0 421793 134772 4 14 4 12 -1 -1 1010101021000100011000000000000000000000022000000010000000000000000000200000000020000000000200000000000020200000210020000 1
2 0 421793 104774 11 11 12 10 -1 -1 1010101021000100101000000000000000000000022000000010000000000000000000200000000020000000000200000000000020200000210020000 1
1 0 418793 104774 13 13 11 11 -1 -1 1010101021000100101000000000000000000000022000000010000000000000000000200000000020000000000000000000000220200000210020000 1
2 0 418793 74780 14 12 15 13 -1 -1 1010101021000100101000000000000000000000022000000010000000000000000000200000000020000000000100000000000220200000200020000 1
1 0 414239 74780 4 12 3 11 -1 -1 1010101021000100101000000000000000000000022000000010000000000000000000200000000020000000000100000000000220200000200000020 1
2 0 414239 44786 3 13 4 14 -1 -1 1010101121000100001000000000000000000000022000000010000000000000000000200000000020000000000100000000000220200000200000020 1
1 0 410388 44786 4 16 2 14 -1 -1 1010101101000100021000000000000000000000022000000010000000000000000000200000000020000000000100000000000220200000200000020 1
2 0 410388 14793 4 14 5 15 -1 -1 1010111101000100020000000000000000000000022000000010000000000000000000200000000020000000000100000000000220200000200000020 1
1 0 408064 14793 7 11 6 12 -1 -1 1010111101000100000000000000002000000000022000000010000000000000000000200000000020000000000100000000000220200000200000020 1
2 0 408064 14790 5 15 7 13 -1 -1 1010111101000100000000000000002000000000122000000000000000000000000000200000000020000000000100000000000220200000200000020 1
1 0 404004 14790 4 6 4 8 -1 -1 1010111101000100000000000000000000000000122000000002000000000000000000200000000020000000000100000000000220200000200000020 1
2 0 404004 14782 6 14 10 14 -1 -1 1010111101000010000000000000000000000000122000000002000000000000000000200000000020000000000100000000000220200000200000020 1
1 0 401855 14782 4 8 2 10 -1 -1 1010111101000010000000000000000000000000102000000002000000000000000000200000000022000000000100000000000220200000200000020 1
2 0 401855 14779 12 10 14 12 6 10 1011111101000000000000000000000000000000102000000002000000000000000000200000000022000000000100000000000220200000200000020 1
1 0 399275 14779 3 15 3 13 -1 -1 1011111101000000000000000000000000000003102000000002000000000000000000200000000022000000000100000000000020200000200020020 1
2 0 399275 14777 12 12 16 12 -1 -1 1011111110000000000000000000000000000003102000000002000000000000000000200000000022000000000100000000000020200000200020020 1
1 0 397506 14777 11 11 10 10 -1 -1 1011111110000000000000000000000000000003102000000002000000000000000000200000000022000000000100000000000000200000200020022 1
2 0 397506 14775 9 13 11 11 -1 -1 1011111110000000000000000000000000000003102000000002000000000000000000200000000122000000000000000000000000200000200020022 1
1 0 395778 14775 6 12 5 13 -1 -1 1011111110000000000000000000000000000003102000000002000000000000000000000000000122000000000200000000000000200000200020022 1
2 0 395778 14763 10 12 12 10 -1 -1 1011111110000000000000000000010000000003002000000002000000000000000000000000000122000000000200000000000000200000200020022 1
1 0 394397 14763 5 13 4 14 -1 -1 1011111110000000000000000000010000000003002000000002000000000000000000000000000102000000000200000000000200200000200020022 1
2 0 394397 14761 11 11 15 11 -1 -1 1011111110000000010000000000000000000003002000000002000000000000000000000000000102000000000200000000000200200000200020022 1
1 0 393624 14761 4 14 3 15 -1 -1 1011111110000000010000000000000000000003002000000002000000000000000000000000000102000000000000000000000200200000200020222 1
2 0 393624 14760 6 16 7 15 -1 -1 1011111111000000000000000000000000000003002000000002000000000000000000000000000102000000000000000000000200200000200020222 1
1 0 392856 14760 10 10 9 11 -1 -1 1011111111000000000000000000000000000003000000000002200000000000000000000000000102000000000000000000000200200000200020222 1
2 0 392856 14759 7 15 8 14 -1 -1 1011111111000000000000000000000000000003000000000002200000000000000001000000000002000000000000000000000200200000200020222 1
1 0 391861 14759 9 11 8 10 -1 -1 1011111111000000000000000000000000000003000000000002000000000200000001000000000002000000000000000000000200200000200020222 1
2 0 391861 14758 7 13 11 13 -1 -1 1011111111000000000000000000000000000003000000000002000000010200000000000000000002000000000000000000000200200000200020222 1
1 0 390873 14758 8 10 7 11 -1 -1 1011111111000000000000000000000000000003000000000000000000010200000000000000000002000000000020000000000200200000200020222 1
2 0 390873 14756 10 14 14 14 -1 -1 1011111111000000000000000000000000000003000000000010000000000200000000000000000002000000000020000000000200200000200020222 1
1 0 390428 14756 2 10 1 11 -1 -1 1011111111000000000000000000000000000003000000000010000000000200000000000000000000000000000020000000000200200000200022222 1
2 0 390428 14755 11 13 12 12 -1 -1 1110111111000000000000000000000000000003000000000010000000000200000000000000000000000000000020000000000200200000200022222 1
1 0 389925 14755 7 11 5 9 -1 -1 1110111111000000000000000000000000000003000000000010000000000200000000000000000000000000000000000000000220200000200022222 1
2 0 389925 14754 12 12 14 10 -1 -1 1110111111000000000000000001000000000003000000000000000000000200000000000000000000000000000000000000000220200000200022222 1
1 0 389602 14754 5 9 4 10 -1 -1 1110111111000000000000000001000000000003000000000000000000000200000000000000000000000000000000000000000200200000200222222 1
2 0 389602 14754 8 14 9 13 -1 -1 1110111111000001000000000000000000000003000000000000000000000200000000000000000000000000000000000000000200200000200222222 1
1 0 389361 14754 4 10 4 12 -1 -1 1110111111000001000000000000000000000003000000000000000000000000000000200000000000000000000000000000000200200000200222222 1
2 0 389361 14753 9 13 10 12 -1 -1 1110111111000000100000000000000000000003000000000000000000000000000000200000000000000000000000000000000200200000200222222 1
1 0 389144 14753 4 12 2 10 -1 -1 1110111111000000100000000000000000000003000000000000000000000000000000000000000020000000000000000000000200200000200222222 1
