1322294165000
googolhex
kingfish
1 0 599546 600000 13 11 12 10 -1 -1 2222222222000000000000000000000000000000000000000000000000000000000000000000000000000000000000000000000000000001111111111 2
2 0 599546 599902 2 14 4 12 -1 -1 2222222222000000000000000000000000000000000000000000000000000000000000000000000000000000000000000000000100000001011111111 2
1 0 598863 599902 13 15 11 9 -1 -1 2222202222000000200000000000000000000000000000000000000000000000000000000000000000000000000000000000000100000001011111111 2
2 0 598863 599901 0 12 4 16 -1 -1 2222202222000000200000000000000000000000000000000000000000000000000000000000000000000000001000000000000100000001010111111 2
1 0 597831 599901 14 14 10 10 -1 -1 0222202222000000202000000000000000000000000000000000000000000000000000000000000000000000001000000000000100000001010111111 2
2 0 597831 599900 3 11 5 13 -1 -1 0222202222000000202000000000000000000000000000000000000000000000000000000000000100000000001000000000000100000001010110111 2
1 0 595421 599900 16 12 12 12 -1 -1 0222202022000000202000000000020000000000000000000000000000000000000000000000000100000000001000000000000100000001010110111 2
2 0 595421 599899 2 12 6 12 -1 -1 0222202022000000202000000000020000000000000000000000000000000000000000000000000100000000001000000000000110000001010110110 2
1 0 591088 599899 15 13 11 13 -1 -1 0222002022000000202000000000020000000000200000000000000000000000000000000000000100000000001000000000000110000001010110110 2
2 0 591088 599898 3 13 7 13 -1 -1 0222002022000000202000000000020000000000200000000000000000000000000000000000000100000000001010000000000110000001010110100 2
1 0 583770 599898 14 12 10 8 -1 -1 0222002002000000202000000000020000000000200000000002000000000000000000000000000100000000001010000000000110000001010110100 2
2 0 583770 599722 4 12 8 12 -1 -1 0222002002000000202000000000020000000000200000000002000000000000000000000000001100000000001010000000000110000001010100100 2
1 0 577410 599722 13 13 9 9 -1 -1 0222002002000000002000000000020000000000200000000002000000002000000000000000001100000000001010000000000110000001010100100 2
2 0 577410 593709 3 9 4 10 -1 -1 0222002002000000002000000000020000000000200000000002000000002000000010000000001100000000001010000000000110000001000100100 2
1 0 571816 593709 12 12 12 8 -1 -1 0222000002000002002000000000020000000000200000000002000000002000000010000000001100000000001010000000000110000001000100100 2
2 0 571816 590858 1 11 5 15 -1 -1 0222000002000002002000000000020000000000200000000002000000002000000010000000001100000000001010000000001100000001000100100 2
1 0 568936 590858 11 13 10 12 -1 -1 0022000002000002002000000000022000000000200000000002000000002000000010000000001100000000001010000000001100000001000100100 2
2 0 568936 584747 5 13 11 11 -1 -1 0022000002000002002000000000022000000000200000000002000000002000000010000000001110000000001000000000001100000001000100100 2
1 0 567640 584747 9 9 8 8 -1 -1 0022000002000002002000000000002000000000200000000002000000002000000010000000001110000000001200000000001100000001000100100 2
2 0 567640 581213 3 15 7 11 -1 -1 0022000002000002002000000000002000000000200000000002000000102000000000000000001110000000001200000000001100000001000100100 2
1 0 566406 581213 13 9 9 9 -1 -1 0022000000000002002000000000002000000000200000000022000000102000000000000000001110000000001200000000001100000001000100100 2
2 0 566406 576301 11 11 13 9 -1 -1 0022000000000002002000000000002000000000200000000022000000102000000010000000001110000000001200000000001100000000000100100 2
1 0 564803 576301 14 10 13 11 -1 -1 0022000000000002002000000000002000000000200000000022000000102000000010000000001110000000001000000000001100000002000100100 2
2 0 564803 571185 4 16 6 14 -1 -1 0022000000000002002000000000002000000000200000000022000000102000000010000000001110000000001000000000001100000002100000100 2
1 0 562532 571185 15 11 14 10 -1 -1 0022000000000002000000000000002000000000220000000022000000102000000010000000001110000000001000000000001100000002100000100 2
2 0 562532 567037 2 10 3 9 -1 -1 0022000000000002000000000000002000000000220000000022000000102000000010000000001110000000001000000000001100000002100100000 2
1 0 560924 567037 11 9 9 11 -1 -1 0020002000000002000000000000002000000000220000000022000000102000000010000000001110000000001000000000001100000002100100000 2
2 0 560924 561784 7 13 11 9 -1 -1 0020002000000002000000000000002000000000220000000022000000102000000011000000001110000000000000000000001100000002100100000 2
1 0 553202 561784 10 12 8 10 -1 -1 0020002000000002000000000000002000000000220000000020000000102000000011000000001110000000002000000000001100000002100100000 2
2 0 553202 558729 3 9 7 13 -1 -1 0020002000000002000000000000002000000000220000000020000000112000000011000000001100000000002000000000001100000002100100000 2
1 0 550051 558729 14 10 12 12 -1 -1 0020000000000002000000000000002000000000220000000022000000112000000011000000001100000000002000000000001100000002100100000 2
2 0 550051 554753 1 13 2 12 -1 -1 0020000000000002000000000000002000000000220000000022000000112000000011000000001100000000002000000000001110000002100000000 2
1 0 545622 554753 9 11 7 9 -1 -1 0000200000000002000000000000002000000000220000000022000000112000000011000000001100000000002000000000001110000002100000000 2
2 0 545622 550790 8 12 9 13 -1 -1 0000200000000002000000000000002000000000220000000122000000112000000010000000001100000000002000000000001110000002100000000 2
1 0 538216 550790 12 12 11 11 -1 -1 0000200000000002000000000000002000000000220000000122000000110000000010200000001100000000002000000000001110000002100000000 2
2 0 538216 547372 6 14 10 14 -1 -1 0000200000000002000000000000002000000000220000000122000000110000000010200000001100000000002100000000001100000002100000000 2
1 0 529269 547372 12 10 10 12 -1 -1 0000200000000002000000000000002000000000200000000122000000110000000010200000001102000000002100000000001100000002100000000 2
2 0 529269 542757 6 12 8 14 -1 -1 0000200000000002000000000000002000000000200000000122000000110000000010200000001112000000002100000000001000000002100000000 2
1 0 519844 542757 10 12 9 11 -1 -1 0000200000000002000000000000002000000000000000000122000000110200000010200000001112000000002100000000001000000002100000000 2
2 0 519844 536631 7 13 11 13 -1 -1 0000200000000002000000000000002000000000000000000122000000110200000011200000001102000000002100000000001000000002100000000 2
1 0 508308 536631 10 10 6 10 -1 -1 0000200000000002000000000000002000000000000000000120000000110200000011200000001102000000002120000000001000000002100000000 2
2 0 508308 529122 8 14 12 14 -1 -1 0000200000000002000000000000002000000001000000000120000000110200000011200000001002000000002120000000001000000002100000000 2
1 0 499785 529122 13 11 14 10 -1 -1 0000200000000002000000000000002000000001000000000120000000110000000011200000001002000000002120000000001002000002100000000 2
2 0 499785 523490 9 13 13 13 -1 -1 0000200000000002000000000000002000000001000000000120000000110000000011200000001002000000002120000000001002000002000100000 2
1 0 493084 523490 6 10 5 11 -1 -1 0000200000000002000000000000002000000001000000000120000000110000000011000000001002000000002120000000001002000002020100000 2
2 0 493084 517402 7 11 8 12 -1 -1 0000200000000002000000000000102000000000000000000120000000110000000011000000001002000000002120000000001002000002020100000 2
1 0 486068 517402 8 8 4 12 -1 -1 0000200000000002000000000000102000000000000000000100000000112000000011000000001002000000002120000000001002000002020100000 2
2 0 486068 511984 8 12 10 10 -1 -1 0000200000000002100000000000102000000000000000000100000000012000000011000000001002000000002120000000001002000002020100000 2
1 0 481315 511984 14 10 13 11 -1 -1 0000200000000002100000000000102000000000000000000100000000010000000011000000001202000000002120000000001002000002020100000 2
2 0 481315 505375 10 14 14 14 -1 -1 0000200000000002100000000000102000000000000000000100000000010000000011000000001202000000002120000000001002000002120000000 2
1 0 475064 505375 13 11 12 10 -1 -1 0000200000000002100000000000102000000000000000000100000000010000000011000000001200000000002120000000001002000002120002000 2
2 0 475064 499608 11 9 13 11 -1 -1 0000200000000002100000000000102000000000000000000100000000010000000011000000001200000000002120000000001102000002020002000 2
1 0 469835 499608 12 10 11 9 -1 -1 0000200000000002100000000000102000000000000000000100000000010000000011000000001200000000000120000000001102000002220002000 2
2 0 469835 492728 11 13 15 13 -1 -1 0000200000000002100000000000102000000000000000000100000000010000000011000000001200000000001120000000001002000002220002000 2
1 0 469833 492728 5 11 1 11 -1 -1 0000200000000002100000000000102000000000000000000100000000010000000011000000001200000000001100000000001002000002220002020 2
2 0 469833 488512 2 12 3 11 -1 -1 0100200000000002100000000000002000000000000000000100000000010000000011000000001200000000001100000000001002000002220002020 2
1 0 469832 488512 4 12 0 12 6 14 0100000200000002100000000000002000000000000000000100000000010000000011000000001200000000001100000000001002000002220002020 2
2 0 469832 484413 3 11 5 9 -1 -1 1100000200000002000000000000002000000000030000000100000000010000000011000000001200000000001100000000001002000002220002020 2
1 0 469831 484413 11 9 9 7 -1 -1 1100000000000002000000000002002000000000030000000100000000010000000011000000001200000000001100000000001002000002220002020 2
2 0 469831 478157 4 10 6 8 -1 -1 1100000000000002000000000002002000000000030000000100000000010000000111000000001200000000000100000000001002000002220002020 2
1 0 469831 478157 10 8 8 6 -1 -1 1100000000000000000000000002002000000020030000000100000000010000000111000000001200000000000100000000001002000002220002020 2
2 0 469831 473661 10 10 14 10 -1 -1 1100000000000000000000000002002000000020030000000100000001010000000111000000000200000000000100000000001002000002220002020 2
1 0 469831 473661 7 9 3 13 4 12 1100000000000000000000000002002000000020030000000100000001010000000111000000000000000000000100000000001002000002220202020 2
2 0 469831 469780 5 9 9 5 -1 -1 1100000010000000300000000002002000000020030000000000000001010000000111000000000000000000000100000000001002000002220202020 2
1 0 469830 469780 9 11 5 7 -1 -1 1100000010000000300000000000002000000020030000000000000001010000002111000000000000000000000100000000001002000002220202020 2
2 0 469830 464543 12 14 14 12 -1 -1 1100000010000000300000000010002000000020030000000000000001010000002110000000000000000000000100000000001002000002220202020 2
1 0 469829 464543 9 7 7 9 -1 -1 1100000010000000300000000010002000000020030000000000000001010000002110000000000000000000000100000000001000000002220222020 2
2 0 469829 461811 5 15 7 13 -1 -1 1100000010000000300000000010002000000020030000000100000001010000002010000000000000000000000100000000001000000002220222020 2
1 0 469828 461811 9 9 3 15 -1 -1 1100000010000000300000000010000000000020030000000102000001010000002010000000000000000000000100000000001000000002220222020 2
2 0 469828 459502 7 13 8 12 -1 -1 1100000011000000300000000010000000000020030000000102000001010000002000000000000000000000000100000000001000000002220222020 2
1 0 469828 459502 7 9 5 15 -1 -1 1100000011000000300000000010000000000020030000000100000001012000002000000000000000000000000100000000001000000002220222020 2
2 0 469828 457018 8 12 10 6 -1 -1 1100000011000000300000000010001000000020030000000000000001012000002000000000000000000000000100000000001000000002220222020 2
1 0 469824 457018 12 8 11 7 -1 -1 1100000011000000300000000010001000000020030000000000000001010000002000000000020000000000000100000000001000000002220222020 2
2 0 469824 454136 14 10 15 11 -1 -1 1100000011000000300000000010001000000020030000000000000001010000002000000000020000000000010100000000000000000002220222020 2
1 0 469824 454136 11 11 10 10 -1 -1 1100000011000000300000000010001000000020030000000000000001010000002000000000020000000000010100000000000000000002220022220 2
2 0 469824 452055 10 6 16 12 -1 -1 1100000011000000300000000010001000000020030000000000000001010000002000000000020100000000010000000000000000000002220022220 2
1 0 469824 452055 11 7 10 8 -1 -1 1100000011000000300000000010001000000020030000000000000001010000002000000000000100000000010000000000000000000002220022222 2
2 0 469824 449847 9 5 10 6 -1 -1 1100000011000000300000000010001000000020030000000000000001010000002000000000001100000000000000000000000000000002220022222 2
1 0 469823 449847 10 10 9 9 -1 -1 1100000011000000300000000010001000000020030000000000000001010000000000000000021100000000000000000000000000000002220022222 2
2 0 469823 448363 6 8 7 7 -1 -1 1100000011000000300000000010001000000020030000000000000001010000000010000000021000000000000000000000000000000002220022222 2
1 0 469823 448363 8 6 4 6 -1 -1 1100000011000000300000000010001000000000030000002000000001010000000010000000021000000000000000000000000000000002220022222 2
2 0 469823 447332 7 7 8 8 -1 -1 1100000011000100300000000010001000000000030000002000000000010000000010000000021000000000000000000000000000000002220022222 2
1 0 469823 447332 9 9 7 7 -1 -1 1100000011000100300000000010001000000000030000000000000000210000000010000000021000000000000000000000000000000002220022222 2
2 0 469823 445988 8 8 9 9 -1 -1 1100000011000100300000000010001000000000030000001000000000210000000000000000021000000000000000000000000000000002220022222 2
1 0 469823 445988 10 8 9 7 -1 -1 1100000011000100300000000010001000000000030000001000000000010000000020000000021000000000000000000000000000000002220022222 2
2 0 469823 444754 9 9 11 7 -1 -1 1100000011000100300000000010001000000000030000001000000000010000000120000000020000000000000000000000000000000002220022222 2
1 0 469822 444754 9 7 8 8 -1 -1 1100000011000100300000000010001000000000030000001000000000010000000100000000020000000000020000000000000000000002220022222 2
2 0 469822 443960 10 6 14 10 -1 -1 1100000011000100300000000010001000000000030000001000000000110000000000000000020000000000020000000000000000000002220022222 2
1 0 469821 443960 8 8 4 8 -1 -1 1100000011000100300000000010001000000000030000001000000000110000000000000000000000000000020000000000000000000002220222222 2
2 0 469821 443632 11 7 12 8 -1 -1 1100000011000110300000000010001000000000030000001000000000010000000000000000000000000000020000000000000000000002220222222 2
1 0 469820 443632 4 6 2 12 -1 -1 1100000011000110300000000010001000000000030000001000000000010000000000000000000000000000000000000000002000000002220222222 2
2 0 469820 443346 12 8 12 10 -1 -1 1100100011000010300000000010001000000000030000001000000000010000000000000000000000000000000000000000002000000002220222222 2
1 0 469819 443346 5 7 3 9 -1 -1 1100100011000010300000000010001000000000030000001000000000010000000000000000000000000000000000000000000200000002220222222 2
2 0 469819 443093 12 10 12 12 -1 -1 1100101011000010300000000000001000000000030000001000000000010000000000000000000000000000000000000000000200000002220222222 2
1 0 469819 443093 4 8 2 14 -1 -1 1100101011000010300000000000001000000000030000001000000000010000000000000000000000000000000000000000000020000002220222222 2
2 0 469819 442788 12 12 12 14 -1 -1 1100111011000000300000000000001000000000030000001000000000010000000000000000000000000000000000000000000020000002220222222 2
1 0 469818 442788 3 15 1 13 -1 -1 1100111011000000300000000000001000000000030000001000000000010000000000000000000000000000000000000000000002000002220222222 2
2 0 469818 442519 12 14 13 15 -1 -1 1110111010000000300000000000001000000000030000001000000000010000000000000000000000000000000000000000000002000002220222222 2
