1322294366000
kingfish
ccplus
1 0 599809 600000 14 10 12 12 -1 -1 2222222222000000000000000000000000000000000000000000000000000000000000000000000000000000000000000000000000000001111111111 1
2 0 599809 599960 2 10 4 12 8 8 2222222222000000000000000000000000000000000000000000000000000000000000000000000000000000000000000000000010000001111011111 1
1 0 599807 599960 16 12 12 8 -1 -1 2220222222000000200000000000000000000000000000000000000000300000000000000000000000000000000000000000000010000001111011111 1
2 0 599807 599920 4 12 5 11 10 14 2220222222000000200000000000000000000000000000000000000000300000000000000000000000000000000000000000001010000001111011110 1
1 0 599806 599920 13 13 11 11 -1 -1 2220222222000000000000000000200000000000000000000000000000300000000000000000000003000000000000000000001010000001111011110 1
2 0 599806 599887 0 12 6 10 -1 -1 2220222222000000000000000000200000000000000000000000000000300000000000000000000003000000000100000000001010000001101011110 1
1 0 599805 599887 14 12 10 12 -1 -1 0220222222000000000000000000200000000002000000000000000000300000000000000000000003000000000100000000001010000001101011110 1
2 0 599805 599855 3 11 4 12 -1 -1 0220222222000000000000000000200000000002000000000000000000300000000000000000000013000000000100000000001010000001101001110 1
1 0 599805 599855 13 11 9 11 -1 -1 0220222022000000200000000000200000000002000000000000000000300000000000000000000013000000000100000000001010000001101001110 1
2 0 599805 599810 1 11 2 10 -1 -1 0220222022000000200000000000200000000002000000000000000000300000000001000000000013000000000100000000001010000001001001110 1
1 0 599607 599810 12 12 8 12 -1 -1 0022222022000000200000000000200000000002000000000000000000300000000001000000000013000000000100000000001010000001001001110 1
2 0 599607 599774 1 13 11 15 -1 -1 0022222022000000200000000000200000000002000000000000000000301000000001000000000013000000000100000000001000000001001001110 1
1 0 594574 599774 11 11 3 11 -1 -1 0002222022000000200000000000200000000002000000000000000000301000000001000000000013000000000102000000001000000001001001110 1
2 0 594574 599736 2 12 4 14 -1 -1 0002222122000000200000000000200000000002000000000000000000301000000001000000000013000000000002000000001000000001001001110 1
1 0 591585 599736 9 11 7 13 -1 -1 0002022122000000220000000000200000000002000000000000000000301000000001000000000013000000000002000000001000000001001001110 1
2 0 591585 599699 2 10 4 8 -1 -1 0002022122000000220000000000200000000002000000000001000000301000000000000000000013000000000002000000001000000001001001110 1
1 0 586448 599699 8 12 6 14 -1 -1 0000022122000020220000000000200000000002000000000001000000301000000000000000000013000000000002000000001000000001001001110 1
2 0 586448 599667 2 14 4 16 -1 -1 0000022122000020220000000000200000000002010000000001000000300000000000000000000013000000000002000000001000000001001001110 1
1 0 583472 599667 7 13 5 15 -1 -1 0000002122000020222000000000200000000002010000000001000000300000000000000000000013000000000002000000001000000001001001110 1
2 0 583472 599633 3 15 7 11 -1 -1 0000002122000020222000000000201000000002010000000000000000300000000000000000000013000000000002000000001000000001001001110 1
1 0 579545 599633 13 15 12 16 -1 -1 0000002120000020222000000000201000000002010000000020000000300000000000000000000013000000000002000000001000000001001001110 1
2 0 579545 599568 4 14 8 10 -1 -1 0000002120000020222000000000201000000002010000000020000000300000000000000000000013000000000002000000001000100001000001110 1
1 0 575082 599568 15 13 7 13 -1 -1 0000002120000020202000000000201000000002010000000020000000320000000000000000000013000000000002000000001000100001000001110 1
2 0 575082 599515 3 9 4 10 -1 -1 0000002120000020202000000000201000000002010000000021000000320000000000000000000013000000000002000000001000100001000001100 1
1 0 568379 599515 7 13 7 9 -1 -1 0000000120000022202000000000201000000002010000000021000000320000000000000000000013000000000002000000001000100001000001100 1
2 0 568379 599470 5 11 6 12 -1 -1 0000000120000022202000000000201000000002010000000120000000320000000000000000000013000000000002000000001000100001000001100 1
1 0 563952 599470 7 9 3 9 -1 -1 0000000120000022202000000000001000000002210000000120000000320000000000000000000013000000000002000000001000100001000001100 1
2 0 563952 599418 3 13 15 13 -1 -1 0000001120000022202000000000001000000002210000000020000000320000000000000000000013000000000002000000001000100001000001100 1
1 0 557558 599418 5 15 3 13 -1 -1 0000001100000022202000000000001000000002210000000020000000320000000000000000000013000000000002000000001000100001000001120 1
2 0 557558 599373 4 10 5 11 -1 -1 0000001110000022202000000000000000000002210000000020000000320000000000000000000013000000000002000000001000100001000001120 1
1 0 551224 599373 12 8 11 9 -1 -1 0000001110000020202000000000200000000002210000000020000000320000000000000000000013000000000002000000001000100001000001120 1
2 0 551224 599315 5 11 9 11 -1 -1 0000001110000020202000000000200000000002210000000020000000320000000000000000000013000000001002000000000000100001000001120 1
1 0 543047 599315 14 14 8 12 -1 -1 0000001110000020202000000000000000000002210000000020000000320000000002000000000013000000001002000000000000100001000001120 1
2 0 543047 599267 7 11 11 11 -1 -1 0000001110000020202000000000000000000002210000000020000000321000000002000000000013000000001002000000000000100001000000120 1
1 0 526465 599267 15 11 14 10 -1 -1 0000001110000020202000000000000000000002210000000000000000321000000002000000000013000000001202000000000000100001000000120 1
2 0 526465 599210 4 8 5 9 -1 -1 0000001110000020202000000000000000000002210000000000000000321000000002000000000013000000001202000000000000100001000100020 1
1 0 517580 599210 14 10 10 10 -1 -1 0000001110000000202000000002000000000002210000000000000000321000000002000000000013000000001202000000000000100001000100020 1
2 0 517580 599139 4 12 5 11 -1 -1 0000001110000000202000000002000000000002210000000000000000321000000002000000000113000000001202000000000000100001000000020 1
1 0 509038 599139 10 10 9 9 -1 -1 0000001110000000002000000002200000000002210000000000000000321000000002000000000113000000001202000000000000100001000000020 1
2 0 509038 599076 4 16 5 15 -1 -1 0000001110000000002000000002200000000002210000000000000000321000000012000000000013000000001202000000000000100001000000020 1
1 0 501207 599076 9 9 5 13 -1 -1 0000001110000000000000000002202000000002210000000000000000321000000012000000000013000000001202000000000000100001000000020 1
2 0 501207 599020 9 11 13 15 -1 -1 0000001110000000000000000002212000000002210000000000000000321000000002000000000013000000001202000000000000100001000000020 1
1 0 490743 599020 11 9 9 11 -1 -1 0000001110000000000000000002212000000002210000000000000000321000000000000000000013000000001202000000000000100001002000020 1
2 0 490743 598970 11 11 12 12 -1 -1 0000001110000000000000000002212000000002210000000000000000321000000001000000000013000000000202000000000000100001002000020 1
1 0 485670 598970 6 14 2 14 -1 -1 0000001110000000000000000002212000000002210000000000000000321000000001000000000013000000000002000000000020100001002000020 1
2 0 485670 598916 5 9 13 13 -1 -1 0000011110000000000000000002212000000002200000000000000000321000000001000000000013000000000002000000000020100001002000020 1
1 0 477558 598916 9 11 7 13 -1 -1 0000011110000000000000000000212000000002200000000000000000321000000001000000000013000000000002000000000020100001022000020 1
2 0 477558 598845 5 11 13 11 -1 -1 0000011110000000000000000000212000000002200000000001000000321000000000000000000013000000000002000000000020100001022000020 1
1 0 468998 598845 5 13 4 14 -1 -1 0000011110000000000000000000012000000002200000000001000000321000000000000000000013000000000002000000000020100001222000020 1
2 0 468998 598765 5 15 5 13 -1 -1 0000011110000000010000000000002000000002200000000001000000321000000000000000000013000000000002000000000020100001222000020 1
1 0 457316 598765 8 12 2 10 -1 -1 0000011110000000010000000000020000000002200000000001000000321000000000000000000013000000000002000000000020100001222000020 1
2 0 457316 598704 5 13 9 9 -1 -1 0001011110000000010000000000020000000002200000000001000000320000000000000000000013000000000002000000000020100001222000020 1
1 0 450773 598704 7 13 5 11 -1 -1 0001011110000000010000000000000000000002200000000001000000320000000020000000000013000000000002000000000020100001222000020 1
2 0 450773 598648 6 12 7 11 -1 -1 0001011110000000010000000000100000000002200000000000000000320000000020000000000013000000000002000000000020100001222000020 1
1 0 447852 598648 4 14 2 12 -1 -1 0001011110000000010000000000100000000002000000000020000000320000000020000000000013000000000002000000000020100001222000020 1
2 0 447852 598597 6 10 8 12 -1 -1 0001111110000000000000000000100000000002000000000020000000320000000020000000000013000000000002000000000020100001222000020 1
1 0 444020 598597 12 16 11 17 -1 -1 0001111110000000000000000000100000000000000000000020000000322000000020000000000013000000000002000000000020100001222000020 1
2 0 444020 598552 13 13 14 12 -1 -1 0001111110000000000000000000100000000000000000000020000000322000000020000000000013000000000002100000000020000001222000020 1
1 0 439576 598552 13 9 9 13 -1 -1 0001111110000000000000000000100000000000000000000020000000322000000020000000000013000000000002100000000020000001202020020 1
2 0 439576 598510 9 9 10 10 -1 -1 0001111110000000000000000000100000000000000000000020000000322000000020100000000013000000000002100000000020000000202020020 1
1 0 431740 598510 11 17 7 13 -1 -1 0001111110000000000000000000100000000000000000000020000000322000000000100000000213000000000002100000000020000000202020020 1
2 0 431740 598461 7 11 15 11 -1 -1 0001111110000000000000000000100000000000000000000021000000322000000000100000000213000000000002000000000020000000202020020 1
1 0 426887 598461 2 12 1 13 -1 -1 0001111110000000000000000000100000000000000000000001000000322000000000100000000213000000000002000000000020000000202020220 1
2 0 426887 598414 8 10 9 9 -1 -1 0011011110000000000000000000100000000000000000000001000000322000000000100000000213000000000002000000000020000000202020220 1
1 0 416984 598414 10 12 2 12 -1 -1 0011011110000000000000000000100000000000000000000001000000302000000020100000000213000000000002000000000020000000202020220 1
2 0 416984 598365 8 12 9 11 -1 -1 0011111110000000000000000000100000000000000000000001000000302000000020100000000203000000000002000000000020000000202020220 1
1 0 414072 598365 2 12 1 11 -1 -1 0011111110000000000000000000100000000000000000000001000000300000000022100000000203000000000002000000000020000000202020220 1
2 0 414072 598330 9 9 13 13 -1 -1 0111011110000000000000000000100000000000000000000001000000300000000022100000000203000000000002000000000020000000202020220 1
1 0 411552 598330 9 13 8 14 -1 -1 0111011110000000000000000000100000000000000000000001000000300000000002100000000203000000000002000000000020000000222020220 1
2 0 411552 598292 9 11 11 9 -1 -1 0111011110000000000000000000100000000000000000000001000000300100000002000000000203000000000002000000000020000000222020220 1
1 0 410048 598292 8 14 2 12 -1 -1 0111011110000000000000000000100000000000000000000001000000300100000000000000000203000000002002000000000020000000222020220 1
2 0 410048 598268 10 10 12 8 -1 -1 0111111110000000000000000000100000000000000000000001000000300000000000000000000203000000002002000000000020000000222020220 1
1 0 409180 598268 7 13 6 12 -1 -1 0111111110000000000000000000100000000000000000000001000000300000000000000000000003000000002002000000002020000000222020220 1
2 0 409180 598246 12 12 16 12 -1 -1 0111111110000000000000000000100000000000100000000000000000300000000000000000000003000000002002000000002020000000222020220 1
1 0 408546 598246 5 11 5 13 -1 -1 0111111110000000000000000000100000000000100000000000000000300000000000000000000003000000002002000000002000000000222020222 1
2 0 408546 598228 11 9 12 10 -1 -1 0111111110000000000000000000010000000000100000000000000000300000000000000000000003000000002002000000002000000000222020222 1
1 0 407960 598228 1 13 0 12 -1 -1 0111111110000000000000000000010000000000100000000000000000300000000000000000000003000000000002000000002200000000222020222 1
2 0 407960 598209 11 15 12 14 -1 -1 1101111110000000000000000000010000000000100000000000000000300000000000000000000003000000000002000000002200000000222020222 1
1 0 407368 598209 6 12 4 14 -1 -1 1101111110000000000000000000010000000000100000000000000000300000000000000000000003000000000000000000002202000000222020222 1
2 0 407368 598191 12 8 14 14 -1 -1 1101111110000000010000000000010000000000000000000000000000300000000000000000000003000000000000000000002202000000222020222 1
1 0 406914 598191 5 13 1 13 -1 -1 1101111110000000010000000000010000000000000000000000000000300000000000000000000003000000000000000000000202000000222022222 1
2 0 406914 598181 12 10 13 9 -1 -1 1111111110000000010000000000000000000000000000000000000000300000000000000000000003000000000000000000000202000000222022222 1
1 0 406774 598181 4 14 3 15 -1 -1 1111111110000000010000000000000000000000000000000000000000300000000000000000000003000000000000000000000002000002222022222 1
