1322295948000
eigenbot
kingfish
1 0 591746 600000 13 11 12 10 -1 -1 2222222222000000000000000000000000000000000000000000000000000000000000000000000000000000000000000000000000000001111111111 1
2 0 591746 599903 2 14 4 12 -1 -1 2222222222000000000000000000000000000000000000000000000000000000000000000000000000000000000000000000000100000001011111111 1
1 0 583812 599903 15 13 11 9 -1 -1 2222202222000000200000000000000000000000000000000000000000000000000000000000000000000000000000000000000100000001011111111 1
2 0 583812 599902 0 12 4 16 -1 -1 2222202222000000200000000000000000000000000000000000000000000000000000000000000000000000001000000000000100000001011111101 1
1 0 575938 599902 14 10 10 10 -1 -1 0222202222000000202000000000000000000000000000000000000000000000000000000000000000000000001000000000000100000001011111101 1
2 0 575938 599901 3 11 5 13 -1 -1 0222202222000000202000000000000000000000000000000000000000000000000000000000000100000000001000000000000100000001011011101 1
1 0 568073 599901 13 15 13 11 -1 -1 0222202022000000202000000000020000000000000000000000000000000000000000000000000100000000001000000000000100000001011011101 1
2 0 568073 599900 2 12 6 12 -1 -1 0222202022000000202000000000020000000000000000000000000000000000000000000000000100000000001000000000000100000001110011101 1
1 0 560264 599900 13 9 9 9 -1 -1 0222002022000000202000000000020000000000200000000000000000000000000000000000000100000000001000000000000100000001110011101 1
2 0 560264 599899 3 13 7 13 -1 -1 0222002022000000202000000000020000000000200000000000000000000000000010000000000100000000001000000000000100000000110011101 1
1 0 552588 599899 10 10 10 12 -1 -1 0222002002000000202000000000020000000000200000000002000000000000000010000000000100000000001000000000000100000000110011101 1
2 0 552588 599715 4 12 8 12 -1 -1 0222002002000000202000000000020000000000200000000002000000000000000010000000000010000000001000000000000100000000110011101 1
1 0 545049 599715 13 13 7 11 -1 -1 0222002002000000002000000000020000000000200000000002000000002000000010000000000010000000001000000000000100000000110011101 1
2 0 545049 594245 7 13 11 13 -1 -1 0222002002000000002000000000020000000000200000000012000000002000000010000000000010000000001000000000000100000000100011101 1
1 0 537759 594245 14 14 10 14 -1 -1 0222002002000000002000000000020000000000200000000010000000002000000010000000000010000000001020000000000100000000100011101 1
2 0 537759 588986 3 9 4 10 -1 -1 0222002002000000002000000000020000000000200000000010000000002000000010000000000011000000001020000000000100000000100010101 1
1 0 530619 588986 16 12 10 10 -1 -1 0222000002000002002000000000020000000000200000000010000000002000000010000000000011000000001020000000000100000000100010101 1
2 0 530619 585214 1 11 9 11 -1 -1 0222000002000002002000000000020000000000200000000010000000002000000010000000000111000000001020000000000100000000100010100 1
1 0 523618 585214 10 10 8 8 -1 -1 0022000002000002002000000000020000000000200000000010000000002000000012000000000111000000001020000000000100000000100010100 1
2 0 523618 579702 8 12 16 12 -1 -1 0022000002000002002000000000020000000000200000000010000000102000000012000000000011000000001020000000000100000000100010100 1
1 0 517127 579702 10 14 6 14 -1 -1 0022000002000002002000000000020000000000200000000010000000100000000012000000000011000000001020000000000100000000100010102 1
2 0 517127 575193 1 13 1 11 -1 -1 0022000002000002002000000000020000000000210000000010000000100000000012000000000010000000001020000000000100000000100010102 1
1 0 510623 575193 15 11 9 13 -1 -1 0202000002000002002000000000020000000000210000000010000000100000000012000000000010000000001020000000000100000000100010102 1
2 0 510623 570337 1 11 9 7 -1 -1 0202000002000002002000000000020000000000210000000010000000100000000012100000000010000000001020000000000100000000100010002 1
1 0 504397 570337 14 12 14 10 -1 -1 0002000002000002002000000000020000000000210000000010000000100000000212100000000010000000001020000000000100000000100010002 1
2 0 504397 565979 11 13 12 12 -1 -1 0002000002000002002000000000020000000000210000000010000000100000000212100000000010000000001020000000000100000000100100002 1
1 0 498140 565979 13 11 13 9 -1 -1 0002000002000002002000000000020000000000210000000010000000100000000212100000000010000000001000000000000120000000100100002 1
2 0 498140 561452 9 11 10 10 -1 -1 0002000002000002002000000000020000000000210000000010000000100000000212100000000010000000001000000000000120000001000100002 1
1 0 492130 561452 9 9 8 10 -1 -1 0002000002000002002000000000020000000000210000000010000000100000000210100000000210000000001000000000000120000001000100002 1
2 0 492130 556149 9 7 13 11 -1 -1 0002000002000002002000000000020000000000210000000010000000110000000200100000000210000000001000000000000120000001000100002 1
1 0 486201 556149 14 10 12 8 -1 -1 0002000002000002002000000000020000000000210000000010000000110000000000100000000210000000001000000000000120000001200100002 1
2 0 486201 551213 4 10 5 11 -1 -1 0002000002000002002000000000020000000000210000000010000000110000000000100000000210000000001000000000001120000001200000002 1
1 0 480334 551213 13 9 9 9 -1 -1 0002000002000000002000000000220000000000210000000010000000110000000000100000000210000000001000000000001120000001200000002 1
2 0 480334 545028 5 11 9 11 -1 -1 0002000002000000002000000000220000000000210000000010000000110000000010100000000210000000001000000000001120000000200000002 1
1 0 474602 545028 6 14 7 13 -1 -1 0002000002000000002000000000020000000000210000000010000000110000000012100000000210000000001000000000001120000000200000002 1
2 0 474602 541597 5 13 6 14 -1 -1 0002000002000000002000000000020000000000200000000011000000110000000012100000000210000000001000000000001120000000200000002 1
1 0 468938 541597 7 11 8 12 -1 -1 0002000002000000002000000000000000000000220000000011000000110000000012100000000210000000001000000000001120000000200000002 1
2 0 468938 537730 6 12 8 14 -1 -1 0002000002000000002000000000000000000000220000000001000000111000000012100000000210000000001000000000001120000000200000002 1
1 0 463345 537730 9 9 5 13 -1 -1 0002000002000000002000000000000000000000020000000001000000111200000012100000000210000000001000000000001120000000200000002 1
2 0 463345 533132 12 12 13 13 -1 -1 0002000002000000002000000000010000000000020000000001000000111200000002100000000210000000001000000000001120000000200000002 1
1 0 457926 533132 12 8 11 7 -1 -1 0002000002000000002000000000010000000000020000000001000000111200000002100000000210000000001000000000001100000000220000002 1
2 0 457926 526855 10 10 14 14 -1 -1 0002000002000000002000000000010000000000020000000001000000111200000002100000000210000000011000000000000100000000220000002 1
1 0 452619 526855 7 13 5 11 -1 -1 0002000002000000002000000000010000000000020000000001000000111200000002100000000010000000011000000000000100000000220002002 1
2 0 452619 522436 4 16 5 15 -1 -1 0002000002000000002000000000110000000000020000000000000000111200000002100000000010000000011000000000000100000000220002002 1
1 0 447746 522436 12 10 10 8 -1 -1 0002000002000000000000000000112000000000020000000000000000111200000002100000000010000000011000000000000100000000220002002 1
2 0 447746 520180 3 15 4 14 -1 -1 0002000002000000000000000000112000000000020000000000000000111200000002100000001010000000011000000000000000000000220002002 1
1 0 442910 520180 5 13 3 15 -1 -1 0002000000000000020000000000112000000000020000000000000000111200000002100000001010000000011000000000000000000000220002002 1
2 0 442910 516583 4 14 6 16 -1 -1 0002000001000000020000000000102000000000020000000000000000111200000002100000001010000000011000000000000000000000220002002 1
1 0 438326 516583 3 15 2 14 -1 -1 0002000001000000000000000000102000000000022000000000000000111200000002100000001010000000011000000000000000000000220002002 1
2 0 438326 513795 5 15 9 15 -1 -1 0002010000000000000000000000102000000000022000000000000000111200000002100000001010000000011000000000000000000000220002002 1
1 0 433765 513795 11 7 7 11 -1 -1 0002010000000000000000000000100000000000022000000000000000111200000002120000001010000000011000000000000000000000220002002 1
2 0 433765 508975 6 16 7 15 -1 -1 0002010000000000000000000000100000000000022000000010000000111200000002120000001010000000001000000000000000000000220002002 1
1 0 429525 508975 11 9 5 15 -1 -1 0002010000000000000000000000100000000000020000000010200000111200000002120000001010000000001000000000000000000000220002002 1
2 0 429525 504132 9 11 11 13 -1 -1 0002010000000000000000000000101000000000020000000010200000111200000002120000001010000000000000000000000000000000220002002 1
1 0 425216 504132 10 8 9 9 -1 -1 0002010000000000000000000000101000000000020000000010200000111200000000120000001010000000000020000000000000000000220002002 1
2 0 425216 498344 6 14 14 10 -1 -1 0002010000000000000000000000101000000000020000000010200000111200000010120000000010000000000020000000000000000000220002002 1
1 0 421388 498344 8 8 4 16 -1 -1 0002010000000000000000000000101000000000000000000010200000111200000010120000000010000000000020000000000000000000220202002 1
2 0 421388 493357 11 13 12 14 -1 -1 0002010000000000001000000000101000000000000000000010200000011200000010120000000010000000000020000000000000000000220202002 1
1 0 417846 493357 9 9 9 11 -1 -1 0002010000000000001000000000101000000000000000000010200000011200000010120000000010000000000000000000000002000000220202002 1
2 0 417846 490690 7 15 8 16 -1 -1 0002010000000000001000000000101000000000000000000010200000011200000001120000000010000000000000000000000002000000220202002 1
1 0 414424 490690 2 14 2 12 -1 -1 0002010000000000001000000000101000000000000000000010000000011220000001120000000010000000000000000000000002000000220202002 1
2 0 414424 486971 8 16 10 14 -1 -1 0002100000000000001000000000101000000000000000000010000000011220000001120000000010000000000000000000000002000000220202002 1
1 0 411145 486971 5 15 5 17 -1 -1 0002100000000000001000000000101000000000000000000010000000011200000001120000000012000000000000000000000002000000220202002 1
2 0 411145 484402 9 15 15 13 -1 -1 0002100000000000001000000000100100000000000000000010000000011200000001120000000012000000000000000000000002000000220202002 1
1 0 408018 484402 8 10 4 10 -1 -1 0002100000000000001000000000100100000000000000000010000000011200000001100000000012000000000000000000000002000000220202022 1
2 0 408018 481784 8 14 9 15 -1 -1 0002100000000001001000000000100100000000000000000010000000001200000001100000000012000000000000000000000002000000220202022 1
1 0 405129 481784 5 11 1 11 -1 -1 0002100000000001001000000000100100000000000000000010000000001000000001120000000012000000000000000000000002000000220202022 1
2 0 405129 480756 2 10 3 9 -1 -1 0102100000000001001000000000000100000000000000000010000000001000000001120000000012000000000000000000000002000000220202022 1
1 0 402501 480756 9 11 7 13 -1 -1 0100102000000001001000000000000100000000000000000010000000001000000001120000000012000000000000000000000002000000220202022 1
2 0 402501 479510 9 15 13 15 -1 -1 0100102000000001001000000000000100000000000000000011000000001000000000120000000012000000000000000000000002000000220202022 1
1 0 400035 479510 5 17 3 15 -1 -1 0100102000000001001000000000000100000000000000000011000000001000000000100000000012000000000000000000000002000000222202022 1
2 0 400035 478316 10 14 11 13 -1 -1 0100102001000001001000000000000000000000000000000011000000001000000000100000000012000000000000000000000002000000222202022 1
1 0 397682 478316 8 12 6 14 -1 -1 0100102001000001001000000000000000000000000000000011000000001000000000100000000010000000000020000000000002000000222202022 1
2 0 397682 476538 11 13 12 12 -1 -1 0100102001000001001000000000000000000000010000000011000000000000000000100000000010000000000020000000000002000000222202022 1
1 0 395444 476538 4 16 0 12 -1 -1 0100102001000001001000000000000000000000010000000011000000000000000000100000000010000000000000000000000022000000222202022 1
2 0 395444 474742 12 14 14 12 -1 -1 1100102001000001000000000000000000000000010000000011000000000000000000100000000010000000000000000000000022000000222202022 1
1 0 393451 474742 10 12 8 14 -1 -1 1100102001000001000000000000000000000000010000000011000000000000000000100000000010000000000000000000000020000000222222022 1
2 0 393451 473269 13 13 15 11 -1 -1 1100102001000001000000000000000000000000010000000011000000000100000000100000000000000000000000000000000020000000222222022 1
1 0 391568 473269 4 10 4 12 -1 -1 1100102001000001000000000000000000000000010000000011000000000100000000100000000000000000000000000000000020000000202222222 1
2 0 391568 472692 3 9 3 11 -1 -1 1100102001000000100000000000000000000000010000000011000000000100000000100000000000000000000000000000000020000000202222222 1
1 0 389706 472692 9 13 5 13 -1 -1 1100100201000000100000000000000000000000010000000011000000000100000000100000000000000000000000000000000020000000202222222 1
2 0 389706 471978 12 12 13 13 -1 -1 1100100201000000100000000000010000000000010000000011000000000100000000000000000000000000000000000000000020000000202222222 1
1 0 387905 471978 8 14 4 10 -1 -1 1100100201000000100000000000010000000000010000000011000000000100000000000000000000000000000000000000000000000000222222222 1
2 0 387905 471600 3 11 5 9 -1 -1 1100100201000001100000000000010000000000010000000011000000000000000000000000000000000000000000000000000000000000222222222 1
1 0 386247 471600 4 12 3 13 -1 -1 1100100001000001100000000002010000000000010000000011000000000000000000000000000000000000000000000000000000000000222222222 1
2 0 386247 471164 5 9 5 11 -1 -1 1100100011000001000000000002010000000000010000000011000000000000000000000000000000000000000000000000000000000000222222222 1
1 0 384595 471164 7 11 6 12 -1 -1 1100100011000001000000000000210000000000010000000011000000000000000000000000000000000000000000000000000000000000222222222 1
2 0 384595 470837 5 11 6 10 -1 -1 1100100011000001000000000000210000000000110000000001000000000000000000000000000000000000000000000000000000000000222222222 1
1 0 383065 470837 2 12 1 13 -1 -1 1100100011000001000000000000010000000002110000000001000000000000000000000000000000000000000000000000000000000000222222222 1
2 0 383065 470536 6 10 7 11 -1 -1 1110000011000001000000000000010000000002110000000001000000000000000000000000000000000000000000000000000000000000222222222 1
1 0 381730 470536 7 13 3 9 -1 -1 1110000011000001000000000000010000000000110000000021000000000000000000000000000000000000000000000000000000000000222222222 1
2 0 381730 470113 7 11 8 12 -1 -1 1110001011000001000000000000010000000000110000000020000000000000000000000000000000000000000000000000000000000000222222222 1
1 0 380546 470113 4 10 3 11 -1 -1 1110001011000001000000000000010000000000110000000000000000002000000000000000000000000000000000000000000000000000222222222 1
2 0 380546 469882 8 12 9 13 -1 -1 1110001111000000000000000000010000000000110000000000000000002000000000000000000000000000000000000000000000000000222222222 1
1 0 379543 469882 6 12 2 12 -1 -1 1110001111000000000000000000010000000000110000000000000000000000000000200000000000000000000000000000000000000000222222222 1
2 0 379543 469695 9 13 10 12 -1 -1 1110101111000000000000000000010000000000010000000000000000000000000000200000000000000000000000000000000000000000222222222 1
1 0 378700 469695 6 14 2 14 -1 -1 1110101111000000000000000000010000000000010000000000000000000000000000000000000020000000000000000000000000000000222222222 1
2 0 378700 469614 10 12 11 13 -1 -1 1110111111000000000000000000010000000000000000000000000000000000000000000000000020000000000000000000000000000000222222222 1
1 0 378114 469614 5 13 4 12 -1 -1 1110111111000000000000000000010000000000000000000000000000000000000000000000000000000000000020000000000000000000222222222 1
2 0 378114 469575 11 13 12 12 -1 -1 1110111111000000100000000000000000000000000000000000000000000000000000000000000000000000000020000000000000000000222222222 1
1 0 377991 469575 4 12 2 10 -1 -1 1110111111000000100000000000000000000000000000000000000000000000000000000000000000000000000000000000000020000000222222222 1
