1322288513000
kingfish
progamers
1 0 599819 600000 14 10 12 12 -1 -1 2222222222000000000000000000000000000000000000000000000000000000000000000000000000000000000000000000000000000001111111111 2
2 0 599819 599481 3 9 4 10 -1 -1 2222222222000000000000000000000000000000000000000000000000000000000000000000000000000000000000000000000010000001111011111 2
1 0 599817 599481 16 12 12 8 -1 -1 2222220222000002000000000000000000000000000000000000000000000000000000000000000000000000000000000000000010000001111011111 2
2 0 599817 598477 1 11 5 11 -1 -1 2222220222000002000000000000000000000000000000000000000000000000000000000000000000000000000000000000001010000001111011110 2
1 0 599816 598477 13 13 11 11 -1 -1 2022220222000002000000000000200000000000000000000000000000000000000000000000000000000000000000000000001010000001111011110 2
2 0 599816 595748 2 14 6 10 -1 -1 2022220222000002000000000000200000000000000000000000000000000000000000000000000000000000000100000000001010000001101011110 2
1 0 599815 595748 14 12 10 12 -1 -1 2022200222000002000000000000200000000002000000000000000000000000000000000000000000000000000100000000001010000001101011110 2
2 0 599815 595586 3 11 5 13 -1 -1 2022200222000002000000000000200000000002000000000000000000000000000000000000000010000000000100000000001010000001101001110 2
1 0 599814 595586 13 11 9 11 -1 -1 2022200022000002000000000000220000000002000000000000000000000000000000000000000010000000000100000000001010000001101001110 2
2 0 599814 595264 0 12 6 14 -1 -1 2022200022000002000000000000220000000002000000000000000000000000000001000000000010000000000100000000001010000001001001110 2
1 0 599638 595264 12 12 8 12 -1 -1 0022200022000002000000000000220000000002020000000000000000000000000001000000000010000000000100000000001010000001001001110 2
2 0 599638 594742 1 13 9 9 -1 -1 0022200022000002000000000000220000000002020000000000000000001000000001000000000010000000000100000000001000000001001001110 2
1 0 592788 594742 11 11 3 11 -1 -1 0002200022000002000000000000220000000002020000000000000000001000000021000000000010000000000100000000001000000001001001110 2
2 0 592788 594111 2 12 6 12 -1 -1 0002200122000002000000000000220000000002020000000000000000001000000021000000000010000000000000000000001000000001001001110 2
1 0 589616 594111 9 11 5 15 -1 -1 0002000122000002000000000000220000000002220000000000000000001000000021000000000010000000000000000000001000000001001001110 2
2 0 589616 593507 5 11 11 13 -1 -1 0002000122000002000000000000221000000002220000000000000000001000000020000000000010000000000000000000001000000001001001110 2
1 0 587648 593507 5 15 1 11 -1 -1 0002000122000002000000000000021000000002220000000000000000001000000020000000000010000000000020000000001000000001001001110 2
2 0 587648 593056 3 13 9 11 -1 -1 0102000122000002000000000000020000000002220000000000000000001000000020000000000010000000000020000000001000000001001001110 2
1 0 583405 593056 10 12 8 14 -1 -1 0102000102000002000000000000020000000002220000000000000000001000000022000000000010000000000020000000001000000001001001110 2
2 0 583405 592464 5 13 9 13 -1 -1 0102000102000002000000000000020000000002220000000000000000001100000022000000000000000000000020000000001000000001001001110 2
1 0 576145 592464 13 9 11 7 -1 -1 0102000102000002000000000000000000000002220000000000000000001100000022200000000000000000000020000000001000000001001001110 2
2 0 576145 592184 2 10 3 9 -1 -1 0102000102000002000000000000000000000002220000000000000000001100000022200000000000000000010020000000001000000000001001110 2
1 0 571496 592184 12 8 10 6 -1 -1 0100002102000002000000000000000000000002220000000000000000001100000022200000000000000000010020000000001000000000001001110 2
2 0 571496 591886 3 9 7 9 -1 -1 0100002102000002000000000000000000000002220000000000000000001100000022200000010000000000010020000000000000000000001001110 2
1 0 566550 591886 8 14 6 8 -1 -1 0100000102000002000000000000000000000002220000000200000000001100000022200000010000000000010020000000000000000000001001110 2
2 0 566550 591089 6 10 7 11 -1 -1 0100000102000002000000000000000000000012220000000200000000001000000022200000010000000000010020000000000000000000001001110 2
1 0 562047 591089 8 12 6 10 -1 -1 0100000102000002000000000000000000000010220000000220000000001000000022200000010000000000010020000000000000000000001001110 2
2 0 562047 590073 6 12 10 12 -1 -1 0100000102000002000000000000000000000011220000000220000000000000000022200000010000000000010020000000000000000000001001110 2
1 0 554108 590073 11 7 10 8 -1 -1 0100000102000002000000000000000000000011020000000220000000000000000022200000010020000000010020000000000000000000001001110 2
2 0 554108 588654 7 11 8 12 -1 -1 0100000102000002000000000000000000000011020000000220000000000000000022200000011020000000000020000000000000000000001001110 2
1 0 549531 588654 10 8 9 7 -1 -1 0100000102000002000000000000000000000011020000000200000000002000000022200000011020000000000020000000000000000000001001110 2
2 0 549531 587920 8 12 12 12 -1 -1 0100000102000002000000000000000000000011020000000200000000002000000122200000010020000000000020000000000000000000001001110 2
1 0 545913 587920 6 10 5 11 -1 -1 0100000102000002000000000000000000000011020000000200000000000000000122200000010020000000000020000000000020000000001001110 2
2 0 545913 586683 7 9 8 8 -1 -1 0100000102000002000000000000100000000010020000000200000000000000000122200000010020000000000020000000000020000000001001110 2
1 0 543164 586683 5 11 5 9 -1 -1 0100000102000002000000000000100000000010020000000000000000200000000122200000010020000000000020000000000020000000001001110 2
2 0 543164 585850 4 10 5 11 -1 -1 0100000102000002000000000001000000000010020000000000000000200000000122200000010020000000000020000000000020000000001001110 2
1 0 541214 585850 9 7 5 7 -1 -1 0100000102000000000000000001200000000010020000000000000000200000000122200000010020000000000020000000000020000000001001110 2
2 0 541214 585231 8 8 10 10 -1 -1 0100000102000000000000000011200000000010020000000000000000200000000022200000010020000000000020000000000020000000001001110 2
1 0 538902 585231 14 14 13 13 -1 -1 0100000102000000000000000011200000000010020000000000000000000000000022200000010220000000000020000000000020000000001001110 2
2 0 538902 584554 9 9 11 11 -1 -1 0100000102000000000000000011200000000010020000000000000000000000000022200000010220000000000020000000000020000000011000110 2
1 0 537187 584554 6 8 2 12 -1 -1 0100000102000000000000000011200000000010020000000000000000000000000002200000010220000000000220000000000020000000011000110 2
2 0 537187 583566 3 15 2 14 -1 -1 0100100102000000000000000011200000000000020000000000000000000000000002200000010220000000000220000000000020000000011000110 2
1 0 534674 583566 5 9 4 8 -1 -1 0100120100000000000000000011200000000000020000000000000000000000000002200000010220000000000220000000000020000000011000110 2
2 0 534674 583463 2 14 6 10 -1 -1 0100120100000010000000000010200000000000020000000000000000000000000002200000010220000000000220000000000020000000011000110 2
1 0 532526 583463 5 7 3 13 -1 -1 0100100100000010000000000010200000000002020000000000000000000000000002200000010220000000000220000000000020000000011000110 2
2 0 532526 582572 5 11 7 9 -1 -1 0100100110000010000000000000200000000002020000000000000000000000000002200000010220000000000220000000000020000000011000110 2
1 0 530287 582572 4 8 3 9 -1 -1 0100100110000010000000000000000000000002020000000200000000000000000002200000010220000000000220000000000020000000011000110 2
2 0 530287 582104 7 9 7 11 -1 -1 0100101110000000000000000000000000000002020000000200000000000000000002200000010220000000000220000000000020000000011000110 2
1 0 527867 582104 15 13 14 12 -1 -1 0100101110000000000000000000000000000002020000000020000000000000000002200000010220000000000220000000000020000000011000110 2
2 0 527867 581781 6 10 10 14 -1 -1 0100101110000000000000000000000000000002020000000020000000000000000002200000010220000000000220000000000020000000011010100 2
1 0 525457 581781 14 12 12 14 -1 -1 0100101110000000000000000000000000000000020000000020000000000000000002200000010222000000000220000000000020000000011010100 2
2 0 525457 581549 9 13 11 15 -1 -1 0100101110000000000000000000000000000000020000000020000000000000000002200000010222000000000220000000000021000000011000100 2
1 0 523076 581549 13 15 13 11 -1 -1 0100101110000000000000000000000000000000020000000020000000000000000002000000010222000000000222000000000021000000011000100 2
2 0 523076 580809 12 12 16 12 -1 -1 0100101110000000000000000000000000000000020000000020000000000000000002000000010222000000000222000000000021000000110000100 2
1 0 518710 580809 15 11 14 10 -1 -1 0100101110000000000000000000000000000000020000000020000000000000000002000000010222000000000222000000000001000000110000102 2
2 0 518710 579644 10 10 12 12 -1 -1 0100101110000000000000000000000000000000020000000020000000000000000002000000010222000000000222000000000001000000110100002 2
1 0 515178 579644 14 10 13 9 -1 -1 0100101110000000000000000000000000000000020000000020000000000000000002000000010022000000000222000000000021000000110100002 2
2 0 515178 579464 7 11 7 13 -1 -1 0100101110000000000000000000000000000000020000000020000000000000000002000000010022000000000222000000000021000001110000002 2
1 0 513181 579464 13 9 12 8 -1 -1 0100101110000000000000000000000000000000020000000002000000000000000002000000010022000000000222000000000021000001110000002 2
2 0 513181 579216 12 12 14 14 -1 -1 0100101110000000000000000000000000000000020000000002000000000000000002000000010022000000000222000000001021000000110000002 2
1 0 510133 579216 12 14 12 12 -1 -1 0100101110000000000000000000000000000000020000000002000000000000000002000000010022000000000222000000001001000000110002002 2
2 0 510133 579063 6 14 10 10 -1 -1 0100101110000000000000000000000000000000020000000002000000000000000002000000010022000000000222000000001010000000110002002 2
1 0 508744 579063 13 13 9 5 -1 -1 0100101110000000000000000000000000000000000000000002000000000000000002000000010222000000000222000000001010000000110002002 2
2 0 508744 578443 10 12 14 12 -1 -1 0100101110000000000000000000000000000000000000000002000000000000001002000000010222000000000222000000001010000000100002002 2
1 0 506074 578443 10 6 8 4 -1 -1 0100101110000000000000000000000000000000000000000002000000000000001002000000010202000000000222000000001010000000100022002 2
2 0 506074 577700 11 11 15 11 -1 -1 0100101110000000000000000000000000000000000000000002000010000000001002000000000202000000000222000000001010000000100022002 2
1 0 504310 577700 13 11 13 13 -1 -1 0100101110000000000000000000000000000000000000000002000010000000001002000000000202000000000022000000001010000000100022202 2
2 0 504310 575334 11 13 11 11 -1 -1 0100101110000000000000000000000000000000000000000002000010000000001002000000000202000000000022000000001010000000010022202 2
1 0 502417 575334 12 8 11 9 -1 -1 0100101110000000000000000000000000000000000000000002000010000000001002000000000202000000000202000000001010000000010022202 2
2 0 502417 574745 10 14 10 12 -1 -1 0100101110000000000000000000000000000000000000000002000010000000001002000000000202000000001202000000000010000000010022202 2
1 0 500603 574745 12 12 11 13 -1 -1 0100101110000000000000000000000000000000000000000002000010000000001002000000000220000000001202000000000010000000010022202 2
2 0 500603 574179 7 13 8 12 -1 -1 0100101110000000000000000000000000000000000000000002000010000000001002000000000220000000001212000000000000000000010022202 2
1 0 499395 574179 9 5 7 3 -1 -1 0100101110000000000000000000000000000000000000000000000010002000001002000000000220000000001212000000000000000000010022202 2
2 0 499395 573712 10 10 12 12 -1 -1 0100101110000000000000000000000000000000000000100000000010002000000002000000000220000000001212000000000000000000010022202 2
1 0 497214 573712 11 9 10 10 -1 -1 0100101110000000000000000000000000000000000000100000000010002000000002000000000020000000001212000000000020000000010022202 2
2 0 497214 573563 8 12 9 13 -1 -1 0100101110000000000000000000000000000000000000100000000010002000000002000000000120000000000212000000000020000000010022202 2
1 0 495403 573563 10 10 8 12 -1 -1 0100101110000000000000000000000000000000000000100000000010000000000002200000000120000000000212000000000020000000010022202 2
2 0 495403 573427 11 11 12 10 -1 -1 0100101110000000000000000000000000000000000000100000000010001000000002200000000020000000000212000000000020000000010022202 2
1 0 492617 573427 13 13 11 11 -1 -1 0100101110000000000000000000000000000000000000100000000010001000000002200000000020000000000012000000000220000000010022202 2
2 0 492617 573278 9 11 10 10 -1 -1 0100101110000000000000000000000000000000000000100000000010001000000002200000000020000000000112000000000220000000000022202 2
1 0 489854 573278 8 4 6 2 -1 -1 0100101110000000000000000000000000000000000000100000000010001000000000200000000220000000000112000000000220000000000022202 2
2 0 489854 573122 9 13 9 11 -1 -1 0100101110000000000000000000000000010000000000100000000000001000000000200000000220000000000112000000000220000000000022202 2
1 0 486797 573122 7 3 5 1 -1 -1 0100101110000000000000000000000000010000000000100000000000001000000002000000000220000000000112000000000220000000000022202 2
2 0 486797 572957 9 11 15 13 -1 -1 0100101110000000000000010000000000010000000000000000000000001000000002000000000220000000000112000000000220000000000022202 2
1 0 484481 572957 11 11 7 11 -1 -1 0100101110000000000000010000000000010000000000000000000000001000000000000000000220000000000112000000000220000000000022222 2
2 0 484481 572734 11 15 13 13 -1 -1 0100101110000000000000010000000000010000000000000010000000001000000000000000000220000000000012000000000220000000000022222 2
1 0 480501 572734 11 13 7 9 -1 -1 0100101110000000000000010000000000010000000000000010000000001000000000000000000220000000000010000000000220000000020022222 2
2 0 480501 572605 10 12 11 11 -1 -1 0100101110000000000000010000000000010000000000000110000000001000000000000000000220000000000000000000000220000000020022222 2
1 0 478720 572605 7 9 6 10 -1 -1 0100101110000000000000010000000000010000000000000110000000001000000000000000000200000000000200000000000220000000020022222 2
2 0 478720 572495 12 12 13 11 -1 -1 0100101110000000000000010000000000010001000000000010000000001000000000000000000200000000000200000000000220000000020022222 2
1 0 477848 572495 6 2 4 0 -1 -1 0100101110000000000000010000000000010001000000000010000000001000000000000000000200000000000200000000000200000000220022222 2
2 0 477848 572367 10 10 14 10 -1 -1 0100101110100000000000010000000000000001000000000010000000001000000000000000000200000000000200000000000200000000220022222 2
1 0 477280 572367 5 1 4 2 -1 -1 0100101110100000000000010000000000000001000000000010000000001000000000000000000000000000000200000000000200000000220222222 2
2 0 477280 572313 11 11 13 9 -1 -1 0100101110110000000000000000000000000001000000000010000000001000000000000000000000000000000200000000000200000000220222222 2
1 0 476526 572313 6 10 5 9 -1 -1 0100101110110000000000000000000000000001000000000010000000001000000000000000000000000000000000000000000200000002220222222 2
2 0 476526 572311 13 11 13 15 -1 -1 0100101110110000000000000001000000000000000000000010000000001000000000000000000000000000000000000000000200000002220222222 2
1 0 476312 572311 8 12 0 12 -1 -1 0100101110110000000000000001000000000000000000000010000000001000000000000000000000000000000000000000000200000002022222222 2
2 0 476312 572310 12 10 13 11 -1 -1 1100101110110000000000000001000000000000000000000010000000000000000000000000000000000000000000000000000200000002022222222 2
