1322294395000
brogrammers
kingfish
1 0 599913 600000 14 12 10 16 11 15 2222222222000000000000000000000000000000000000000000000000000000000000000000000000000000000000000000000000000001111111111 2
2 0 599913 599909 2 10 4 12 -1 -1 2222222222000000000000000000000000000000000000000000000000000000000000000000000000100000000003000000000000000001111101111 2
1 0 599911 599909 14 14 10 14 5 9 2220222222000000200000000000000000000000000000000000000000000000000000000000000000100000000003000000000000000001111101111 2
2 0 599911 599908 0 12 4 8 -1 -1 2220222222000000200000000003000000000000000000000000000000000000000000000000000001100000000003000000000000000001111100111 2
1 0 599910 599908 16 12 12 16 -1 -1 0220222222000020200000000003000000000000000000000000000000000000000000000000000001100000000003000000000000000001111100111 2
2 0 599910 599907 2 12 4 10 -1 -1 0220222222000020200000000003000000000000000000000000000000000000000000000000000001100000000003000000000000100001111100110 2
1 0 599909 599907 13 15 9 15 -1 -1 0220022222000022200000000003000000000000000000000000000000000000000000000000000001100000000003000000000000100001111100110 2
2 0 599909 599906 3 9 5 11 -1 -1 0220022222000022200000000003000000000000000000000000000000000000000000010000000001100000000003000000000000100001110100110 2
1 0 599908 599906 14 10 12 8 -1 -1 0220020222000022200000000003200000000000000000000000000000000000000000010000000001100000000003000000000000100001110100110 2
2 0 599908 599905 4 10 6 12 -1 -1 0220020222000022200000000003200000000000000000000000000000000000000000010000000001100000000003000000001000100001110000110 2
1 0 599907 599905 13 9 11 7 -1 -1 0220020222000020200000000003200000000000200000000000000000000000000000010000000001100000000003000000001000100001110000110 2
2 0 599907 599712 3 11 7 11 -1 -1 0220020222000020200000000003200000000000200000000000000000000000000000010000000001100000010003000000001000100000110000110 2
1 0 599906 599712 13 11 11 17 -1 -1 0220020022000020200000000003200000000000200000000020000000000000000000010000000001100000010003000000001000100000110000110 2
2 0 599906 599711 4 8 8 12 -1 -1 0220020022000020200000000003200000000000200000000020000000000000000000010000000001100000010003100000001000100000010000110 2
1 0 599905 599711 12 16 10 18 -1 -1 0220020022000000200000000003200000000000200000000020000000002000000000010000000001100000010003100000001000100000010000110 2
2 0 599905 593501 5 11 9 11 -1 -1 0220020022000000200000000003200000000000200000000020000000002000000000010000000001110000010003100000001000000000010000110 2
1 0 599903 593501 12 8 10 6 -1 -1 0220020022000000200000000003000000000000200000000020000000002000000002010000000001110000010003100000001000000000010000110 2
2 0 599903 586988 7 11 11 19 -1 -1 0220020022000000200000000003000000000000200000000020000000002000000002010000010001110000010003100000000000000000010000110 2
1 0 599902 586988 11 17 9 19 -1 -1 0220020022000000200000000003000000000000200000000000000000002000000002010000010001110000010003120000000000000000010000110 2
2 0 599902 582363 3 15 9 9 -1 -1 0220020022000000200000000003000000000000200000000000000000002000000002010100010001110000010003020000000000000000010000110 2
1 0 599901 582363 11 7 9 5 -1 -1 0220020020000000200000000003000000000000200000000000000000002000000022010100010001110000010003020000000000000000010000110 2
2 0 599901 577930 1 13 7 11 -1 -1 0220020020000000200000000003000000000000200000000000000000002000001022010100010001110000000003020000000000000000010000110 2
1 0 599900 577930 10 6 8 4 -1 -1 0200020020000000200000000003000000000000200000000020000000002000001022010100010001110000000003020000000000000000010000110 2
2 0 599900 570622 9 11 10 10 -1 -1 0200020020000000200000000003000000000000200000000020000010002000001022010100000001110000000003020000000000000000010000110 2
1 0 599898 570622 10 16 8 14 -1 -1 0200020020000000200000000003000000000000200000000020000010002000001020010100000201110000000003020000000000000000010000110 2
2 0 599898 562596 3 13 11 9 -1 -1 0200020020000000200000000003000000000000200000000020000010002100001020010100000201010000000003020000000000000000010000110 2
1 0 599897 562596 9 15 3 13 -1 -1 0200020000000000200000000003000000000000200000000020000010002100001020010100000201010000002003020000000000000000010000110 2
2 0 599897 554770 6 12 12 10 -1 -1 0200020010000000200000000003000000000000200000000020000010002100001020000100000201010000002003020000000000000000010000110 2
1 0 599896 554770 10 18 8 20 -1 -1 0200020010000000200000000003000000000000000000000020000010002100001020000100000201010000002003020000000200000000010000110 2
2 0 599896 548299 9 9 13 9 -1 -1 0200020010000000200000000003000000000000000000000020000010002100101020000100000201000000002003020000000200000000010000110 2
1 0 599896 548299 8 14 6 12 -1 -1 0200020010000000200000000003000000000000000000000020000010002100101000000100000201000000002003020000000200000002010000110 2
2 0 599896 544215 4 12 5 11 -1 -1 0200020010000000200000000003000000000000100000000020000010002000101000000100000201000000002003020000000200000002010000110 2
1 0 599895 544215 6 12 4 10 -1 -1 0200020010000000000000000003200000000000100000000020000010002000101000000100000201000000002003020000000200000002010000110 2
2 0 599895 537979 10 10 14 10 -1 -1 0200020010000001000000000003200000000000000000000020000010002000101000000100000201000000002003020000000200000002010000110 2
1 0 599894 537979 15 13 14 14 -1 -1 0200020010000001000000000003200000000000000000000020000010002000101000000100000001000000002003020000000200000002010200110 2
2 0 599894 533801 2 14 6 10 -1 -1 0200020010000001000000000003200000000000000000000020000010002000101000000100000001000000002003020000000200000002010201100 2
1 0 599893 533801 14 14 10 10 -1 -1 0200000010000001000000000003200000000002000000000020000010002000101000000100000001000000002003020000000200000002010201100 2
2 0 599893 525452 11 9 13 11 -1 -1 0200000010000001000000000003200000000002000000000020000010002000101000000100000101000000002003020000000200000002010200100 2
1 0 599892 525452 15 11 14 12 -1 -1 0200000010000001000000000003200000000002000000000020000010002000101000000100000101000000000003020000000200000002210200100 2
2 0 599892 519670 5 11 11 9 -1 -1 0200000010000001000000000003200000000002000000000020000010002000101000000100000101000000000003020000000200000002210210000 2
1 0 599891 519670 14 12 10 12 -1 -1 0200000010000001000000000003000000000002000000000020000010002000101000000100000101000000002003020000000200000002210210000 2
2 0 599891 515482 6 10 7 9 -1 -1 0200000010000001000000000003000000000002000000000020000010002000101000000100000111000000002003020000000200000002210200000 2
1 0 599890 515482 13 13 12 12 -1 -1 0200000010000001000000000003000000000000000000000220000010002000101000000100000111000000002003020000000200000002210200000 2
2 0 599890 506857 7 11 13 13 -1 -1 0200000010000001000000000003000000000000000000000220000010002000101000000100000111000000002003020000000210000002200200000 2
1 0 599889 506857 12 12 11 11 -1 -1 0200000010000001000000000003000000000000000000000200000010002000101000000100000111000000002003020000000210000002220200000 2
2 0 599889 502433 8 12 8 10 -1 -1 0200000010000001000000000003000000000000000000000200000010002000101000000100000111000000002103020000000200000002220200000 2
1 0 599888 502433 11 11 7 11 -1 -1 0200000010000001000000000003000000000000000000000200000010020000101000000100000111000000002103020000000200000002220200000 2
2 0 599888 496374 7 9 11 13 -1 -1 0200000010000001000000000003000000000000000000000210000010020000101000000100000111000000002003020000000200000002220200000 2
1 0 599887 496374 10 14 9 15 -1 -1 0200000010000001000000000003000000000000000000000010000010020000101000000100000111000000002023020000000200000002220200000 2
2 0 599887 490518 1 11 2 12 -1 -1 0200000010000001000000000003000000000000000000000010000010020000101000010100000110000000002023020000000200000002220200000 2
1 0 599886 490518 10 12 8 14 -1 -1 0000200010000001000000000003000000000000000000000010000010020000101000010100000110000000002023020000000200000002220200000 2
2 0 599886 482914 8 10 8 12 -1 -1 0000200010000001000000000003000000000000000000000010000010020100101000010100000100000000002023020000000200000002220200000 2
1 0 599885 482914 10 10 8 16 -1 -1 0000200010000001000000000003000000000000000000000010000010002100101000010100000100000000002023020000000200000002220200000 2
2 0 599885 471761 2 12 4 14 -1 -1 0000200010000001000000000003000000000000000000000010000010002110101000010100000000000000002023020000000200000002220200000 2
1 0 599884 471761 9 15 7 9 -1 -1 0000000010000001020000000003000000000000000000000010000010002110101000010100000000000000002023020000000200000002220200000 2
2 0 599884 466919 4 14 4 12 -1 -1 0000000010000001020000000003000000000000000000000110000010002110101000000100000000000000002023020000000200000002220200000 2
1 0 599884 466919 8 14 6 8 -1 -1 0000000010000001200000000003000000000000000000000110000010002110101000000100000000000000002023020000000200000002220200000 2
2 0 599884 461817 4 12 8 8 -1 -1 0000000010000001200000000003000000000010000000000110000010002010101000000100000000000000002023020000000200000002220200000 2
1 0 599883 461817 7 9 3 9 -1 -1 0000000010000001000000000003000000000010000000000110000010202010101000000100000000000000002023020000000200000002220200000 2
2 0 599883 458511 8 8 8 10 -1 -1 0000001010000001000000000003000000000010000000000010000010202010101000000100000000000000002023020000000200000002220200000 2
1 0 599882 458511 9 5 7 3 -1 -1 0000001010000001000000000003000000000010000000000010000010022010101000000100000000000000002023020000000200000002220200000 2
2 0 599882 456371 8 10 9 11 -1 -1 0000001010000001000000000003000000000010000000100010000010022010100000000100000000000000002023020000000200000002220200000 2
1 0 599881 456371 9 19 8 18 -1 -1 0000001010000001000000000003000000000010000000100010000010002010100002000100000000000000002023020000000200000002220200000 2
2 0 599881 452283 8 12 14 14 -1 -1 0000001010000001000000000003000000000010000000100010000010002011100002000000000000000000002023020000000200000002220200000 2
1 0 599880 452283 8 16 7 17 -1 -1 0000001010000001000000000003000000000010000000100010000010000011100002000000000000000000002023020000000200000002220202000 2
2 0 599880 449346 9 11 10 12 -1 -1 0000001010000001000000000003000000000010000000100010010010000001100002000000000000000000002023020000000200000002220202000 2
1 0 599879 449346 8 18 6 16 -1 -1 0000001010000001000000000003000000000010000000100010010010000001100000000000000020000000002023020000000200000002220202000 2
2 0 599879 446431 10 12 14 12 -1 -1 0000001010000001000000000003000000000010001000100010010010000000100000000000000020000000002023020000000200000002220202000 2
1 0 599879 446431 7 17 5 15 -1 -1 0000001010000001000000000003000000000010001000100010010010000000100000000000000000000000002023020000000200000002220222000 2
2 0 599879 444956 11 13 12 12 -1 -1 0000001010000001000000000003001000000010001000100010000010000000100000000000000000000000002023020000000200000002220222000 2
1 0 599878 444956 6 16 2 12 -1 -1 0000001010000001000000000003001000000010001000100010000010000000100000000000000000000000002003020000000220000002220222000 2
2 0 599878 442716 11 19 12 18 -1 -1 0000101010000001000000000003001000000010000000100010000010000000100000000000000000000000002003020000000220000002220222000 2
1 0 599878 442716 3 13 1 11 -1 -1 0000101010000001000000000003001000000010000000100010000010000000100000000000000000000000002003000000000220020002220222000 2
2 0 599878 441943 11 9 12 8 -1 -1 0100101000000001000000000003001000000010000000100010000010000000100000000000000000000000002003000000000220020002220222000 2
1 0 599877 441943 8 20 7 19 -1 -1 0100101000000001000000000003001000000010000000100010000010000000100000000000000000000000000003000000002220020002220222000 2
2 0 599877 440602 12 18 12 16 -1 -1 0100101000000001000000000003001000000010000000100010001010000000000000000000000000000000000003000000002220020002220222000 2
1 0 599876 440602 8 4 7 5 -1 -1 0100101000000001000000000003001000000010000000100010001010000000000000000000000000000000000003000000002220200002220222000 2
2 0 599876 438728 12 16 13 15 -1 -1 0100101000000001000000000003001000000010000000110010001000000000000000000000000000000000000003000000002220200002220222000 2
1 0 599876 438728 7 19 6 18 -1 -1 0100101000000001000000000003001000000010000000110010001000000000000000000000000000000000000003000000002220000002222222000 2
2 0 599876 437262 13 9 15 11 -1 -1 0100101000000001000000000003001000000010000100110010000000000000000000000000000000000000000003000000002220000002222222000 2
1 0 599875 437262 7 3 7 7 -1 -1 0100101000000001000000000003001000000010000100110010000000000000000000000000000000000000000003000000002220000000222222200 2
2 0 599875 436559 12 8 13 9 -1 -1 0100101000000001000000000003001000000010000100011010000000000000000000000000000000000000000003000000002220000000222222200 2
1 0 599875 436559 7 5 5 11 -1 -1 0100101000000001000000000003001000000010000100011010000000000000000000000000000000000000000003000000000220000002222222200 2
2 0 599875 435431 13 15 15 13 -1 -1 0100101000000001000000000003101000000010000100001010000000000000000000000000000000000000000003000000000220000002222222200 2
1 0 599875 435431 7 7 6 6 -1 -1 0100101000000001000000000003101000000010000100001010000000000000000000000000000000000000000003000000000220000002220222220 2
2 0 599875 434901 14 10 16 12 -1 -1 0100101000000001000000000003101000000110000100000010000000000000000000000000000000000000000003000000000220000002220222220 2
1 0 599875 434901 6 6 0 12 -1 -1 0100101000000001000000000003101000000110000100000010000000000000000000000000000000000000000003000000000220000002220022222 2
2 0 599875 434208 12 12 14 10 -1 -1 1100101000000001000000000003101000000010000100000010000000000000000000000000000000000000000003000000000220000002220022222 2
1 0 599875 434208 7 11 6 12 -1 -1 1100101000000001000000000003101000000010000100000010000000000000000000000000000000000000000003000000000200000002220222222 2
2 0 599875 433938 12 10 12 12 -1 -1 1100101000000001000000000003101000000010100100000000000000000000000000000000000000000000000003000000000200000002220222222 2
1 0 599874 433938 6 12 5 13 -1 -1 1100101000000001000000000003101000000010100100000000000000000000000000000000000000000000000003000000000020000002220222222 2
2 0 599874 433572 14 14 13 15 -1 -1 1100101000000001000000000003111000000010000100000000000000000000000000000000000000000000000003000000000020000002220222222 2
1 0 599874 433572 6 18 5 17 -1 -1 1100101000000001000000000003111000000010000100000000000000000000000000000000000000000000000003000000000020000002222220222 2
2 0 599874 433116 12 12 14 14 -1 -1 1100101000000001000000000003111100000010000000000000000000000000000000000000000000000000000003000000000020000002222220222 2
