1322293263000
deepred
kingfish
1 0 -61 600000 14 14 12 16 10 12 2222222222000000000000000000000000000000000000000000000000000000000000000000000000000000000000000000000000000001111111111 2
2 0 -61 599914 2 10 4 12 -1 -1 2222222222000000000000000000000000000000000000000000000000000000000000000000000030000000000000000000000000100001111110111 2
1 0 -61 599914 16 12 12 12 -1 -1 2220222222000000200000000000000000000000000000000000000000000000000000000000000030000000000000000000000000100001111110111 2
2 0 -61 599912 0 12 4 8 -1 -1 2220222222000000200000000000000000000000000000000000000000000000000000000000000030000000000000000000000010100001111110110 2
1 0 -61 599912 14 12 10 16 11 15 0220222222000020200000000000000000000000000000000000000000000000000000000000000030000000000000000000000010100001111110110 2
2 0 -61 599903 2 12 4 10 -1 -1 0220222222000020200000000000000000000000000000000000000000000000000000000000000030100000000003000000000010100001111100110 2
1 0 -61 599903 13 11 9 15 -1 -1 0220022222000022200000000000000000000000000000000000000000000000000000000000000030100000000003000000000010100001111100110 2
2 0 -61 599902 3 9 5 11 -1 -1 0220022222000022200000000000000000000000000000000000000000000000000000010000000030100000000003000000000010100001011100110 2
1 0 -61 599902 13 15 9 11 -1 -1 0220020222000022200000000000200000000000000000000000000000000000000000010000000030100000000003000000000010100001011100110 2
2 0 -61 599901 4 10 6 12 -1 -1 0220020222000022200000000000200000000000000000000000000000000000000001010000000030100000000003000000000010100001010100110 2
1 0 -61 599901 13 13 9 17 -1 -1 0220020222000020200000000000200000000000200000000000000000000000000001010000000030100000000003000000000010100001010100110 2
2 0 -61 599718 3 11 7 11 -1 -1 0220020222000020200000000000200000000000200000000000000000000000000001011000000030100000000003000000000010100001000100110 2
1 0 -61 599718 12 16 6 14 -1 -1 0220020022000020200000000000200000000000200000000020000000000000000001011000000030100000000003000000000010100001000100110 2
2 0 -61 591206 4 12 12 16 -1 -1 0220020022000020200000000000200000000000210000000020000000000000000001011000000030100000000003000000000010000001000100110 2
1 0 -61 591206 14 10 12 8 -1 -1 0220020022000020000000000000200000000000210000000020000000000000000001011000000030100000000003000000000010200001000100110 2
2 0 -61 585660 2 14 10 18 -1 -1 0220020022000020000000000000200000000000210000000020000000000000000001011000000030100000000003000000001010200001000000110 2
1 0 -61 585660 6 14 0 12 -1 -1 0220000022000020000000000000200000000000210000000020000000000000000001011000000030120000000003000000001010200001000000110 2
2 0 -61 580414 1 13 2 14 -1 -1 1220000022000020000000000000200000000000200000000020000000000000000001011000000030120000000003000000001010200001000000110 2
1 0 -61 580414 13 9 11 7 -1 -1 1200020022000020000000000000200000000000200000000020000000000000000001011000000030120000000003000000001010200001000000110 2
2 0 -61 575480 12 16 13 15 -1 -1 1200020022000020000000000000200000000000200000000020000000000000000001011000000030120000010003000000001010200000000000110 2
1 0 -61 575480 12 8 10 6 -1 -1 1200020022000020000000000000200000000000200000000020000000000000000001011000000030120000010003000000001010000000002000110 2
2 0 -61 570374 2 14 16 12 -1 -1 1200020022000020000000000000200000000000200000000020000000000000000001011000010030120000010003000000000010000000002000110 2
1 0 -61 570374 11 7 9 5 -1 -1 1200000022000020000000000000200000000000200000000020000000000000000001011000010030120000010003000000000010000000002000112 2
2 0 -61 565123 3 15 2 14 -1 -1 1200000022000020000000000000200000000000200000000020000000000000001001011000010030120000000003000000000010000000002000112 2
1 0 -61 565123 10 6 8 4 -1 -1 1200020020000020000000000000200000000000200000000020000000000000001001011000010030120000000003000000000010000000002000112 2
2 0 -61 560801 2 14 14 14 -1 -1 1200020020000020000000000000200000000000200000000020000010000000001001011000000030120000000003000000000010000000002000112 2
1 0 -61 560801 10 16 8 18 -1 -1 1200000020000020000000000000200000000000200000000020000010000000001001011000000030120000000003000000000010000000002002112 2
2 0 -61 554888 3 13 4 12 -1 -1 1200000020000020000000000000200000000000200000000020000010000001001001011000000030020000000003000000000010000000002002112 2
1 0 -61 554888 9 15 7 17 -1 -1 1200000000000020200000000000200000000000200000000020000010000001001001011000000030020000000003000000000010000000002002112 2
2 0 -61 549957 4 12 12 16 -1 -1 1200000000000020200000000000200000000000200000000020010010000001001001001000000030020000000003000000000010000000002002112 2
1 0 -61 549957 9 17 7 19 -1 -1 1200000000000020000000000000200000000000200000000020010010000001001001001000000030020000000003000000000010200000002002112 2
2 0 -61 545299 6 12 8 10 -1 -1 1200000000000020000000000000200000000000200000000020011010000001001001000000000030020000000003000000000010200000002002112 2
1 0 -61 545299 9 11 7 9 -1 -1 1200000000000020000000000000200000000000000000000020011010020001001001000000000030020000000003000000000010200000002002112 2
2 0 -61 540757 7 11 9 9 -1 -1 1200000000000020000000000000200000000000000000000120011010020001001000000000000030020000000003000000000010200000002002112 2
1 0 -61 540757 8 18 6 16 -1 -1 1200000000000020000000000000200000000000000000000100011010020001001020000000000030020000000003000000000010200000002002112 2
2 0 -61 537100 8 10 9 11 -1 -1 1200000000000020000000000000200000000000001000000100011010020000001020000000000030020000000003000000000010200000002002112 2
1 0 -61 537100 7 17 5 15 -1 -1 1200000000000020000000000000200000000000001000000100011010000000001022000000000030020000000003000000000010200000002002112 2
2 0 -61 534113 9 9 13 13 -1 -1 1200000000000020000000000000201000000000001000000100001010000000001022000000000030020000000003000000000010200000002002112 2
1 0 -61 534113 6 16 4 14 -1 -1 1200000000000020000000000000201000000000001000000100001010000000001002000000000030020000000003000000000010200000022002112 2
2 0 -61 532400 9 11 13 11 -1 -1 1200000000000020010000000000201000000000000000000100001010000000001002000000000030020000000003000000000010200000022002112 2
1 0 -61 532400 5 15 3 13 -1 -1 1200000000000020010000000000201000000000000000000100001010000000001000000000000030020000000003000000000010200000222002112 2
2 0 -61 530989 4 8 5 9 -1 -1 1200000010000020010000000000200000000000000000000100001010000000001000000000000030020000000003000000000010200000222002112 2
1 0 -61 530989 4 14 2 12 -1 -1 1200000010000000010000000002200000000000000000000100001010000000001000000000000030020000000003000000000010200000222002112 2
2 0 -61 529772 1 11 2 10 -1 -1 1200100010000000000000000002200000000000000000000100001010000000001000000000000030020000000003000000000010200000222002112 2
1 0 -61 529772 3 13 1 11 -1 -1 1002100010000000000000000002200000000000000000000100001010000000001000000000000030020000000003000000000010200000222002112 2
2 0 -61 528739 2 10 3 11 -1 -1 1102100000000000000000000002200000000000000000000100001010000000001000000000000030020000000003000000000010200000222002112 2
1 0 -61 528739 15 13 14 12 -1 -1 1100100200000000000000000002200000000000000000000100001010000000001000000000000030020000000003000000000010200000222002112 2
2 0 -61 527472 3 11 4 10 -1 -1 1100100200000000000000000002200000000000000000000100001010000000001000000000000030020000000003000000000010200000222012102 2
1 0 -61 527472 14 12 10 20 -1 -1 1100100000000002000000000002200000000000000000000100001010000000001000000000000030020000000003000000000010200000222012102 2
2 0 -61 525557 4 10 8 10 -1 -1 1100100000000002000000000002200000000000000000000100001010000000001000000000000030021000000003000000000010200000222002102 2
1 0 -61 525557 15 11 14 10 -1 -1 1100100000000000000000000002200000000000000000000100001010020000001000000000000030021000000003000000000010200000222002102 2
2 0 -61 523226 5 11 6 10 -1 -1 1100100000000000000000000002200000000000000000000100001010020000001000000000000030021000000003000000000010200000222102002 2
1 0 -61 523226 7 9 5 11 -1 -1 1100100000000000000000000002000000000002000000000100001010020000001000000000000030021000000003000000000010200000222102002 2
2 0 -61 520902 10 18 10 16 -1 -1 1100100000000000000000000002100000000002000000000000001010020000001000000000000030021000000003000000000010200000222102002 2
1 0 -61 520902 14 10 13 9 -1 -1 1100100000000000000000000002100000000002000000000000001010020000001000000000000030201000000003000000000010200000222102002 2
2 0 -61 519233 5 9 9 9 -1 -1 1100100000000000000000000002100000000002000000000000001010020000001000000000000030201000000003000000000010200001222002002 2
1 0 -61 519233 13 9 12 10 -1 -1 1100100000000000000000000000100000000002000000000000001010020000001020000000000030201000000003000000000010200001222002002 2
2 0 -61 516999 6 10 7 9 -1 -1 1100100000000000000000000000100000000002000000000000001010020000001020000000000030201000000003000000000110200000222002002 2
1 0 -61 516999 12 10 11 11 -1 -1 1100100000000000000000000000100000000000000000000200001010020000001020000000000030201000000003000000000110200000222002002 2
2 0 -61 514155 7 9 11 9 -1 -1 1100100000000000000000000000100000000000000000000200001010020000001020000000000030201000000103000000000010200000222002002 2
1 0 -61 514155 12 12 8 8 -1 -1 1100100000000000000000000000100000000000000000000000001010020000001020000000000030201000002103000000000010200000222002002 2
2 0 -61 511536 8 10 12 10 -1 -1 1100100000000000000000000000100000000000000000000000001010120000001020000000000030201000002103000000000000200000222002002 2
1 0 -61 511536 11 11 9 13 -1 -1 1100100000000000000000000000100000000000000000000000001010100000001020000000000030201000002103000000000200200000222002002 2
2 0 -61 509397 9 9 10 10 -1 -1 1100100000000000000000000000100000000000000000000000001010100000001020100000000030201000002003000000000200200000222002002 2
1 0 -61 509397 9 13 7 7 -1 -1 1100100000000000000000000000100000000000000000000000001010100000001000100000000230201000002003000000000200200000222002002 2
2 0 -61 507112 10 16 14 12 -1 -1 1100100000000000000000000000100000000000000000001000001010100000001000000000000230201000002003000000000200200000222002002 2
1 0 -61 507112 8 8 6 6 -1 -1 1100100000000000000000000000100000000000000000001000001010100000001000000000000230001000002003000000000200200000222022002 2
2 0 -61 505214 10 10 14 10 -1 -1 1100100000000000000000000000100000000100000000001000001010000000001000000000000230001000002003000000000200200000222022002 2
1 0 -61 505214 10 20 9 19 -1 -1 1100100000000000000000000000100000000100000000001000001010000000001000000000000030001000002003000000000200200000222222002 2
2 0 -61 503708 12 10 13 9 -1 -1 1100100000000000000000000000100000000100000000001000001010000000001000000100000030000000002003000000000200200000222222002 2
1 0 -61 503708 9 19 8 18 -1 -1 1100100000000000000000000000100000000100000000001000001010000000001000000100000030000000002003000000000000200002222222002 2
2 0 -61 503077 11 9 12 10 -1 -1 1100100000000000000000000000100000000100000000001000001010000001001000000000000030000000002003000000000000200002222222002 2
1 0 -61 503077 9 5 7 3 -1 -1 1100100000000000000000000000100000000100000000001000001010000001001000000000000030000000000003000000000200200002222222002 2
2 0 -61 502486 13 9 15 11 -1 -1 1100100000000000000000000000100000000100000000101000001010000001000000000000000030000000000003000000000200200002222222002 2
1 0 -61 502486 8 18 7 17 -1 -1 1100100000000000000000000000100000000100000000101000001010000001000000000000000030000000000003000000000200200000222222202 2
2 0 -61 501929 13 15 15 13 -1 -1 1100100000000000000000000000100000000100000000101000011010000000000000000000000030000000000003000000000200200000222222202 2
1 0 -61 501929 8 4 7 5 -1 -1 1100100000000000000000000000100000000100000000101000011010000000000000000000000030000000000003000000000200200000220222222 2
2 0 -61 501492 12 10 13 9 -1 -1 1100100000000000000000000000100000000100000000111000011000000000000000000000000030000000000003000000000200200000220222222 2
1 0 -61 501492 7 5 5 7 -1 -1 1100100000000000000000000000100000000100000000111000011000000000000000000000000030000000000003000000000000200002220222222 2
2 0 -61 501320 12 16 13 15 -1 -1 1100100000000000000000000010100000000100000000101000011000000000000000000000000030000000000003000000000000200002220222222 2
