1322295232000
kingfish
artificialwintelligence
1 0 599828 600000 14 10 12 12 -1 -1 2222222222000000000000000000000000000000000000000000000000000000000000000000000000000000000000000000000000000001111111111 1
2 0 599828 599603 2 12 4 14 -1 -1 2222222222000000000000000000000000000000000000000000000000000000000000000000000000000000000000000000000010000001111011111 1
1 0 599827 599603 16 12 12 8 -1 -1 2222022222000000020000000000000000000000000000000000000000000000000000000000000000000000000000000000000010000001111011111 1
2 0 599827 599000 3 13 5 15 -1 -1 2222022222000000020000000000000000000000000000000000000000000000000000000000000000000000000000000000001010000001111011110 1
1 0 599826 599000 13 13 11 11 -1 -1 2222022202000000020000000000002000000000000000000000000000000000000000000000000000000000000000000000001010000001111011110 1
2 0 599826 597994 2 10 4 16 -1 -1 2222022202000000020000000000002000000000000000000000000000000000000000000000000000000000000100000000001010000001101011110 1
1 0 599825 597994 14 12 10 12 -1 -1 2220022202000000022000000000002000000000000000000000000000000000000000000000000000000000000100000000001010000001101011110 1
2 0 599825 596878 4 14 6 16 -1 -1 2220022202000000022000000000002000000000000000000000000000000000000000000000000010000000000100000000001010000001101001110 1
1 0 599824 596878 13 11 9 11 -1 -1 2220022202000000002000000000002000000000002000000000000000000000000000000000000010000000000100000000001010000001101001110 1
2 0 599824 595497 3 15 7 15 -1 -1 2220022202000000002000000000002000000000002000000000000000000000000001000000000010000000000100000000001010000001001001110 1
1 0 599624 595497 12 12 8 12 -1 -1 2220022200000000002000000000002000000000002000000000200000000000000001000000000010000000000100000000001010000001001001110 1
2 0 599624 593510 0 12 4 8 -1 -1 2220022200000000002000000000002000000000002000000000200000001000000001000000000010000000000100000000001000000001001001110 1
1 0 599623 593510 11 11 7 11 -1 -1 0220022200000020002000000000002000000000002000000000200000001000000001000000000010000000000100000000001000000001001001110 1
2 0 599623 591825 7 15 8 16 -1 -1 0220022200000020002000000000002000000000002000000010200000001000000001000000000010000000000000000000001000000001001001110 1
1 0 599622 591825 10 12 6 12 -1 -1 0220022200000020002000000000002000000000002000000010000000001020000001000000000010000000000000000000001000000001001001110 1
2 0 599622 588365 1 13 9 17 -1 -1 0220022200000020002000000000002000000000102000000010000000001020000001000000000000000000000000000000001000000001001001110 1
1 0 599621 588365 9 11 5 11 -1 -1 0200022200000020002000000000002000000000102000000010000000001020000001002000000000000000000000000000001000000001001001110 1
2 0 599621 584611 1 11 2 10 -1 -1 0200022200000020002000000000102000000000102000000010000000001020000000002000000000000000000000000000001000000001001001110 1
1 0 594252 584611 7 11 1 13 -1 -1 0002022200000020002000000000102000000000102000000010000000001020000000002000000000000000000000000000001000000001001001110 1
2 0 594252 582557 5 15 9 15 -1 -1 0012022200000020002000000000102000000000102000000000000000001020000000002000000000000000000000000000001000000001001001110 1
1 0 591333 582557 6 12 2 12 -1 -1 0012022200000020002000000000100000000000102000000000000000001020000000022000000000000000000000000000001000000001001001110 1
2 0 591333 580769 2 10 6 10 -1 -1 0012122200000020002000000000100000000000002000000000000000001020000000022000000000000000000000000000001000000001001001110 1
1 0 587265 580769 13 9 11 7 -1 -1 0010122200000020002000000000100000000002002000000000000000001020000000022000000000000000000000000000001000000001001001110 1
2 0 587265 579205 2 14 3 15 -1 -1 0010122200000020002000000000100000000002002000000000000000001020000000022000000000000000010000000000001000000000001001110 1
1 0 581294 579205 12 8 10 6 -1 -1 0010102202000020002000000000100000000002002000000000000000001020000000022000000000000000010000000000001000000000001001110 1
2 0 581294 577447 9 17 10 16 -1 -1 0010102202000020002000000000100000000002002000000000000000001020000000022000010000000000010000000000000000000000001001110 1
1 0 577813 577447 11 7 9 5 -1 -1 0010102202000020002000000000100000000002002000000000000000001020000000020000010000200000010000000000000000000000001001110 1
2 0 577813 575843 3 15 11 15 -1 -1 0010102202000020002000000000100000000002002000000000000000001020001000020000010000200000000000000000000000000000001001110 1
1 0 573945 575843 14 14 10 14 -1 -1 0010102200000020002000000000100000000002002000000000000000001020001000020000010000200000000002000000000000000000001001110 1
2 0 573945 572519 6 10 6 8 -1 -1 0010102200000020002000000000100000000002002000000000000000001020001000020000010001200000000002000000000000000000001000110 1
1 0 568703 572519 9 5 9 7 -1 -1 0010102200000020002000000000100000000020002000000000000000001020001000020000010001200000000002000000000000000000001000110 1
2 0 568703 571351 3 9 7 9 -1 -1 0010102200000020002000000000100000000020002000000000000000001020000100020000010001200000000002000000000000000000001000110 1
1 0 559104 571351 10 6 0 12 -1 -1 0010100200000020002000000000100000000020002000000200000000001020000100020000010001200000000002000000000000000000001000110 1
2 0 559104 569296 3 11 4 10 -1 -1 1010100200000020002000000000100000000020002000000200000000001020000100020000000001200000000002000000000000000000001000110 1
1 0 554438 569296 5 11 3 9 -1 -1 1010100000000022002000000000100000000020002000000200000000001020000100020000000001200000000002000000000000000000001000110 1
2 0 554438 566029 4 10 5 9 -1 -1 1010101000000022002000000000000000000020002000000200000000001020000100020000000001200000000002000000000000000000001000110 1
1 0 548226 566029 9 7 8 8 -1 -1 1010101000000020002000000002000000000020002000000200000000001020000100020000000001200000000002000000000000000000001000110 1
2 0 548226 564027 5 9 9 9 -1 -1 1010101000000020002000000002000000000020002000000200000000101020000000020000000001200000000002000000000000000000001000110 1
1 0 542873 564027 8 8 6 10 -1 -1 1010101000000020002000000000000000000020002000000200000000101020000020020000000001200000000002000000000000000000001000110 1
2 0 542873 561315 6 8 10 8 -1 -1 1010101000000020002000000000000000000021002000000200000000001020000020020000000001200000000002000000000000000000001000110 1
1 0 535938 561315 15 13 14 14 -1 -1 1010101000000020002000000000000000000001002000000200000000001020000020020000002001200000000002000000000000000000001000110 1
2 0 535938 559213 4 16 5 17 -1 -1 1010101000000020002000000000000000000001002000000200000000001020000020020000002001200000000002000000000000000000001001100 1
1 0 530229 559213 14 14 12 16 -1 -1 1010101000000020000000000000000200000001002000000200000000001020000020020000002001200000000002000000000000000000001001100 1
2 0 530229 557072 4 8 5 7 -1 -1 1010101000000020000000000000000200000001002000000200000000001020000020020000002001200000000002000000000000100000001000100 1
1 0 522525 557072 13 15 11 13 -1 -1 1010101000000000000000000020000200000001002000000200000000001020000020020000002001200000000002000000000000100000001000100 1
2 0 522525 554845 9 15 13 15 -1 -1 1010101000000000000000000020000200000001002000000200000000001020000020020000002001200000000012000000000000100000000000100 1
1 0 513795 554845 11 13 5 15 -1 -1 1010101000000000000000000020000200000001002000000200000000001020000020000000002001200000000012000000000000100000002000100 1
2 0 513795 553234 5 7 6 8 -1 -1 1010101000000000000000000020001200000001002000000200000000001020000020000000002001200000000002000000000000100000002000100 1
1 0 508330 553234 5 15 4 14 -1 -1 1010101000000000000000000000001200000021002000000200000000001020000020000000002001200000000002000000000000100000002000100 1
2 0 508330 551551 5 17 9 17 -1 -1 1010101000000000010000000000000200000021002000000200000000001020000020000000002001200000000002000000000000100000002000100 1
1 0 499483 551551 10 14 9 13 -1 -1 1010101000000000010000000000000000000021002000000200000000001020000020002000002001200000000002000000000000100000002000100 1
2 0 499483 547298 6 8 10 12 -1 -1 1010101000000000010000000000000000000021002000000200000000001020000020102000002000200000000002000000000000100000002000100 1
1 0 487273 547298 4 14 3 13 -1 -1 1010101000000000010000000000000000000001002000000200000000001020000020102000002020200000000002000000000000100000002000100 1
2 0 487273 543419 6 16 7 17 -1 -1 1010101010000000000000000000000000000001002000000200000000001020000020102000002020200000000002000000000000100000002000100 1
1 0 477436 543419 6 10 5 11 -1 -1 1010101010000000000000000000000000000001000000000200020000001020000020102000002020200000000002000000000000100000002000100 1
2 0 477436 538459 7 17 11 17 -1 -1 1010101010000000000000000000100000000000000000000200020000001020000020102000002020200000000002000000000000100000002000100 1
1 0 468343 538459 12 16 2 14 -1 -1 1010101010000000000000000000100000000000000000000200000000001020000020102000002020200000000002200000000000100000002000100 1
2 0 468343 536071 8 16 14 14 -1 -1 1010111010000000000000000000100000000000000000000200000000001020000020102000002020200000000002200000000000000000002000100 1
1 0 463761 536071 3 9 3 11 -1 -1 1010111010000000000000000000100000000000000000000200000000001000000020102000002020200000000002200000000000000000002002100 1
2 0 463761 534094 7 9 8 8 -1 -1 1010110110000000000000000000100000000000000000000200000000001000000020102000002020200000000002200000000000000000002002100 1
1 0 461345 534094 9 13 7 11 -1 -1 1010110110000000000000000000100000000000000000000000000000201000000020102000002020200000000002200000000000000000002002100 1
2 0 461345 531765 8 8 12 16 -1 -1 1010110110000000000000000000100000000000000000000010000000201000000020002000002020200000000002200000000000000000002002100 1
1 0 459201 531765 8 12 2 10 -1 -1 1010110110000000000000000000100000000000000000000010000000001000000020002000002020200000000002200000000000200000002002100 1
2 0 459201 530628 11 15 12 14 -1 -1 1011110110000000000000000000100000000000000000000010000000000000000020002000002020200000000002200000000000200000002002100 1
1 0 457164 530628 7 11 6 12 -1 -1 1011110110000000000000000000100000000000000000000010000000000000000020002000002020200000000000200000000002200000002002100 1
2 0 457164 529445 9 17 13 13 -1 -1 1011110110000000000000000000100000000000100000000000000000000000000020002000002020200000000000200000000002200000002002100 1
1 0 455693 529445 6 12 4 10 -1 -1 1011110110000000000000000000100000000000100000000000000000000000000020000000002020200000000000200000000002200000022002100 1
2 0 455693 528115 12 14 14 12 -1 -1 1011110110000001000000000000100000000000000000000000000000000000000020000000002020200000000000200000000002200000022002100 1
1 0 454621 528115 5 11 1 11 -1 -1 1011110110000001000000000000100000000000000000000000000000000000000020000000002020200000000000200000000000200000022022100 1
2 0 454621 527462 10 16 12 14 -1 -1 1111110110000001000000000000000000000000000000000000000000000000000020000000002020200000000000200000000000200000022022100 1
1 0 453908 527462 4 10 3 9 -1 -1 1111110110000001000000000000000000000000000000000000000000000000000020000000002020000000000000200000000002200000022022100 1
2 0 453908 527112 10 12 11 11 -1 -1 1111111110000000000000000000000000000000000000000000000000000000000020000000002020000000000000200000000002200000022022100 1
1 0 453173 527112 15 11 14 10 -1 -1 1111111110000000000000000000000000000000000000000000000000000000000020000000002000000000000200200000000002200000022022100 1
2 0 453173 526643 9 9 11 7 -1 -1 1111111110000000000000000000000000000000000000000000000000000000000020000000002000000000000200200000000002200000022122000 1
1 0 452323 526643 14 10 13 11 -1 -1 1111111110000000000000000000000000000000000000000000000000000000000000000000002000000000020200200000000002200000022122000 1
2 0 452323 525813 12 16 14 10 -1 -1 1111111110000000000000000000000000000000000000000000000000000000000000000000002000000000020200200000000002200000122022000 1
1 0 451720 525813 13 11 12 12 -1 -1 1111111110000000000000000000000000000000000000000000000000000000000000000000002000000000020200200000000002000000122222000 1
2 0 451720 525170 12 14 12 10 -1 -1 1111111110000000000000000000000000000000000000000000000000000000000000000000002000000000020200200000000012000000022222000 1
1 0 450660 525170 12 12 10 10 -1 -1 1111111110000000000000000000000000000000000000000000000000000000000000000000002000000000020200200000000210000000022222000 1
2 0 450660 524654 10 8 11 9 -1 -1 1111111110000000000000000000000000000000000000000000000000000000000000000000002100000000020200200000000200000000022222000 1
1 0 449953 524654 10 10 9 11 -1 -1 1111111110000000000000000000000000000000000000000000000000000000000000000000000100000000022200200000000200000000022222000 1
2 0 449953 524009 11 9 15 13 -1 -1 1111111110000000000000000000000000000000000000000000000000000000000001000000000000000000022200200000000200000000022222000 1
1 0 449301 524009 9 11 8 12 -1 -1 1111111110000000000000000000000000000000000000000000000000000000000001000000000000000000020200200000000200000000022222020 1
2 0 449301 523527 11 17 12 16 -1 -1 1111111110000000000000000000000000000000000000000000000000001000000000000000000000000000020200200000000200000000022222020 1
1 0 448718 523527 8 12 7 11 -1 -1 1111111110000000000000000000000000000000000000000000000000001000000000000000000000000000020200000000000200200000022222020 1
2 0 448718 523119 11 7 12 8 -1 -1 1111111110000000000000000000000000000000000000000010000000000000000000000000000000000000020200000000000200200000022222020 1
1 0 448187 523119 7 11 6 12 -1 -1 1111111110000000000000000000000000000000000000000010000000000000000000000000000000000000000200000000002200200000022222020 1
2 0 448187 522591 11 11 15 11 -1 -1 1111111110000000000000000000000000000000100000000000000000000000000000000000000000000000000200000000002200200000022222020 1
1 0 447812 522591 6 12 5 13 -1 -1 1111111110000000000000000000000000000000100000000000000000000000000000000000000000000000000000000000002200200000022222220 1
2 0 447812 522389 14 14 16 12 -1 -1 1111111110000000000000000000010000000000000000000000000000000000000000000000000000000000000000000000002200200000022222220 1
1 0 447462 522389 5 13 4 14 -1 -1 1111111110000000000000000000010000000000000000000000000000000000000000000000000000000000000000000000002200200000022220222 1
2 0 447462 522011 12 10 13 9 -1 -1 1111111110000000010000000000000000000000000000000000000000000000000000000000000000000000000000000000002200200000022220222 1
1 0 447294 522011 4 14 3 15 -1 -1 1111111110000000010000000000000000000000000000000000000000000000000000000000000000000000000000000000002000200002022220222 1
