1322293727000
kingfish
benny
1 0 599804 600000 14 10 12 12 -1 -1 2222222222000000000000000000000000000000000000000000000000000000000000000000000000000000000000000000000000000001111111111 1
2 0 599804 599997 2 14 4 12 11 13 2222222222000000000000000000000000000000000000000000000000000000000000000000000000000000000000000000000010000001111011111 1
1 0 599803 599997 16 12 12 8 -1 -1 2222202222000000200000000000000000000000000000000000000000000000000000000000000000000000000030000000000010000001111011111 1
2 0 599803 599996 0 12 4 16 -1 -1 2222202222000000200000000000000000000000000000000000000000000000000000000000000000000000000030000000001010000001111011110 1
1 0 599803 599996 13 13 11 11 -1 -1 0222202222000000202000000000000000000000000000000000000000000000000000000000000000000000000030000000001010000001111011110 1
2 0 599803 599995 3 15 5 17 -1 -1 0222202222000000202000000000000000000000000000000000000000000000000000000000000000000000000130000000001010000001101011110 1
1 0 599802 599995 14 12 10 12 -1 -1 0222202220000000202000000000000200000000000000000000000000000000000000000000000000000000000130000000001010000001101011110 1
2 0 599802 599994 2 12 6 16 -1 -1 0222202220000000202000000000000200000000000000000000000000000000000000000000000010000000000130000000001010000001101001110 1
1 0 599608 599994 14 14 12 16 -1 -1 0222002220000000202000000000000200000000002000000000000000000000000000000000000010000000000130000000001010000001101001110 1
2 0 599608 599993 5 17 7 15 6 8 0222002220000000202000000000000200000000002000000000000000000000000000000000000010000000000130000000001010100001101000110 1
1 0 599607 599993 12 12 10 10 -1 -1 0222002220000000202000000000000000000030002000000000200000000000000000000000000010000000000130000000001010100001101000110 1
2 0 599607 599992 6 16 8 14 -1 -1 0222002220000000202000000000000000000030002000000000200000000000000000000000000110000000000130000000001000100001101000110 1
1 0 595738 599992 11 11 9 13 -1 -1 0222002220000000202000000000000000000030000000000000200000000200000000000000000110000000000130000000001000100001101000110 1
2 0 595738 599991 3 11 5 17 -1 -1 0222002220000000202000000000000000000030000000000000200000000200000000100000000110000000000030000000001000100001101000110 1
1 0 588093 599991 13 9 12 10 -1 -1 0222002020000000202000000000000200000030000000000000200000000200000000100000000110000000000030000000001000100001101000110 1
2 0 588093 599990 4 16 6 18 -1 -1 0222002020000000202000000000000200000030000000000000200000000200000000100000000110000000000030000000001100100000101000110 1
1 0 577382 599990 12 8 6 14 -1 -1 0222002020000000200000000000000200000030000200000000200000000200000000100000000110000000000030000000001100100000101000110 1
2 0 577382 599989 5 17 7 19 -1 -1 0222002020000000200000000000000200000030010200000000200000000200000000100000000110000000000030000000000100100000101000110 1
1 0 569538 599989 13 11 5 15 -1 -1 0222002020000000200000000000000000000030010200000000202000000200000000100000000110000000000030000000000100100000101000110 1
2 0 569538 599988 6 18 8 20 -1 -1 0222002020000000200000000000001000000030010200000000202000000200000000100000000110000000000030000000000100100000001000110 1
1 0 561403 599988 15 11 14 12 -1 -1 0222002020000000200000000000001000000030010000000000202000000200200000100000000110000000000030000000000100100000001000110 1
2 0 561403 599987 3 13 5 11 -1 -1 0222002020000000200000000000001000000030010000000000202000000200200000100000000110000000000030000000000100100000001010010 1
1 0 555450 599987 15 13 7 13 -1 -1 0222002000000000200000000000201000000030010000000000202000000200200000100000000110000000000030000000000100100000001010010 1
2 0 555450 599979 4 12 6 10 -1 -1 0222002000000000200000000000201000000030010000000001202000000200200000100000000110000000000030000000000100100000001010000 1
1 0 550095 599979 10 10 8 12 -1 -1 0222002000000000000000000000201000000032010000000001202000000200200000100000000110000000000030000000000100100000001010000 1
2 0 550095 599978 5 11 7 9 -1 -1 0222002000000000000000000000201000000032010000000001202000001200200000100000000010000000000030000000000100100000001010000 1
1 0 545602 599978 5 15 4 14 -1 -1 0222002000000000000000000000001000000032010000000201202000001200200000100000000010000000000030000000000100100000001010000 1
2 0 545602 599978 6 10 8 8 -1 -1 0222002000000000010000000000000000000032010000000201202000001200200000100000000010000000000030000000000100100000001010000 1
1 0 537107 599978 13 15 11 17 -1 -1 0222002000000000010000000000000000000030010000000201202000201200200000100000000010000000000030000000000100100000001010000 1
2 0 537107 599977 7 15 9 9 -1 -1 0222002000000000010000000000000000000030010000000201202000201200200000100000000010000000000030100000000100100000000010000 1
1 0 526125 599977 12 10 11 11 -1 -1 0222002000000000010000000000000000000030010000000201002000201200200020100000000010000000000030100000000100100000000010000 1
2 0 526125 599976 8 8 12 12 -1 -1 0222002000000000010000000000000000000030010000000201002000201200200020100000000010000000000130100000000000100000000010000 1
1 0 518456 599976 7 13 3 13 -1 -1 0222002000000000010000000000000000000030010000000201002000001200200020100000000010000000000130100000000020100000000010000 1
2 0 518456 599975 8 14 10 8 -1 -1 0222002010000000010000000000000000000030010000000200002000001200200020100000000010000000000130100000000020100000000010000 1
1 0 507711 599975 8 12 8 14 -1 -1 0222002010000000010000000000000000000030010000000200002000001000200020100000002010000000000130100000000020100000000010000 1
2 0 507711 599974 9 9 11 7 -1 -1 0222002010000000010000000000000000000030010000000200002000000100200020100000002010000000000130100000000020100000000010000 1
1 0 498444 599974 12 16 10 18 -1 -1 0222002010000000010000000000000000000030010000000200002000000100200000100000002010000000020130100000000020100000000010000 1
2 0 498444 599974 2 10 4 16 -1 -1 0222002010000000010000000000000000000030010000000200002000000100200000100000002010010000020130100000000020000000000010000 1
1 0 486785 599974 9 13 3 15 -1 -1 0220002010000000012000000000000000000030010000000200002000000100200000100000002010010000020130100000000020000000000010000 1
2 0 486785 599973 12 12 13 13 -1 -1 0220002011000000012000000000000000000030010000000200002000000100200000000000002010010000020130100000000020000000000010000 1
1 0 482787 599973 11 11 5 13 -1 -1 0220002011000000012000000000000000000030010000000200002000000100200000000000002010010000020130100000000000000000020010000 1
2 0 482787 599972 13 13 15 11 -1 -1 0220002011000000012000000000010000000030010000000200002000000100200000000000002010010000020030100000000000000000020010000 1
1 0 477290 599972 10 18 10 16 -1 -1 0220002011000000012000000000010000000030010000000200002000000100200000000000002010010000020030100000000000000000000010200 1
2 0 477290 599968 15 11 16 12 -1 -1 0220002011000000012000000000010000000030010000000200002000000100200000000000002010100000020030100000000000000000000010200 1
1 0 472745 599968 11 17 5 15 -1 -1 0220002011000000012000000000010000000030010000000200002000000100200000000000002010100000020030100000000000000000000010002 1
2 0 472745 599967 11 7 12 8 -1 -1 0220002011000000012000000000011000000030010000000200002000000100200000000000002010100000020030000000000000000000000010002 1
1 0 469751 599967 10 16 11 15 -1 -1 0220002011000000012000000000011000000030010000000200002000000100200000000000002010100000000030000000002000000000000010002 1
2 0 469751 599966 12 8 13 9 -1 -1 0220002011000000012000000000011000000030010000000200002000000100200000000000002010000000000031000000002000000000000010002 1
1 0 466621 599966 5 13 4 12 -1 -1 0220002011000000012000000000011000000030010000000200002000000100200000000000002010000000000031000000000000000002000010002 1
2 0 466621 599965 13 9 14 10 -1 -1 0220002011000000112000000000001000000030010000000200002000000100200000000000002010000000000031000000000000000002000010002 1
1 0 463246 599965 11 15 3 11 -1 -1 0220002011000000112000000000001000000030010000000200002000000100200000000000002010000000000031000000000000000000000210002 1
2 0 463246 599965 14 10 15 11 -1 -1 0220002111000000112000000000001000000030010000000200002000000100200000000000002010000000000030000000000000000000000210002 1
1 0 459602 599965 10 12 9 13 -1 -1 0220002111000000112000000000001000000030010000000200002000000100200000000000002010000000000030000000000000000000000010202 1
2 0 459602 599965 10 8 11 9 -1 -1 0220002111000000112000000000001000000030010000000200002000000100200000100000002000000000000030000000000000000000000010202 1
1 0 456700 599965 4 12 0 12 -1 -1 0220002111000000112000000000001000000030010000000200002000000100200000100000000000000000002030000000000000000000000010202 1
2 0 456700 599965 11 9 12 10 -1 -1 1220002111000000012000000000001000000030010000000200002000000100200000100000000000000000002030000000000000000000000010202 1
1 0 454153 599965 9 13 5 13 -1 -1 1220002111000000012000000000001000000030010000000200002000000100200000100000000000000000000030000000000200000000000010202 1
2 0 454153 599961 12 10 13 9 -1 -1 1220002111000000012000000000011000000030010000000200002000000100200000000000000000000000000030000000000200000000000010202 1
1 0 452123 599961 6 14 2 14 -1 -1 1220002111000000012000000000011000000030010000000200002000000100200000000000000000000000000030000000000000000002000010202 1
2 0 452123 599961 4 16 6 14 -1 -1 1220012111000000012000000000011000000030000000000200002000000100200000000000000000000000000030000000000000000002000010202 1
1 0 450237 599961 4 14 2 12 -1 -1 1220012111000000010000000000011000000030020000000200002000000100200000000000000000000000000030000000000000000002000010202 1
2 0 450237 599961 13 9 14 10 -1 -1 1220112111000000000000000000011000000030020000000200002000000100200000000000000000000000000030000000000000000002000010202 1
1 0 448816 599961 5 13 4 12 -1 -1 1220112111000000000000000000011000000030020000000200002000000100200000000000000000000000000030000000000000000000000210202 1
2 0 448816 599960 8 20 9 19 -1 -1 1220112111000000100000000000001000000030020000000200002000000100200000000000000000000000000030000000000000000000000210202 1
1 0 447290 599960 4 12 2 10 -1 -1 1220112111000000100000000000001000000030020000000200002000000100000000000200000000000000000030000000000000000000000210202 1
