1322287013000
kingfish
droptable
1 0 599819 600000 14 10 12 12 -1 -1 2222222222000000000000000000000000000000000000000000000000000000000000000000000000000000000000000000000000000001111111111 1
2 0 599819 592956 3 11 4 10 -1 -1 2222222222000000000000000000000000000000000000000000000000000000000000000000000000000000000000000000000010000001111011111 1
1 0 599817 592956 16 12 12 8 -1 -1 2222222022000002000000000000000000000000000000000000000000000000000000000000000000000000000000000000000010000001111011111 1
2 0 599817 586619 3 9 5 11 -1 -1 2222222022000002000000000000000000000000000000000000000000000000000000000000000000000000000000000000001010000001111011110 1
1 0 599813 586619 13 13 11 11 -1 -1 2222220022000002000000000000200000000000000000000000000000000000000000000000000000000000000000000000001010000001111011110 1
2 0 599813 562268 2 10 3 11 -1 -1 2222220022000002000000000000200000000000000000000000000000000000000000000000000000000000000100000000001010000001101011110 1
1 0 599812 562268 14 12 10 12 -1 -1 2220220222000002000000000000200000000000000000000000000000000000000000000000000000000000000100000000001010000001101011110 1
2 0 599812 545319 4 10 6 12 -1 -1 2220220222000002000000000000200000000000000000000000000000000000000000000000000010000000000100000000001010000001101001110 1
1 0 599811 545319 13 11 9 11 -1 -1 2220220222000000000000000000200000000000200000000000000000000000000000000000000010000000000100000000001010000001101001110 1
2 0 599811 532964 0 12 6 14 -1 -1 2220220222000000000000000000200000000000200000000000000000000000000001000000000010000000000100000000001010000001001001110 1
1 0 599638 532964 12 12 8 12 -1 -1 0220220222000000000000000000200000000000220000000000000000000000000001000000000010000000000100000000001010000001001001110 1
2 0 599638 511002 6 12 7 13 -1 -1 0220220222000000000000000000200000000000220000000000000000001000000001000000000010000000000100000000001000000001001001110 1
1 0 598113 511002 11 11 7 11 -1 -1 0220220222000000000000000000200000000000020000000002000000001000000001000000000010000000000100000000001000000001001001110 1
2 0 598113 502910 3 15 4 14 -1 -1 0220220222000000000000000000200000000000020000000012000000001000000001000000000010000000000000000000001000000001001001110 1
1 0 597286 502910 10 12 4 10 -1 -1 0220220220000000020000000000200000000000020000000012000000001000000001000000000010000000000000000000001000000001001001110 1
2 0 597286 488867 3 11 5 9 -1 -1 0220220220000001020000000000200000000000020000000012000000001000000001000000000000000000000000000000001000000001001001110 1
1 0 596662 488867 7 11 3 15 -1 -1 0220220020000001020000000002200000000000020000000012000000001000000001000000000000000000000000000000001000000001001001110 1
2 0 596662 481624 3 13 5 15 -1 -1 0220220021000001020000000002200000000000020000000002000000001000000001000000000000000000000000000000001000000001001001110 1
1 0 595016 481624 9 11 9 13 -1 -1 0220220001000001020000000002202000000000020000000002000000001000000001000000000000000000000000000000001000000001001001110 1
2 0 595016 471698 5 9 7 11 -1 -1 0220220001000001020000000002202000000000020000000002000000001000000000100000000000000000000000000000001000000001001001110 1
1 0 594082 471698 8 12 4 16 -1 -1 0220220001000001020000000000202000000000020000000022000000001000000000100000000000000000000000000000001000000001001001110 1
2 0 594082 451416 1 11 3 13 -1 -1 0220220001000001021000000000202000000000020000000022000000000000000000100000000000000000000000000000001000000001001001110 1
1 0 593400 451416 9 13 8 12 -1 -1 0020220021000001021000000000202000000000020000000022000000000000000000100000000000000000000000000000001000000001001001110 1
2 0 593400 442443 7 11 8 10 -1 -1 0020220021000001021000000000202000000000020000000022000000001000000000000000000000000000000000000000001000000001001001110 1
1 0 593135 442443 4 10 3 9 -1 -1 0020220021000001021000000000202000000000020000000002000000021000000000000000000000000000000000000000001000000001001001110 1
2 0 593135 436961 2 14 4 12 -1 -1 0020221021000000021000000000202000000000020000000002000000021000000000000000000000000000000000000000001000000001001001110 1
1 0 592889 436961 3 9 3 11 -1 -1 0020201021000000221000000000202000000000020000000002000000021000000000000000000000000000000000000000001000000001001001110 1
2 0 592889 429869 4 14 8 14 -1 -1 0020200121000000221000000000202000000000020000000002000000021000000000000000000000000000000000000000001000000001001001110 1
1 0 591194 429869 4 16 0 12 -1 -1 0020200121000000201000000000202000000000020000000002000000021200000000000000000000000000000000000000001000000001001001110 1
2 0 591194 421716 4 12 5 13 -1 -1 1020200121000000200000000000202000000000020000000002000000021200000000000000000000000000000000000000001000000001001001110 1
1 0 589828 421716 13 15 12 14 -1 -1 1020200121000000000000000000222000000000020000000002000000021200000000000000000000000000000000000000001000000001001001110 1
2 0 589828 414386 5 13 9 13 -1 -1 1020200121000000000000000000222000000000020000000002000000021200000000000000000000000000000000000000001001000001000001110 1
1 0 586016 414386 15 13 11 13 -1 -1 1020200121000000000000000000202000000000020000000002000000021200000000200000000000000000000000000000001001000001000001110 1
2 0 586016 408531 2 12 6 12 -1 -1 1020200121000000000000000000202000000000020000000002000000021200000000200000000000000000000010000000001001000001000001100 1
1 0 583587 408531 14 14 14 12 -1 -1 1020000121000000000000000000202000000000220000000002000000021200000000200000000000000000000010000000001001000001000001100 1
2 0 583587 403988 8 14 10 12 -1 -1 1020000121000000000000000000202000000000220000000002000000021200000000200000000000000000000010000000001001000001000010100 1
1 0 577013 403988 15 11 11 11 -1 -1 1020000121000000000000000000202000000000220000000002000000021000000000200000000020000000000010000000001001000001000010100 1
2 0 577013 399578 1 13 2 12 -1 -1 1020000121000000000000000000202000000000220000000002000000021000000000200000000020000000000110000000001001000001000010000 1
1 0 575161 399578 13 9 11 7 -1 -1 1000200121000000000000000000202000000000220000000002000000021000000000200000000020000000000110000000001001000001000010000 1
2 0 575161 391541 8 10 9 9 -1 -1 1000200121000000000000000000202000000000220000000002000000021000000000200000000020000000010110000000001001000000000010000 1
1 0 570875 391541 11 7 10 8 -1 -1 1000200121000000000000000000202000000000220000000002000000001000000020200000000020000000010110000000001001000000000010000 1
2 0 570875 383403 7 13 9 7 -1 -1 1000200121000000000000000000202000000000220000000002000000001000000020200000001020000000000110000000001001000000000010000 1
1 0 567158 383403 11 13 7 13 -1 -1 1000200121000000000000000000202000000000220000000000000000001000000220200000001020000000000110000000001001000000000010000 1
2 0 567158 370684 6 12 8 14 -1 -1 1000200121000000000000000000202000000000220000000001000000001000000220200000001020000000000100000000001001000000000010000 1
1 0 562180 370684 10 8 8 10 -1 -1 1000200121000000000000000000202000000000020000000001000000001200000220200000001020000000000100000000001001000000000010000 1
2 0 562180 363045 10 12 12 6 -1 -1 1000200121000000000000000000202000000000020000000001000000011200000220200000000020000000000100000000001001000000000010000 1
1 0 559933 363045 11 11 11 13 -1 -1 1000200121000000000000000000202000000000020000000001000000011200000220200000000000000000000100000000021001000000000010000 1
2 0 559933 358103 9 7 10 6 -1 -1 1000200121000000000000000000202000000000020000000001000000011200000220200000000000000000000010000000021001000000000010000 1
1 0 558533 358103 12 14 10 12 -1 -1 1000200121000000000000000000202000000000020000000001000000011200000020200000020000000000000010000000021001000000000010000 1
2 0 558533 354022 9 13 11 15 -1 -1 1000200121000000000000000000202000000000020000000001000000011200000020200000020010000000000010000000021000000000000010000 1
1 0 556769 354022 11 13 7 9 -1 -1 1000200121000000000000000000202000000000020000000001000000011200000020000000020010000000000012000000021000000000000010000 1
2 0 556769 349145 10 6 11 7 -1 -1 1000200121000000000000000000202000000000020000000101000000011200000020000000020010000000000002000000021000000000000010000 1
1 0 554450 349145 8 12 2 14 -1 -1 1000200121000000000000000000202000000000020000000101000000011200000020000000000010000000020002000000021000000000000010000 1
2 0 554450 345141 6 14 10 10 -1 -1 1000210121000000000000000000202000000000020000000101000000010200000020000000000010000000020002000000021000000000000010000 1
1 0 551582 345141 12 8 10 6 -1 -1 1000210121000000000000000000202000000000000000000101000000010200000020000000000210000000020002000000021000000000000010000 1
2 0 551582 342515 2 12 6 12 -1 -1 1000210121000000000000000000202000000000000000000101000000010200000020000000010210000000020002000000020000000000000010000 1
1 0 550182 342515 8 10 6 8 -1 -1 1000010121000000000000000000202000000000200000000101000000010200000020000000010210000000020002000000020000000000000010000 1
2 0 550182 340377 9 9 10 8 -1 -1 1000010121000000000000000000202000000010200000000101000000000200000020000000010210000000020002000000020000000000000010000 1
1 0 548831 340377 7 9 5 7 -1 -1 1000010121000000000000000000202000000010200000000101000000000200000000000000012210000000020002000000020000000000000010000 1
2 0 548831 338328 3 13 4 12 -1 -1 1000010121000000000000000010202000000010200000000001000000000200000000000000012210000000020002000000020000000000000010000 1
1 0 547599 338328 5 7 5 9 -1 -1 1000010101000000200000000010202000000010200000000001000000000200000000000000012210000000020002000000020000000000000010000 1
2 0 547599 329352 8 14 9 15 -1 -1 1000010101000000200000000001202000000010200000000001000000000200000000000000012210000000020002000000020000000000000010000 1
1 0 545241 329352 7 13 6 14 -1 -1 1000010101000000200000000001202000000010200000000001000000000000000000020000012210000000020002000000020000000000000010000 1
2 0 545241 327450 5 15 6 16 -1 -1 1000010101000000200000000001202000000010210000000000000000000000000000020000012210000000020002000000020000000000000010000 1
1 0 543034 327450 6 8 2 12 -1 -1 1000010101000000200000000001200000000010212000000000000000000000000000020000012210000000020002000000020000000000000010000 1
2 0 543034 326167 5 11 7 13 -1 -1 1000110101000000200000000001200000000000212000000000000000000000000000020000012210000000020002000000020000000000000010000 1
1 0 539840 326167 6 14 4 8 -1 -1 1000110101000000200000000001000000000000212000000002000000000000000000020000012210000000020002000000020000000000000010000 1
2 0 539840 323372 4 12 5 13 -1 -1 1000110101000010200000000001000000000000202000000002000000000000000000020000012210000000020002000000020000000000000010000 1
1 0 538805 323372 4 8 3 9 -1 -1 1000110101000010000000000001020000000000202000000002000000000000000000020000012210000000020002000000020000000000000010000 1
2 0 538805 320916 5 13 6 14 -1 -1 1000111101000000000000000001020000000000202000000002000000000000000000020000012210000000020002000000020000000000000010000 1
1 0 537496 320916 5 9 4 8 -1 -1 1000111101000000000000000001000000000000222000000002000000000000000000020000012210000000020002000000020000000000000010000 1
2 0 537496 317253 6 12 12 14 -1 -1 1000111101000010000000000000000000000000222000000002000000000000000000020000012210000000020002000000020000000000000010000 1
1 0 535418 317253 4 8 2 10 -1 -1 1000111101000010000000000000000000000000022000000002000000000000000000020000012210000000020002000000020002000000000010000 1
2 0 535418 316418 6 16 10 16 -1 -1 1001111101000000000000000000000000000000022000000002000000000000000000020000012210000000020002000000020002000000000010000 1
1 0 534212 316418 10 12 9 11 -1 -1 1001111101000000000000000000000000000000020000000002000000000000000000020000012210200000020002000000020002000000000010000 1
2 0 534212 315336 9 15 11 13 -1 -1 1001111101000000000000000000000000000000020000000002000000000000000001020000012200200000020002000000020002000000000010000 1
1 0 531858 315336 14 12 13 13 -1 -1 1001111101000000000000000000000000000000020000000002000000000000000001000000012200200000020022000000020002000000000010000 1
2 0 531858 314316 11 13 13 11 -1 -1 1001111101000000000000000000000000000000020000000002000000000000000001000000012200200000020022000000020002000000010000000 1
1 0 529345 314316 10 6 9 7 -1 -1 1001111101000000000000000000000000000000020000000002000000000000000001000000012200200000020002000000020002000000210000000 1
2 0 529345 314043 10 10 11 9 -1 -1 1001111101000000000000000000000000000000020000000002000000000000000101000000002200200000020002000000020002000000210000000 1
1 0 528664 314043 9 11 8 12 -1 -1 1001111101000000000000000000000000000000020000000002000000000000000101000000002000200000022002000000020002000000210000000 1
2 0 528664 313503 10 16 11 17 -1 -1 1001111101000000000000000000000000000000020000000002000000001000000100000000002000200000022002000000020002000000210000000 1
1 0 526951 313503 8 12 7 11 -1 -1 1001111101000000000000000000000000000000020000000002000000001000000100000000002000000000022002200000020002000000210000000 1
2 0 526951 312754 11 17 13 15 -1 -1 1001111101000000000000000000000000000000020000000012000000000000000100000000002000000000022002200000020002000000210000000 1
1 0 526230 312754 7 11 5 13 -1 -1 1001111101000000000000000000000000000000020000000012000000000000000100000000002000000000022002000000020002000000212000000 1
2 0 526230 312340 10 8 14 12 -1 -1 1001111101000000000000000000010000000000020000000002000000000000000100000000002000000000022002000000020002000000212000000 1
1 0 525804 312340 5 13 4 14 -1 -1 1001111101000000000000000000010000000000020000000002000000000000000100000000000000000000022002000000020002000000212020000 1
2 0 525804 311862 7 13 8 14 -1 -1 1001111101000000010000000000000000000000020000000002000000000000000100000000000000000000022002000000020002000000212020000 1
1 0 525050 311862 4 14 3 13 -1 -1 1001111101000000010000000000000000000000020000000000000000000200000100000000000000000000022002000000020002000000212020000 1
2 0 525050 311659 11 9 12 8 -1 -1 1001111111000000000000000000000000000000020000000000000000000200000100000000000000000000022002000000020002000000212020000 1
1 0 524413 311659 9 7 8 8 -1 -1 1001111111000000000000000000000000000000020000000000000000000200000100000000000000000000020002000000022002000000212020000 1
2 0 524413 311241 13 11 14 10 -1 -1 1001111111000000000000000000000000000000020000000000000000100200000000000000000000000000020002000000022002000000212020000 1
1 0 523730 311241 8 8 7 9 -1 -1 1001111111000000000000000000000000000000020000000000000000100200000000000000000000000000020002000000022002000000012220000 1
2 0 523730 310983 11 7 15 11 -1 -1 1001111111000000000000000000000000000000020000000100000000000200000000000000000000000000020002000000022002000000012220000 1
1 0 523376 310983 7 9 6 10 -1 -1 1001111111000000000000000000000000000000020000000100000000000200000000000000000000000000000002000000022002000000012220200 1
2 0 523376 310824 13 15 15 13 -1 -1 1001111111000000000000000000000000000001020000000000000000000200000000000000000000000000000002000000022002000000012220200 1
1 0 522767 310824 6 10 5 11 -1 -1 1001111111000000000000000000000000000001020000000000000000000200000000000000000000000000000002000000022002000000010220220 1
2 0 522767 310700 14 10 16 12 -1 -1 1001111111000000000000000000100000000000020000000000000000000200000000000000000000000000000002000000022002000000010220220 1
1 0 521983 310700 2 10 1 11 -1 -1 1001111111000000000000000000100000000000020000000000000000000200000000000000000000000000000002000000022002000000010020222 1
2 0 521983 310613 6 14 7 13 -1 -1 1100111111000000000000000000100000000000020000000000000000000200000000000000000000000000000002000000022002000000010020222 1
1 0 521509 310613 5 11 4 12 -1 -1 1100111111000000000000000000100000000000000000000002000000000200000000000000000000000000000002000000022002000000010020222 1
2 0 521509 310488 8 14 9 13 -1 -1 1100111111000000100000000000000000000000000000000002000000000200000000000000000000000000000002000000022002000000010020222 1
1 0 521092 310488 4 12 2 10 -1 -1 1100111111000000100000000000000000000000000000000002000000000000000000200000000000000000000002000000022002000000010020222 1
2 0 521092 310427 7 13 8 12 -1 -1 1101111111000000000000000000000000000000000000000002000000000000000000200000000000000000000002000000022002000000010020222 1
1 0 520772 310427 13 13 12 12 -1 -1 1101111111000000000000000000000000000000000000000000000000002000000000200000000000000000000002000000022002000000010020222 1
2 0 520772 310362 12 14 13 15 -1 -1 1101111111000000000000000000000000000000000000000000000000002000000000200000000000000000000002000000022012000000000020222 1
1 0 520447 310362 12 12 11 13 -1 -1 1101111111000000000000000000000000000000000000000000000000002000000000200000000000000000000002000000022010000000002020222 1
2 0 520447 310261 8 12 14 14 -1 -1 1101111111000000000000000000000000000000000000000000000000002000000000200000000000000000000012000000022000000000002020222 1
1 0 520227 310261 11 13 10 14 -1 -1 1101111111000000000000000000000000000000000000000000000000000000000000200000000000000000000012000000022000000000002022222 1
2 0 520227 310242 12 8 13 9 -1 -1 1101111111000000000000000000000000000000000000000000000000000000000000200000000001000000000002000000022000000000002022222 1
1 0 520127 310242 10 14 8 12 -1 -1 1101111111000000000000000000000000000000000000000000000000000000000000200000000001000000000002000000020000000002002022222 1
2 0 520127 310205 11 15 12 14 -1 -1 1101111111000000000000000000000000000000000000000000000000001000000000200000000000000000000002000000020000000002002022222 1
1 0 519977 310205 8 12 7 11 -1 -1 1101111111000000000000000000000000000000000000000000000000001000000000200000000000000000000000000000020002000002002022222 1
2 0 519977 310158 9 13 10 12 -1 -1 1101111111000000000000000000000000000000000000000010000000000000000000200000000000000000000000000000020002000002002022222 1
1 0 519874 310158 7 11 6 12 -1 -1 1101111111000000000000000000000000000000000000000010000000000000000000000000000020000000000000000000020002000002002022222 1
2 0 519874 310119 12 14 13 13 -1 -1 1101111111000000000000000000000000000000100000000000000000000000000000000000000020000000000000000000020002000002002022222 1
1 0 519787 310119 6 12 5 11 -1 -1 1101111111000000000000000000000000000000100000000000000000000000000000000000000020000000000000000000020000000002022022222 1
2 0 519787 310094 10 12 11 13 -1 -1 1101111111000000000000000000100000000000000000000000000000000000000000000000000020000000000000000000020000000002022022222 1
1 0 519655 310094 2 14 1 13 -1 -1 1101111111000000000000000000100000000000000000000000000000000000000000000000000000000000000020000000020000000002022022222 1
2 0 519655 310085 11 13 12 12 -1 -1 1111101111000000000000000000100000000000000000000000000000000000000000000000000000000000000020000000020000000002022022222 1
1 0 519491 310085 5 11 4 12 -1 -1 1111101111000000000000000000100000000000000000000000000000000000000000000000000000000000000000000000020020000002022022222 1
2 0 519491 279092 12 12 13 11 -1 -1 1111101111000000100000000000000000000000000000000000000000000000000000000000000000000000000000000000020020000002022022222 1
1 0 519412 279092 4 12 2 14 -1 -1 1111101111000000100000000000000000000000000000000000000000000000000000000000000000000000000000000000020000000002222022222 1
