1322293943000
kingfish
googolhex
1 0 599813 600000 14 10 12 12 -1 -1 2222222222000000000000000000000000000000000000000000000000000000000000000000000000000000000000000000000000000001111111111 1
2 0 599813 599668 3 13 4 14 -1 -1 2222222222000000000000000000000000000000000000000000000000000000000000000000000000000000000000000000000010000001111011111 1
1 0 599811 599668 16 12 12 8 -1 -1 2222222202000000020000000000000000000000000000000000000000000000000000000000000000000000000000000000000010000001111011111 1
2 0 599811 599011 3 9 5 15 -1 -1 2222222202000000020000000000000000000000000000000000000000000000000000000000000000000000000000000000001010000001111011110 1
1 0 599810 599011 13 13 11 11 -1 -1 2222220202000000020000000000002000000000000000000000000000000000000000000000000000000000000000000000001010000001111011110 1
2 0 599810 597972 5 15 6 16 -1 -1 2222220202000000020000000000002000000000000000000000000000000000000000000000000000000000000100000000001010000001101011110 1
1 0 599809 597972 14 12 10 12 -1 -1 2222220202000000020000000000000000000000002000000000000000000000000000000000000000000000000100000000001010000001101011110 1
2 0 599809 597204 2 10 4 12 -1 -1 2222220202000000020000000000000000000000002000000000000000000000000000000000000010000000000100000000001010000001101001110 1
1 0 599808 597204 13 11 9 11 -1 -1 2220220202000000220000000000000000000000002000000000000000000000000000000000000010000000000100000000001010000001101001110 1
2 0 599808 595736 1 11 5 15 -1 -1 2220220202000000220000000000000000000000002000000000000000000000000001000000000010000000000100000000001010000001001001110 1
1 0 599617 595736 12 12 8 12 -1 -1 2020220202000000220000000000002000000000002000000000000000000000000001000000000010000000000100000000001010000001001001110 1
2 0 599617 593308 3 11 7 15 -1 -1 2020220202000000220000000000002000000000002000000000000000001000000001000000000010000000000100000000001000000001001001110 1
1 0 599616 593308 11 11 7 11 -1 -1 2020220002000000220000000000002000000000002000000000200000001000000001000000000010000000000100000000001000000001001001110 1
2 0 599616 589105 4 12 8 16 -1 -1 2020220002000000220000000000002000000000002000000010200000001000000001000000000010000000000000000000001000000001001001110 1
1 0 599615 589105 10 12 6 12 -1 -1 2020220002000000020000000000002000000000002000000010200000001020000001000000000010000000000000000000001000000001001001110 1
2 0 599615 585460 8 16 9 15 -1 -1 2020220002000000020000000000002000000000102000000010200000001020000001000000000000000000000000000000001000000001001001110 1
1 0 595300 585460 8 12 4 16 -1 -1 2020220002000000020000000000002000000000102000000010200000001000000001020000000000000000000000000000001000000001001001110 1
2 0 595300 583609 9 15 10 16 -1 -1 2020220002000000021000000000002000000000102000000010200000000000000001020000000000000000000000000000001000000001001001110 1
1 0 590381 583609 12 8 11 9 -1 -1 2020220002000000021000000000002000000000102000000010200000000000000001000000000000200000000000000000001000000001001001110 1
2 0 590381 582098 7 15 8 16 -1 -1 2020220002000000021000000000002000000000102000000010200000000000000001000000000000200000001000000000000000000001001001110 1
1 0 586889 582098 14 14 6 10 -1 -1 2020220002000000021000000000002000000000102000000010000000000020000001000000000000200000001000000000000000000001001001110 1
2 0 586889 580787 5 15 9 15 -1 -1 2020220002000000021000000000002000000001102000000010000000000020000001000000000000200000001000000000000000000001001000110 1
1 0 584118 580787 15 11 14 10 -1 -1 2020220002000000021000000000000000000001102000000010000000000020000001020000000000200000001000000000000000000001001000110 1
2 0 584118 578752 4 14 5 15 -1 -1 2020220002000000021000000000000000000001102000000010000000000020000001020000000000200000001000000000000000000001001100010 1
1 0 581422 578752 7 11 5 17 -1 -1 2020220002000000001000000000002000000001102000000010000000000020000001020000000000200000001000000000000000000001001100010 1
2 0 581422 577681 5 15 6 14 -1 -1 2020220002000000001000000000002100000001102000000000000000000020000001020000000000200000001000000000000000000001001100010 1
1 0 578357 577681 14 10 8 12 -1 -1 2020220002000000001000000000000100000001122000000000000000000020000001020000000000200000001000000000000000000001001100010 1
2 0 578357 575785 3 15 4 14 -1 -1 2020220002000000001000000000000100000001122000000000000000001020000001020000000000200000001000000000000000000001001000010 1
1 0 574497 575785 5 17 3 15 -1 -1 2020220000000000021000000000000100000001122000000000000000001020000001020000000000200000001000000000000000000001001000010 1
2 0 574497 566992 6 14 7 15 -1 -1 2020220001000000021000000000000000000001122000000000000000001020000001020000000000200000001000000000000000000001001000010 1
1 0 568640 566992 9 11 1 11 -1 -1 2020220001000000021000000000000000000001102000000000200000001020000001020000000000200000001000000000000000000001001000010 1
2 0 568640 559736 7 15 11 15 -1 -1 2120220001000000021000000000000000000001102000000000200000001020000000020000000000200000001000000000000000000001001000010 1
1 0 565546 559736 6 10 5 11 -1 -1 2120220001000000021000000000000000000001102000000000000000001020000000020000000000200000001002000000000000000001001000010 1
2 0 565546 551656 8 16 16 12 -1 -1 2120220001000000021000000000100000000000102000000000000000001020000000020000000000200000001002000000000000000001001000010 1
1 0 562342 551656 6 12 4 10 -1 -1 2120220001000000021000000000100000000000102000000000000000001000000000020000000000200000001002000000000000000001001000012 1
2 0 562342 545194 2 12 3 13 -1 -1 2120220001000001021000000000100000000000002000000000000000001000000000020000000000200000001002000000000000000001001000012 1
1 0 559744 545194 15 13 14 14 -1 -1 2120020021000001021000000000100000000000002000000000000000001000000000020000000000200000001002000000000000000001001000012 1
2 0 559744 539362 11 15 12 16 -1 -1 2120020021000001021000000000100000000000002000000000000000001000000000020000000000200000001002000000000000000001001001002 1
1 0 557339 539362 4 16 4 12 -1 -1 2120020021000001021000000000100000000000002000000000000000001000000000020000000000200000001000000000000000200001001001002 1
2 0 557339 535954 2 14 4 16 -1 -1 2120020021000001120000000000100000000000002000000000000000001000000000020000000000200000001000000000000000200001001001002 1
1 0 554859 535954 13 15 11 17 -1 -1 2120000021000001122000000000100000000000002000000000000000001000000000020000000000200000001000000000000000200001001001002 1
2 0 554859 530914 3 13 5 15 -1 -1 2120000021000001122000000000100000000000002000000000000000001000000000020000000000200000001000100000000000200001000001002 1
1 0 551522 530914 5 11 3 13 -1 -1 2120000001000001122000000000102000000000002000000000000000001000000000020000000000200000001000100000000000200001000001002 1
2 0 551522 529818 12 16 13 15 -1 -1 2120000011000001122000000000002000000000002000000000000000001000000000020000000000200000001000100000000000200001000001002 1
1 0 546854 529818 11 17 11 15 -1 -1 2120000011000001122000000000002000000000002000000000000000001000000000020000000000200000001000100000000000000001002001002 1
2 0 546854 528786 6 16 7 15 -1 -1 2120000011000001122000000000002000000000002000000000000000001000000000020000000000200000001001000000000000000001002001002 1
1 0 542470 528786 14 14 6 14 -1 -1 2120000011000001122000000000002000000000000000000000200000001000000000020000000000200000001001000000000000000001002001002 1
2 0 542470 526001 7 15 8 16 -1 -1 2120000011000001122000000000002000000000010000000000200000001000000000020000000000200000001001000000000000000001002000002 1
1 0 536581 526001 11 15 3 11 -1 -1 2120000011000001122000000000002000000000010000000000000000001020000000020000000000200000001001000000000000000001002000002 1
2 0 536581 524785 4 14 5 13 -1 -1 2120000111000001122000000000002000000000010000000000000000001020000000020000000000200000001000000000000000000001002000002 1
1 0 534424 524785 4 10 2 12 -1 -1 2120000111000001102000000000022000000000010000000000000000001020000000020000000000200000001000000000000000000001002000002 1
2 0 534424 522877 5 13 11 15 -1 -1 2120100111000000102000000000022000000000010000000000000000001020000000020000000000200000001000000000000000000001002000002 1
1 0 532488 522877 4 12 2 14 -1 -1 2120100111000000102000000000002000000000010000000000000000001020000000020000000000200000001002000000000000000001002000002 1
2 0 532488 521106 11 15 12 16 -1 -1 2120110111000000002000000000002000000000010000000000000000001020000000020000000000200000001002000000000000000001002000002 1
1 0 530475 521106 13 9 12 8 -1 -1 2120110111000000002000000000002000000000010000000000000000001020000000020000000000200000001000000000000000200001002000002 1
2 0 530475 521104 5 15 9 11 -1 -1 2120110111000000002000000000002000000000010000000000000000001020000000020000000000200000001000000000001000200000002000002 1
1 0 529258 521104 12 8 10 10 -1 -1 2120110111000000002000000000000000000000010000000000000000001020000002020000000000200000001000000000001000200000002000002 1
2 0 529258 521103 0 12 4 12 -1 -1 2120110111000000002000000000000000000000010000000000000000001020000002020000000100200000001000000000000000200000002000002 1
1 0 526401 521103 8 12 7 11 -1 -1 0120110111000000202000000000000000000000010000000000000000001020000002020000000100200000001000000000000000200000002000002 1
2 0 526401 521103 12 16 14 14 9 13 0120110111000000202000000000000000000000010000000010000000000020000002020000000100200000001000000000000000200000002000002 1
1 0 523307 521103 11 9 10 8 -1 -1 0120110111000000202000000000000000000000010000000010000000000020000002320000000100200000001000000000000000000000002002002 1
2 0 523307 521102 13 15 15 13 -1 -1 0120110111000000202000000000000000000000010000000010000000000020000002320000001100200000000000000000000000000000002002002 1
1 0 520537 521102 10 8 6 12 -1 -1 0120110111000000202000000000000000000000010000000010000000000020000002320000001100200000000000000000000000000000000002022 1
2 0 520537 521101 9 11 11 9 -1 -1 0120110111000000202000000000000000000000110000000010000000000020000002320000000100200000000000000000000000000000000002022 1
1 0 518534 521101 7 11 5 13 -1 -1 0120110111000000202000000000000000000000110000000010000000000020000000320000000100200000002000000000000000000000000002022 1
2 0 518534 521100 10 16 12 10 -1 -1 0120110111000000202000000000010000000000110000000000000000000020000000320000000100200000002000000000000000000000000002022 1
1 0 516915 521100 6 12 4 10 -1 -1 0120110111000000202000000000010000000000110000000000000000000020000000320000000100000000002000000000000200000000000002022 1
2 0 516915 521100 11 9 13 11 4 8 0120110111000001202000000000010000000000010000000000000000000020000000320000000100000000002000000000000200000000000002022 1
1 0 515633 521100 6 14 5 15 -1 -1 0120110111000031202000000000010000000000010000000000000000000020000000320000000100000000000000000000000200000000200002022 1
2 0 515633 521099 12 10 14 12 -1 -1 0120110111000031202000000000011000000000000000000000000000000020000000320000000100000000000000000000000200000000200002022 1
1 0 514297 521099 5 15 3 9 -1 -1 0120110111000031202000000000011000000000000000000000000000000020000000320000000100000000000000000000000000000000200022022 1
2 0 514297 521098 9 15 11 9 -1 -1 0120111111000031202000000000010000000000000000000000000000000020000000320000000100000000000000000000000000000000200022022 1
1 0 512831 521098 10 10 9 11 -1 -1 0120111111000031202000000000010000000000000000000000000000000020000000300000000100000000002000000000000000000000200022022 1
2 0 512831 521097 4 12 6 14 -1 -1 0120111111000031202000000000010000000000000000000000000000000020000001300000000000000000002000000000000000000000200022022 1
1 0 511581 521097 5 13 4 12 -1 -1 0120111111000031002000000000010000000000020000000000000000000020000001300000000000000000002000000000000000000000200022022 1
2 0 511581 521096 14 12 15 11 -1 -1 0120111111000031102000000000000000000000020000000000000000000020000001300000000000000000002000000000000000000000200022022 1
1 0 510770 521096 4 12 0 12 -1 -1 0120111111000031102000000000000000000000020000000000000000000020000001300000000000000000002000000000000000000000200002222 1
2 0 510770 521095 13 11 14 10 -1 -1 1120111111000031002000000000000000000000020000000000000000000020000001300000000000000000002000000000000000000000200002222 1
1 0 510255 521095 9 11 7 17 -1 -1 1120111111000031002000000000000000000000020000000000000000000020000001300000000000000000002000000000000000000000000202222 1
2 0 510255 521095 11 9 12 8 -1 -1 1120111111000031002000000000000000000000020000000000010000000020000000300000000000000000002000000000000000000000000202222 1
1 0 509592 521095 7 17 6 16 -1 -1 1120111111000031002000000000000000000000020000000000010000000020000000300000000000000000000000000000002000000000000202222 1
2 0 509592 521094 12 8 13 9 -1 -1 1120111111000031002000000000000000000000021000000000000000000020000000300000000000000000000000000000002000000000000202222 1
1 0 509052 521094 6 16 5 15 -1 -1 1120111111000031002000000000000000000000021000000000000000000020000000300000000000000000000000000000000000000002000202222 1
2 0 509052 521094 8 16 9 17 -1 -1 1120111111000031002000000000001000000000020000000000000000000020000000300000000000000000000000000000000000000002000202222 1
1 0 508585 521094 5 15 4 14 -1 -1 1120111111000031002000000000001000000000020000000000000000000000000000302000000000000000000000000000000000000002000202222 1
2 0 508585 521094 9 17 10 16 -1 -1 1120111111000031012000000000000000000000020000000000000000000000000000302000000000000000000000000000000000000002000202222 1
1 0 508240 521094 3 9 2 10 -1 -1 1120111111000031012000000000000000000000020000000000000000000000000000300000000000200000000000000000000000000002000202222 1
2 0 508240 521093 10 16 11 17 -1 -1 1121110111000031012000000000000000000000020000000000000000000000000000300000000000200000000000000000000000000002000202222 1
1 0 507909 521093 4 10 3 9 -1 -1 1121110111000031012000000000000000000000020000000000000000000000000000300000000000000000000000200000000000000002000202222 1
