1322295795000
robotdowneyjr
kingfish
1 0 599998 600000 14 10 12 12 -1 -1 2222222222000000000000000000000000000000000000000000000000000000000000000000000000000000000000000000000000000001111111111 2
2 0 599998 599813 2 14 4 12 -1 -1 2222222222000000000000000000000000000000000000000000000000000000000000000000000000000000000000000000000010000001111011111 2
1 0 599994 599813 16 12 12 8 -1 -1 2222202222000000200000000000000000000000000000000000000000000000000000000000000000000000000000000000000010000001111011111 2
2 0 599994 599812 0 12 4 16 -1 -1 2222202222000000200000000000000000000000000000000000000000000000000000000000000000000000000000000000001010000001111011110 2
1 0 599994 599812 14 12 12 14 -1 -1 0222202222000000202000000000000000000000000000000000000000000000000000000000000000000000000000000000001010000001111011110 2
2 0 599994 599811 3 11 5 13 -1 -1 0222202222000000202000000000000000000000000000000000000000000000000000000000000000000000000000000000001011000001111001110 2
1 0 599994 599811 14 14 12 16 -1 -1 0222202022000000202000000000020000000000000000000000000000000000000000000000000000000000000000000000001011000001111001110 2
2 0 599994 599810 2 12 6 12 -1 -1 0222202022000000202000000000020000000000000000000000000000000000000000000000000000000000000000000000001011100001111000110 2
1 0 599994 599810 13 11 11 13 -1 -1 0222002022000000202000000000020000000000200000000000000000000000000000000000000000000000000000000000001011100001111000110 2
2 0 599994 599809 3 13 7 13 -1 -1 0222002022000000202000000000020000000000200000000000000000000000000000000000000000000000000010000000001011100001011000110 2
1 0 599993 599809 13 13 11 11 -1 -1 0222002002000000202000000000020000000000200000000002000000000000000000000000000000000000000010000000001011100001011000110 2
2 0 599993 599627 4 12 8 12 -1 -1 0222002002000000202000000000020000000000200000000002000000000000000000000000000000000000000110000000001011100001001000110 2
1 0 599993 599627 13 15 11 17 -1 -1 0222002002000000002000000000020000000000200000000002000000002000000000000000000000000000000110000000001011100001001000110 2
2 0 599993 599626 5 13 9 13 -1 -1 0222002002000000002000000000020000000000200000000002000000002000000000000000000000000000000110100000001011100001000000110 2
1 0 599993 599626 12 14 8 10 -1 -1 0222002002000000002000000000000000000000200000000002000000002000000000200000000000000000000110100000001011100001000000110 2
2 0 599993 592736 3 9 4 10 -1 -1 0222002002000000002000000000000000000000200000000002000000012000000000200000000000000000000110100000001010100001000000110 2
1 0 599993 592736 13 9 11 7 -1 -1 0222000002000002002000000000000000000000200000000002000000012000000000200000000000000000000110100000001010100001000000110 2
2 0 599993 588933 6 12 12 14 -1 -1 0222000002000002002000000000000000000000200000000002000000012000000000200000000000000000010110100000001010100000000000110 2
1 0 599993 588933 12 12 10 14 -1 -1 0222000002000002002000000000000000000000000000000002000000012000000000200000000000000000010110100000001012100000000000110 2
2 0 599993 585698 1 11 5 11 -1 -1 0222000002000002002000000000000000000000000000000002000000012000000000200000000001000000010110100000001002100000000000110 2
1 0 599993 585698 11 13 7 9 -1 -1 0022000002000002002000000000200000000000000000000002000000012000000000200000000001000000010110100000001002100000000000110 2
2 0 599993 578043 4 10 12 10 -1 -1 0022000002000002002000000000200000000000000000000102000000012000000000200000000001000000010100100000001002100000000000110 2
1 0 599993 578043 8 10 4 10 -1 -1 0022000002000000002000000000200000000000000000000102000000012000000000200000000001000000010100100000001202100000000000110 2
2 0 599993 569829 7 13 13 11 -1 -1 0022000002000001002000000000200000000000000000000102000000002000000000200000000001000000010100100000001202100000000000110 2
1 0 599992 569829 11 17 7 13 -1 -1 0022000002000001002000000000200000000000000000000100000000002000000000200000000001000000010100100000001202100000200000110 2
2 0 599992 562225 9 13 13 13 -1 -1 0022000002000001002000000000200000000000000000000101000000002000000000200000000001000000010100000000001202100000200000110 2
1 0 599991 562225 12 8 10 10 -1 -1 0022000002000001002000000000200000000000000000000101000000002000000000000000000001000000010100000000001202100000220000110 2
2 0 599991 553916 3 15 4 14 -1 -1 0022000002000001002000000000200000000000000000000101000000002000000000000000000101000000010100000000000202100000220000110 2
1 0 599990 553916 12 16 10 6 -1 -1 0022000000000001022000000000200000000000000000000101000000002000000000000000000101000000010100000000000202100000220000110 2
2 0 599990 544931 2 10 2 12 -1 -1 0022000000000001022000000000200000000000000000000101000000002000000000000000010101000000010100000000000202000000220000110 2
1 0 599990 544931 11 11 9 9 -1 -1 0020200000000001022000000000200000000000000000000101000000002000000000000000010101000000010100000000000202000000220000110 2
2 0 599990 539277 4 16 6 10 -1 -1 0020200000000001022000000000200000000000000000000101000000002000000010000000010101000000010000000000000202000000220000110 2
1 0 599990 539277 11 7 9 5 -1 -1 0020200000000001020000000000200000000002000000000101000000002000000010000000010101000000010000000000000202000000220000110 2
2 0 599990 531975 1 13 11 15 -1 -1 0020200000000001020000000000200000000002000000000101000000002000001010000000010101000000000000000000000202000000220000110 2
1 0 599990 531975 10 10 8 8 -1 -1 0000200000000001020000000000200000000002000000000101000000002000001010000000010101000000000002000000000202000000220000110 2
2 0 599990 526164 6 10 7 11 -1 -1 0000200000000001020000000000200000000002000000000101000000102000001010000000010001000000000002000000000202000000220000110 2
1 0 599990 526164 8 8 4 12 -1 -1 0000200000000001020000000000200000000000000000000121000000102000001010000000010001000000000002000000000202000000220000110 2
2 0 599990 514130 11 15 11 13 -1 -1 0000200000000001120000000000200000000000000000000121000000002000001010000000010001000000000002000000000202000000220000110 2
1 0 599990 514130 10 6 8 4 -1 -1 0000200000000001120000000000200000000000000000000121000000002000001010000000010001000000000020000000000202000000220000110 2
2 0 599990 504930 7 11 13 9 -1 -1 0000200000000001120000000000200000000000000000000121000010002000001010000000000001000000000020000000000202000000220000110 2
1 0 599990 504930 9 5 7 3 -1 -1 0000200000000001120000000000200000000000000000000101000010002000001010000000000001000000000020000000000202000002220000110 2
2 0 599990 498184 5 11 5 13 -1 -1 0000200000000001120000000000200000000000000000100101000010002000000010000000000001000000000020000000000202000002220000110 2
1 0 599990 498184 8 4 6 2 -1 -1 0000200000000001120000000000020000000000000000100101000010002000000010000000000001000000000020000000000202000002220000110 2
2 0 599990 492550 4 14 10 8 -1 -1 0000200000000001120000000000020000010000000000100101000000002000000010000000000001000000000020000000000202000002220000110 2
1 0 599990 492550 7 3 5 1 -1 -1 0000200000000001100000000000020000010000000000100101000000002000000010000000002001000000000020000000000202000002220000110 2
2 0 599990 485753 11 13 13 15 -1 -1 0000200000000001100000010000020000010000000000000101000000002000000010000000002001000000000020000000000202000002220000110 2
1 0 599990 485753 6 2 4 0 -1 -1 0000200000000001100000010000020000010000000000000101000000002000000010000000002001000000000000000000000202000002222000110 2
2 0 599990 480608 12 10 14 12 -1 -1 0000200000100001100000010000020000000000000000000101000000002000000010000000002001000000000000000000000202000002222000110 2
1 0 599990 480608 15 11 14 10 -1 -1 0000200000100001100000010000020000000000000000000101000000002000000010000000002001000000000000000000000002000002222020110 2
2 0 599990 477907 2 12 3 13 -1 -1 0000200000100001100000010000020000000000000000000101000000002000000010000000002001000000000000000000000002000002222120010 2
1 0 599990 477907 14 10 12 12 -1 -1 0000000020100001100000010000020000000000000000000101000000002000000010000000002001000000000000000000000002000002222120010 2
2 0 599990 475024 3 13 4 14 -1 -1 0000000020100001100000010000020000000000000000000101000000002000000010000000002001000000000000000000000012000002222020010 2
1 0 599989 475024 15 13 14 14 -1 -1 0000000000100001120000010000020000000000000000000101000000002000000010000000002001000000000000000000000012000002222020010 2
2 0 599989 471370 4 14 8 14 -1 -1 0000000000100001120000010000020000000000000000000101000000002000000010000000002001000000000000000000000012000002222021000 2
1 0 599989 471370 14 14 12 8 -1 -1 0000000000100001100000010000020000000000000000000101000000002200000010000000002001000000000000000000000012000002222021000 2
2 0 599989 466395 10 8 11 7 -1 -1 0000000000100001100000010000020000000000000000000101000000002200000010000000002001000000000000000000001012000002222020000 2
1 0 599989 466395 12 8 10 6 -1 -1 0000000000100001100000010000020000000000000000000101000000002200000010000000000001000000020000000000001012000002222020000 2
2 0 599989 461929 8 14 12 6 -1 -1 0000000000100001100000010000020000000000000000000101000000002200000010000000010001000000020000000000000012000002222020000 2
1 0 599988 461929 12 12 11 13 -1 -1 0000000000100001100000010000020000000000000000000101000000002000000010000000010001000000020000000000020012000002222020000 2
2 0 599988 456660 11 7 12 8 -1 -1 0000000000100001100000010000020000000000000000000101000000002000000010000000010001000000020010000000020002000002222020000 2
1 0 599987 456660 11 13 9 15 -1 -1 0000000000100001100000010000020000000000000000000101000000002000000010000000010001000000000010000000022002000002222020000 2
2 0 599987 454315 12 8 14 14 -1 -1 0000000000100001100000010000020000000000000000000101000000002000000010010000010001000000000000000000022002000002222020000 2
1 0 599987 454315 10 14 8 16 -1 -1 0000000000100001100000010000020000000000000000000101000000002000000010010000010001000000000000000000020002000002222022000 2
2 0 599987 452666 5 13 6 12 -1 -1 0000000000100001100000010000020000000000000000000101000000002010000010010000010000000000000000000000020002000002222022000 2
1 0 599987 452666 7 13 3 13 -1 -1 0000000000100001100000010000000000000000200000000101000000002010000010010000010000000000000000000000020002000002222022000 2
2 0 599987 451231 6 12 7 13 -1 -1 0000000010100001100000010000000000000000200000000100000000002010000010010000010000000000000000000000020002000002222022000 2
1 0 599986 451231 9 15 7 17 -1 -1 0000000010100001100000010000000000000000000000000102000000002010000010010000010000000000000000000000020002000002222022000 2
2 0 599986 449451 7 13 11 5 -1 -1 0000000010100001100000010000000000000000000000000102010000002010000010000000010000000000000000000000020002000002222022000 2
1 0 599986 449451 8 16 6 18 -1 -1 0000000010100001100000010000000000000000000000000100010000002010000010000000010000000000200000000000020002000002222022000 2
2 0 599986 448238 8 12 9 13 -1 -1 0000000010100001100000010000000000000000000100000100010000002000000010000000010000000000200000000000020002000002222022000 2
1 0 599986 448238 7 17 5 19 -1 -1 0000000010100001100000010000000000000000000100000100010000000000000010200000010000000000200000000000020002000002222022000 2
2 0 599986 446695 11 5 12 4 -1 -1 0000000010100001100000010000000010000000000100000100000000000000000010200000010000000000200000000000020002000002222022000 2
1 0 599985 446695 6 18 4 20 -1 -1 0000000010100001100000010000000010000000000100000100000000000000000010200000010000000000000000000000220002000002222022000 2
2 0 599985 445105 13 13 15 11 -1 -1 0000000010100001100010010000000010000000000000000100000000000000000010200000010000000000000000000000220002000002222022000 2
1 0 599984 445105 4 10 2 12 -1 -1 0000000010100001100010010000000010000000000000000100000000000000000010200000010000000000000000000000220002000002202022200 2
2 0 599984 442384 9 13 10 12 -1 -1 0000100010100000100010010000000010000000000000000100000000000000000010200000010000000000000000000000220002000002202022200 2
1 0 599983 442384 4 12 2 10 -1 -1 0000100010100000100010010000000010000000000000000100000000000000000010000000010020000000000000000000220002000002202022200 2
2 0 599983 440407 12 4 16 12 -1 -1 0001100010100000000010010000000010000000000000000100000000000000000010000000010020000000000000000000220002000002202022200 2
1 0 599983 440407 3 13 1 11 -1 -1 0001100010100000000010010000000010000000000000000100000000000000000010000000010020000000000000000000020002000002202022202 2
2 0 599983 437847 12 6 12 8 -1 -1 0101100000100000000010010000000010000000000000000100000000000000000010000000010020000000000000000000020002000002202022202 2
1 0 599983 437847 2 10 0 12 -1 -1 0101100000100000000010010000000010000000000000000100000000000000000010000000010020000000000000000000002002000002202022202 2
2 0 599983 436152 12 8 14 10 -1 -1 1100100000100000000010010000000010000000000000000100000000000000000010000000010020000000000000000000002002000002202022202 2
1 0 599983 436152 10 6 9 7 -1 -1 1100100000100000000010010000000010000000000000000100000000000000000010000000010020000000000000000000000002000002202222202 2
2 0 599983 435477 10 12 11 13 -1 -1 1100100000100000000010010000000010000000000000000100000000000000000110000000000020000000000000000000000002000002202222202 2
1 0 599983 435477 9 9 8 10 -1 -1 1100100000100000000010010000000010000000000000000100000000000000000110000000000000000000000020000000000002000002202222202 2
2 0 599983 434922 13 15 13 13 -1 -1 1100100000100000000010010000000010000000000000000100000000010000000100000000000000000000000020000000000002000002202222202 2
1 0 599983 434922 8 10 6 8 -1 -1 1100100000100000000010010000000010000000000000000100000000010000000100000000000000000000000020000000000002000002220222202 2
2 0 599983 434526 11 13 15 13 -1 -1 1100100000100000000010010000000010000010000000000100000000000000000100000000000000000000000020000000000002000002220222202 2
1 0 599983 434526 7 9 5 7 -1 -1 1100100000100000000010010000000010000010000000000100000000000000000100000000000000000000000000000000000002000002220222222 2
2 0 599983 434218 12 14 13 15 -1 -1 1100100000100000000010010010000010000010000000000000000000000000000100000000000000000000000000000000000002000002220222222 2
