1322288645000
benny
kingfish
1 0 599915 600000 14 14 12 16 -1 -1 2222222222000000000000000000000000000000000000000000000000000000000000000000000000000000000000000000000000000001111111111 2
2 0 599915 599907 2 14 4 12 -1 -1 2222222222000000000000000000000000000000000000000000000000000000000000000000000000000000000000000000000000100001111110111 2
1 0 599913 599907 16 12 12 12 -1 -1 2222202222000000200000000000000000000000000000000000000000000000000000000000000000000000000000000000000000100001111110111 2
2 0 599913 599906 0 12 4 16 -1 -1 2222202222000000200000000000000000000000000000000000000000000000000000000000000000000000000000000000000010100001111110110 2
1 0 599912 599906 14 12 12 14 -1 -1 0222202222000000202000000000000000000000000000000000000000000000000000000000000000000000000000000000000010100001111110110 2
2 0 599912 599905 3 11 5 13 -1 -1 0222202222000000202000000000000000000000000000000000000000000000000000000000000000000000000000000000000011100001111100110 2
1 0 599911 599905 14 10 12 8 -1 -1 0222202022000000202000000000020000000000000000000000000000000000000000000000000000000000000000000000000011100001111100110 2
2 0 599911 599904 2 12 6 12 -1 -1 0222202022000000202000000000020000000000000000000000000000000000000000000000000000000000000000000000001011100001111000110 2
1 0 599910 599904 13 15 11 13 -1 -1 0222002022000000202000000000020000000000200000000000000000000000000000000000000000000000000000000000001011100001111000110 2
2 0 599910 599904 3 13 7 13 -1 -1 0222002022000000202000000000020000000000200000000000000000000000000000000000000000000000000010000000001011100001110000110 2
1 0 599909 599904 13 13 11 11 -1 -1 0222002002000000202000000000020000000000200000000002000000000000000000000000000000000000000010000000001011100001110000110 2
2 0 599909 599718 4 12 8 12 -1 -1 0222002002000000202000000000020000000000200000000002000000000000000000000000000000000000000110000000001011100001100000110 2
1 0 599908 599718 13 9 11 7 -1 -1 0222002002000000002000000000020000000000200000000002000000002000000000000000000000000000000110000000001011100001100000110 2
2 0 599908 599717 5 13 9 13 -1 -1 0222002002000000002000000000020000000000200000000002000000002000000000000000000000000000010110000000001011100000100000110 2
1 0 599906 599717 12 14 8 14 -1 -1 0222002002000000002000000000000000000000200000000002000000002000000000200000000000000000010110000000001011100000100000110 2
2 0 599906 593437 3 9 4 10 -1 -1 0222002002000000002000000000000000000000200000000002000000002100000000200000000000000000010110000000001010100000100000110 2
1 0 599905 593437 12 12 10 10 7 11 0222000002000002002000000000000000000000200000000002000000002100000000200000000000000000010110000000001010100000100000110 2
2 0 599905 588480 7 13 11 9 -1 -1 0222000002000002002000000000000000000000200000000032000000002100000000200000000100000000010110000000001000100000100000110 2
1 0 599904 588480 12 8 10 6 8 10 0222000002000002002000000000000000000000200000000030000000002100000000200000000100000000012110000000001000100000100000110 2
2 0 599904 582523 8 12 16 12 -1 -1 0222000002000002002000000000000000000000200000000030000000032100000000200000010100000000012110000000000000100000100000110 2
1 0 599902 582523 10 10 6 14 -1 -1 0222000002000002002000000000000000000000200000000030000000030100000000200000010100000000012110000000000000100000100000112 2
2 0 599902 579107 1 11 9 11 -1 -1 0222000002000002002000000000000000000000210000000030000000030100000000200000010000000000012110000000000000100000100000112 2
1 0 599901 579107 10 6 6 10 -1 -1 0022000002000002002000000000000000000000210000000030000000030100000002200000010000000000012110000000000000100000100000112 2
2 0 599901 570627 6 12 7 13 -1 -1 0022000002000002002000000000000000000001210000000030000000030100000002200000000000000000012110000000000000100000100000112 2
1 0 599899 570627 8 14 6 8 -1 -1 0022000002000002002000000000000000000001010000000032000000030100000002200000000000000000012110000000000000100000100000112 2
2 0 599899 559874 1 13 1 11 -1 -1 0022000002000002002000000000000000000011010000000032000000030000000002200000000000000000012110000000000000100000100000112 2
1 0 599898 559874 15 11 14 10 -1 -1 0202000002000002002000000000000000000011010000000032000000030000000002200000000000000000012110000000000000100000100000112 2
2 0 599898 556274 1 11 5 11 -1 -1 0202000002000002002000000000000000000011010000000032000000030000000002200000000000000000012110000000000000100000100100012 2
1 0 599897 556274 14 10 8 12 -1 -1 0002000002000002002000000000200000000011010000000032000000030000000002200000000000000000012110000000000000100000100100012 2
2 0 599897 549664 4 10 14 12 -1 -1 0002000002000002002000000000200000000011010000000032000000031000000002200000000000000000012110000000000000100000100000012 2
1 0 599896 549664 6 8 4 10 -1 -1 0002000002000000002000000000200000000011010000000032000000031000000002200000000000000000012110000000000000100000100020012 2
2 0 599896 542976 9 11 10 10 -1 -1 0002000002000001002000000000200000000001010000000032000000031000000002200000000000000000012110000000000000100000100020012 2
1 0 599895 542976 11 11 9 9 -1 -1 0002000002000001002000000000200000000001010000000032000000031000000000200000000200000000012110000000000000100000100020012 2
2 0 599895 535062 5 11 9 11 -1 -1 0002000002000001002000000000200000000001010000000032000000031000000010200000000200000000012010000000000000100000100020012 2
1 0 599894 535062 15 13 14 14 -1 -1 0002000002000001002000000000000000000001010000000032000000031000000012200000000200000000012010000000000000100000100020012 2
2 0 599894 529741 7 13 8 14 -1 -1 0002000002000001002000000000000000000001010000000032000000031000000012200000000200000000012010000000000000100000100021002 2
1 0 599893 529741 14 14 10 14 -1 -1 0002000002000001002000000000000000000001010000000030000000031200000012200000000200000000012010000000000000100000100021002 2
2 0 599893 525041 8 14 12 10 -1 -1 0002000002000001002000000000000000000001010000000030000000031200000012200000000201000000012010000000000000100000100020002 2
1 0 599892 525041 11 13 9 15 -1 -1 0002000002000001002000000000000000000001010000000030000000031000000012200000000201000000012010000000000200100000100020002 2
2 0 599892 519631 10 10 14 14 -1 -1 0002000002000001002000000000000000000001010000000030000000031000000012210000000201000000012000000000000200100000100020002 2
1 0 599891 519631 13 11 11 17 -1 -1 0002000002000001002000000000000000000001010000000030000000031000000012210000000001000000012000000000000200100000100022002 2
2 0 599891 514339 11 9 15 13 -1 -1 0002000002000001002000000000000000000001010000000030000000031000000012210000000001000000012000100000000200100000000022002 2
1 0 599890 514339 12 16 10 18 -1 -1 0002000002000001002000000000000000000001010000000030000000031000000012210000000001000000010000100000000200100000000022022 2
2 0 599890 511439 3 15 5 17 -1 -1 0002000002000001002000000000000000000001010000000030000000031000000012210000000001010000010000100000000200000000000022022 2
1 0 599890 511439 11 17 9 19 -1 -1 0002000000000001002000000000000200000001010000000030000000031000000012210000000001010000010000100000000200000000000022022 2
2 0 599890 507573 4 16 5 15 -1 -1 0002000000000001002000000000000200000001010000000030000000031000000012210100000001010000010000000000000200000000000022022 2
1 0 599890 507573 10 18 8 20 -1 -1 0002000000000001000000000000002200000001010000000030000000031000000012210100000001010000010000000000000200000000000022022 2
2 0 599890 505200 5 15 7 9 -1 -1 0002000000000001000000000000002200000001010000000030000000031000100012210100000001000000010000000000000200000000000022022 2
1 0 599890 505200 10 14 8 16 -1 -1 0002000000000001000000000000000200000001010000000230000000031000100012210100000001000000010000000000000200000000000022022 2
2 0 599890 501783 9 11 10 12 -1 -1 0002000000000001000000000000000200000001010000000230000000031010100012210100000000000000010000000000000200000000000022022 2
1 0 599889 501783 9 15 5 15 -1 -1 0002000000000001000000000000000200000001010000000230000000031010100010210100000020000000010000000000000200000000000022022 2
2 0 599889 495421 5 17 9 17 -1 -1 0002000000000001000000000000001200000001010000000230000000031010100010200100000020000000010000000000000200000000000022022 2
1 0 599888 495421 9 19 7 17 -1 -1 0002000000000001000000000000001000000001010000000230000000031010100010202100000020000000010000000000000200000000000022022 2
2 0 599888 490238 9 13 13 9 -1 -1 0002000000000001000000000000001000000001010000000230010000031010100010202000000020000000010000000000000200000000000022022 2
1 0 599887 490238 8 16 6 18 -1 -1 0002000000000001000000000000001000000001010000000230010000031010100010002000000020000000010000000000000200000002000022022 2
2 0 599887 484751 7 9 11 13 -1 -1 0002000000000001000000000000001000000001010100000230010000031000100010002000000020000000010000000000000200000002000022022 2
1 0 599886 484751 5 15 1 11 -1 -1 0002000000000001000000000000001000000001010100000030010000031000100010002000000020000000010020000000000200000002000022022 2
2 0 599886 478946 10 12 12 14 -1 -1 0102000000000001000000000000000000000001010100000030010000031000100010002000000020000000010020000000000200000002000022022 2
1 0 599885 478946 11 7 10 6 -1 -1 0102000000000001000000000000000000000001010100000030010000031000100010002000000000000000010020000000000202000002000022022 2
2 0 599885 475250 11 13 13 15 -1 -1 0102000000000001000000000000000000000001010100000030010000031000100010002000010000000000000020000000000202000002000022022 2
1 0 599884 475250 10 6 9 5 -1 -1 0102000000000001000000000000000000000001010100000030010000031000100010002000010000000000000000000000000202000002002022022 2
2 0 599884 472653 12 10 13 11 -1 -1 0102000000000001000000000000000000000001010100000030010000031000101010002000000000000000000000000000000202000002002022022 2
1 0 599884 472653 9 5 8 6 -1 -1 0102000000000001000000000000000000000001010100000030010000031000101010002000000000000000000000000000000002000002202022022 2
2 0 599884 470410 9 17 10 16 -1 -1 0102000000000001000000000000000000000001010100000030010001031000100010002000000000000000000000000000000002000002202022022 2
1 0 599884 470410 9 9 8 8 -1 -1 0102000000000001000000000000000000000001010100000030010001031000100010000000000000200000000000000000000002000002202022022 2
2 0 599884 468753 10 16 11 15 -1 -1 0102000000000001000000000000000000000001010100000030010001131000100000000000000000200000000000000000000002000002202022022 2
1 0 599883 468753 8 8 7 7 -1 -1 0102000000000001000000000000000000000001010100000030010001131000100000000000000000000000000002000000000002000002202022022 2
2 0 599883 466999 11 15 15 11 -1 -1 0102000000000001000000000000000000000001010100001030010001031000100000000000000000000000000002000000000002000002202022022 2
1 0 599883 466999 8 6 6 16 -1 -1 0102000000000001000000000000000000000001010100001030010001031000100000000000000000000000000000000000000002000002202022222 2
2 0 599883 466278 2 10 3 9 -1 -1 0102000000000001000000000000000000000001011100001030010000031000100000000000000000000000000000000000000002000002202022222 2
1 0 599882 466278 8 12 6 6 -1 -1 0100002000000001000000000000000000000001011100001030010000031000100000000000000000000000000000000000000002000002202022222 2
2 0 599882 465114 3 9 9 11 -1 -1 0100002000000001000000000000000000000101011100001030010000030000100000000000000000000000000000000000000002000002202022222 2
1 0 599882 465114 7 17 3 9 -1 -1 0100000000000001000000000000000000000101011100001030010000030000100002000000000000000000000000000000000002000002202022222 2
2 0 599882 464076 12 14 13 13 -1 -1 0100001000000001000000000000000000000101011100001030000000030000100002000000000000000000000000000000000002000002202022222 2
1 0 599881 464076 8 20 7 19 -1 -1 0100001000000001000000000000000000000101011100001030000000030000100002000000000000000000000000000000000000000002222022222 2
2 0 599881 463415 9 11 10 12 -1 -1 0100001000000001000000000000000000000101011100001030001000030000000002000000000000000000000000000000000000000002222022222 2
1 0 599881 463415 7 19 5 17 -1 -1 0100001000000001000000000000000000000101011100001030001000030000000000000000000020000000000000000000000000000002222022222 2
2 0 599881 462850 10 12 11 13 -1 -1 0100001000000001000000000000000100000101011100001030000000030000000000000000000020000000000000000000000000000002222022222 2
1 0 599880 462850 6 18 4 16 -1 -1 0100001000000001000000000000000100000101011100001030000000030000000000000000000000000000000020000000000000000002222022222 2
2 0 599880 462269 11 13 12 12 -1 -1 0100001000000001001000000000000100000101011000001030000000030000000000000000000000000000000020000000000000000002222022222 2
1 0 599879 462269 6 16 4 14 -1 -1 0100001000000001001000000000000100000101011000001030000000030000000000000000000000000000000000000000000020000002222022222 2
2 0 599879 461774 12 12 14 10 -1 -1 0100001000000001011000000000000100000101010000001030000000030000000000000000000000000000000000000000000020000002222022222 2
