1322292117000
kingfish
deepred
1 0 599803 600000 14 10 12 12 -1 -1 2222222222000000000000000000000000000000000000000000000000000000000000000000000000000000000000000000000000000001111111111 1
2 0 599803 -138 2 10 4 8 -1 -1 2222222222000000000000000000000000000000000000000000000000000000000000000000000000000000000000000000000010000001111011111 1
1 0 599803 -138 16 12 12 8 -1 -1 2220222222000020000000000000000000000000000000000000000000000000000000000000000000000000000000000000000010000001111011111 1
2 0 599803 -138 0 12 4 12 -1 -1 2220222222000020000000000000000000000000000000000000000000000000000000000000000000000000000000000000001010000001111011110 1
1 0 599803 -138 13 13 11 11 -1 -1 0220222222000020200000000000000000000000000000000000000000000000000000000000000000000000000000000000001010000001111011110 1
2 0 599803 -138 3 9 5 7 -1 -1 0220222222000020200000000000000000000000000000000000000000000000000000000000000000000000000100000000001010000001101011110 1
1 0 599803 -138 14 12 10 12 -1 -1 0220220222000020200000000020000000000000000000000000000000000000000000000000000000000000000100000000001010000001101011110 1
2 0 599803 -138 2 12 6 8 -1 -1 0220220222000020200000000020000000000000000000000000000000000000000000000000000010000000000100000000001010000001101001110 1
1 0 599803 -138 13 11 9 11 -1 -1 0220020222000020200000000020000000000020000000000000000000000000000000000000000010000000000100000000001010000001101001110 1
2 0 599803 -138 5 7 7 9 -1 -1 0220020222000020200000000020000000000020000000000000000000000000000001000000000010000000000100000000001010000001001001110 1
1 0 593733 -138 12 12 8 12 -1 -1 0220020222000020200000000000000000000020000000000200000000000000000001000000000010000000000100000000001010000001001001110 1
2 0 593733 -138 6 8 8 10 -1 -1 0220020222000020200000000000000000000020000000000200000000001000000001000000000010000000000100000000001000000001001001110 1
1 0 591102 -138 12 8 11 9 -1 -1 0220020222000020200000000000000000000000000000000200000000021000000001000000000010000000000100000000001000000001001001110 1
2 0 591102 -138 3 11 5 13 7 11 0220020222000020200000000000000000000000000000000200000000021000000001000000000010000000001100000000000000000001001001110 1
1 0 588439 -138 8 12 6 10 -1 -1 0220020022000020200000000000020000000000000000000230000000021000000001000000000010000000001100000000000000000001001001110 1
2 0 588439 -138 3 13 7 13 6 14 0220020022000020200000000000020000000001000000000230000000020000000001000000000010000000001100000000000000000001001001110 1
1 0 582646 -138 14 14 8 8 -1 -1 0220020002000020200000000000020000000001030000000232000000020000000001000000000010000000001100000000000000000001001001110 1
2 0 582646 -138 7 9 9 7 -1 -1 0220020002000020200000000000020000000001030000000232000000120000000001000000000010000000001100000000000000000001001000110 1
1 0 576266 -138 9 11 3 13 -1 -1 0220020002000020200000000000020000000001030000000032000000120000000201000000000010000000001100000000000000000001001000110 1
2 0 576266 -138 8 10 12 10 -1 -1 0220020012000020200000000000020000000001030000000032000000120000000200000000000010000000001100000000000000000001001000110 1
1 0 569406 -138 11 11 9 13 -1 -1 0220020012000020200000000000020000000001030000000032000000100000000200000000000010000000001100000000000200000001001000110 1
2 0 569406 -138 5 13 7 15 -1 -1 0220020012000020200000000000020000000001030000000032000000100000000200100000000010000000001000000000000200000001001000110 1
1 0 562217 -138 15 11 14 10 -1 -1 0220020012000020200000000000000000000001030000000032200000100000000200100000000010000000001000000000000200000001001000110 1
2 0 562217 -138 3 15 5 13 -1 -1 0220020012000020200000000000000000000001030000000032200000100000000200100000000010000000001000000000000200000001001100010 1
1 0 552032 -138 14 10 10 10 -1 -1 0220020010000020200000000000020000000001030000000032200000100000000200100000000010000000001000000000000200000001001100010 1
2 0 552032 -138 1 13 3 15 -1 -1 0220020010000020200000000000020000000001030000000032200000100000000200100000000110000000001000000000000200000001001000010 1
1 0 542089 -138 10 12 4 14 -1 -1 0200020012000020200000000000020000000001030000000032200000100000000200100000000110000000001000000000000200000001001000010 1
2 0 542089 -138 2 14 4 16 -1 -1 0200020012000020210000000000020000000001030000000032200000100000000200100000000100000000001000000000000200000001001000010 1
1 0 534900 -138 13 9 7 7 -1 -1 0200000012000020212000000000020000000001030000000032200000100000000200100000000100000000001000000000000200000001001000010 1
2 0 534900 -138 3 15 5 17 -1 -1 0200000012000020212000000000020000000001030000001032200000100000000200100000000100000000001000000000000200000000001000010 1
1 0 524473 -138 8 8 8 10 -1 -1 0200000010000020212000000000020200000001030000001032200000100000000200100000000100000000001000000000000200000000001000010 1
2 0 524473 -138 7 13 9 15 -1 -1 0200000010000020212000000000020200000001030000001032200000010000000200100000000100000000001000000000000200000000001000010 1
1 0 509760 -138 11 9 9 11 -1 -1 0200000010000020212000000000020200000001030000001030200000010000000200120000000100000000001000000000000200000000001000010 1
2 0 509760 -138 4 16 6 18 -1 -1 0200000010000020212000000000020200000001030000001030200000010000000201120000000100000000000000000000000200000000001000010 1
1 0 497738 -138 10 10 6 6 -1 -1 0200000010000020210000000000020200000001030200001030200000010000000201120000000100000000000000000000000200000000001000010 1
2 0 497738 -138 5 17 7 19 -1 -1 0200000010000020210000000000020200000101030200001030200000010000000201120000000000000000000000000000000200000000001000010 1
1 0 486657 -138 9 11 3 9 -1 -1 0200000010000020210000000000020000000101030200001030202000010000000201120000000000000000000000000000000200000000001000010 1
2 0 486657 -138 6 18 8 20 -1 -1 0200001010000020210000000000020000000101030200001030202000010000000200120000000000000000000000000000000200000000001000010 1
1 0 469590 -138 9 13 9 11 -1 -1 0200001010000020210000000000020000000101030000001030202000010000200200120000000000000000000000000000000200000000001000010 1
2 0 469590 -138 12 10 13 11 -1 -1 0200001010000020210000000000020000000101030000001030202000010000200201020000000000000000000000000000000200000000001000010 1
1 0 458939 -138 9 11 5 7 -1 -1 0200001010000020210000000000020000000101030000001030202000010000200201020000000000000000000000000000000000000000201000010 1
2 0 458939 -138 13 11 14 10 -1 -1 0200001010000020210000000010020000000101030000001030202000010000200200020000000000000000000000000000000000000000201000010 1
1 0 450880 -138 8 10 4 10 -1 -1 0200001010000020210000000010020000000101030000001030202000010000200200020000000000000000000000000000000000000000001200010 1
2 0 450880 -138 14 10 15 11 -1 -1 0200001010000021210000000010020000000101030000001030202000000000200200020000000000000000000000000000000000000000001200010 1
1 0 442468 -138 7 7 3 11 -1 -1 0200001010000021210000000010020000000101030000001030202000000000200200020000000000000000000000000000000000000000001000210 1
2 0 442468 -138 15 11 16 12 -1 -1 0200001110000021210000000010020000000101030000000030202000000000200200020000000000000000000000000000000000000000001000210 1
1 0 438245 -138 4 10 2 12 -1 -1 0200001110000021210000000010020000000101030000000030202000000000200200020000000000000000000000000000000000000000001000012 1
2 0 438245 -138 9 7 10 8 -1 -1 0200101110000020210000000010020000000101030000000030202000000000200200020000000000000000000000000000000000000000001000012 1
1 0 434953 -138 4 14 3 15 -1 -1 0200101110000020210000000010020000000101030000000030202000000000200000020000002000000000000000000000000000000000001000012 1
2 0 434953 -138 10 8 11 9 -1 -1 0200101111000020200000000010020000000101030000000030202000000000200000020000002000000000000000000000000000000000001000012 1
1 0 431253 -138 6 10 5 11 -1 -1 0200101111000020200000000010020000000101030000000030202000000000200000020000000000000000002000000000000000000000001000012 1
2 0 431253 -138 4 12 8 12 -1 -1 0200101111000020200000000010120000000100030000000030202000000000200000020000000000000000002000000000000000000000001000012 1
1 0 426356 -138 5 11 4 12 -1 -1 0200101111000020000000000010120000000100030000000030202000002000200000020000000000000000002000000000000000000000001000012 1
2 0 426356 -138 11 9 12 8 -1 -1 0200101111000020100000000010020000000100030000000030202000002000200000020000000000000000002000000000000000000000001000012 1
1 0 422975 -138 4 12 0 12 -1 -1 0200101111000020100000000010020000000100030000000030202000002000200000020000000000000000000000000000002000000000001000012 1
2 0 422975 -138 12 8 13 9 -1 -1 1200101111000020000000000010020000000100030000000030202000002000200000020000000000000000000000000000002000000000001000012 1
1 0 420232 -138 13 15 12 14 -1 -1 1200101111000020000000000010020000000100030000000030202000002000200000020000000000000000000000000000000000000002001000012 1
2 0 420232 -138 13 9 14 10 -1 -1 1200101111000020000000000010020000000100030000000030202000002000200000020000000000000000000000000000000001000002000000012 1
1 0 416941 -138 12 14 11 13 -1 -1 1200101111000020000000000010020000000100030000000030202000002000200000020000000000000000000000000000000001000000000200012 1
2 0 416941 -138 14 10 15 11 -1 -1 1200101111000020000000000010020000000100030000000030202000002000200000020000000000000000000010000000000000000000000200012 1
1 0 413717 -138 11 13 10 12 -1 -1 1200101111000020000000000010020000000100030000000030202000002000200000020000000000000000000010000000000000000000000000212 1
2 0 413717 -138 9 15 10 16 -1 -1 1200101111000020000000000010020000000100030000000030202000002000200000020000000010000000000000000000000000000000000000212 1
1 0 410354 -138 15 13 14 12 -1 -1 1200101111000020000000000010020000000100030000000030202000002000200000000000000010200000000000000000000000000000000000212 1
2 0 410354 -138 10 16 11 15 -1 -1 1200101111000020000000000010020000000100030000000030202000002000200000000000000010200000000000000000000000000000000010202 1
1 0 407773 -138 5 7 4 6 -1 -1 1200101111000020000000000010020000000100030000000030202000002000200000000000000010000000000002000000000000000000000010202 1
2 0 407773 -138 11 15 12 16 -1 -1 1200101111000120000000000000020000000100030000000030202000002000200000000000000010000000000002000000000000000000000010202 1
1 0 404795 -138 6 6 5 7 -1 -1 1200101111000120000000000000020000000100030000000030202000002000200000000000000010000000000000000000000000200000000010202 1
2 0 404795 -138 4 8 6 6 -1 -1 1200101111000120000000000010020000000000030000000030202000002000200000000000000010000000000000000000000000200000000010202 1
1 0 402574 -138 5 7 4 8 -1 -1 1200101111000100000000000010020000000200030000000030202000002000200000000000000010000000000000000000000000200000000010202 1
2 0 402574 -138 12 16 13 15 -1 -1 1200101111000110000000000000020000000200030000000030202000002000200000000000000010000000000000000000000000200000000010202 1
1 0 400563 -138 4 8 2 14 -1 -1 1200101111000110000000000000020000000200030000000030202000002000200000000000000010000000000000000000000000000000002010202 1
2 0 400563 -138 13 15 14 14 -1 -1 1200111111000100000000000000020000000200030000000030202000002000200000000000000010000000000000000000000000000000002010202 1
1 0 398850 -138 10 12 9 11 -1 -1 1200111111000100000000000000020000000200030000000030202000002000200000000000000010000000000000000000000000000000000012202 1
2 0 398850 -138 8 12 10 10 -1 -1 1200111111000100000000000000020000000200030000000030202000002000200001000000000000000000000000000000000000000000000012202 1
1 0 396483 -138 9 11 8 10 -1 -1 1200111111000100000000000000020000000200030000000030202000000000200001000000000200000000000000000000000000000000000012202 1
2 0 396483 -138 14 14 15 13 -1 -1 1200111111000100000000000000020000000200030000000030202000010000200000000000000200000000000000000000000000000000000012202 1
1 0 394142 -138 8 10 4 14 -1 -1 1200111111000100000000000000020000000200030000000030202000010000200000000000000200000000000000000000000000000000000010222 1
2 0 394142 -138 10 10 11 9 -1 -1 1200111111000100010000000000020000000200030000000030202000000000200000000000000200000000000000000000000000000000000010222 1
1 0 392329 -138 14 12 13 13 -1 -1 1200111111000100010000000000020000000200030000000030202000000000200000000000000000000000002000000000000000000000000010222 1
2 0 392329 -138 11 9 12 10 -1 -1 1200111111000100010000000000020000000200030000000030202000000000200000000000000000000000002000000000000000000000010000222 1
1 0 390210 -138 13 13 12 12 -1 -1 1200111111000100010000000000020000000200030000000030202000000000200000000000000000000000000000000000000200000000010000222 1
2 0 390210 -138 12 10 13 9 -1 -1 1200111111000100010000000000020000000200030000000030202000000000200000000000000000000000000000000000000210000000000000222 1
1 0 388382 -138 12 12 11 13 -1 -1 1200111111000100010000000000020000000200030000000030202000000000200000000000000000000000000000000000000010000002000000222 1
2 0 388382 -138 13 9 14 10 -1 -1 1200111111000100010000000000020000000200030000000030202000000000200000000000000000000000000010000000000000000002000000222 1
1 0 386596 -138 11 13 10 12 -1 -1 1200111111000100010000000000020000000200030000000030202000000000200000000000000000000000000010000000000000000000000200222 1
2 0 386596 -138 8 20 9 19 -1 -1 1200111111000100010000000000020000000200030000000030202000000000200000000000000010000000000000000000000000000000000200222 1
1 0 385137 -138 10 12 9 13 -1 -1 1200111111000100010000000000020000000200030000000030202000000000000000000200000010000000000000000000000000000000000200222 1
2 0 385137 -138 9 19 10 18 -1 -1 1200111111000100010000000000020000000200030000000030202000000000000000100200000000000000000000000000000000000000000200222 1
1 0 382212 -138 9 13 8 12 -1 -1 1200111111000100010000000000020000000200030000000030202000000000000000100000000000020000000000000000000000000000000200222 1
2 0 382212 -138 10 18 11 17 -1 -1 1200111111000100010000000000020000000200030000000030202000001000000000000000000000020000000000000000000000000000000200222 1
1 0 380212 -138 8 12 6 10 -1 -1 1200111111000100010000000000020000000200030000000030202000001000000000000000000000000000000000200000000000000000000200222 1
2 0 380212 -138 11 17 12 16 -1 -1 1200111111000100010000000000020000000201030000000030202000000000000000000000000000000000000000200000000000000000000200222 1
1 0 378182 -138 6 10 5 11 -1 -1 1200111111000100010000000000020000000201030000000030202000000000000000000000000000000000000000000000000000200000000200222 1
2 0 378182 -138 12 16 13 15 -1 -1 1200111111000100010000000000120000000200030000000030202000000000000000000000000000000000000000000000000000200000000200222 1
1 0 375414 -138 5 11 4 12 -1 -1 1200111111000100010000000000120000000200030000000030202000000000000000000000000000000000000000000000000000000000002200222 1
2 0 375414 -138 13 15 14 14 -1 -1 1200111111000100110000000000020000000200030000000030202000000000000000000000000000000000000000000000000000000000002200222 1
1 0 374047 -138 4 12 2 10 -1 -1 1200111111000100110000000000020000000200030000000030202000000000000000000000000000000000000000000000000000000000000202222 1
2 0 374047 -138 7 19 8 18 -1 -1 1201111111000100010000000000020000000200030000000030202000000000000000000000000000000000000000000000000000000000000202222 1
1 0 373326 -138 3 15 1 13 -1 -1 1201111111000100010000000000020000000200030000000030200000000002000000000000000000000000000000000000000000000000000202222 1
2 0 373326 -138 8 18 9 17 -1 -1 1211111110000100010000000000020000000200030000000030200000000002000000000000000000000000000000000000000000000000000202222 1
1 0 372718 -138 4 14 3 15 -1 -1 1211111110000100010000000000020000000200030000000030200000000000000000002000000000000000000000000000000000000000000202222 1
