1322291116000
artificialwintelligence
kingfish
1 0 599746 600000 14 10 12 8 -1 -1 2222222222000000000000000000000000000000000000000000000000000000000000000000000000000000000000000000000000000001111111111 2
2 0 599746 599902 2 14 4 12 -1 -1 2222222222000000000000000000000000000000000000000000000000000000000000000000000000000000000000000000001000000001111011111 2
1 0 599555 599902 12 8 11 9 -1 -1 2222202222000000200000000000000000000000000000000000000000000000000000000000000000000000000000000000001000000001111011111 2
2 0 599555 599901 0 12 4 16 -1 -1 2222202222000000200000000000000000000000000000000000000000000000000000000000000000000000001000000000000000000001111011111 2
1 0 599187 599901 16 12 10 10 -1 -1 0222202222000000202000000000000000000000000000000000000000000000000000000000000000000000001000000000000000000001111011111 2
2 0 599187 599900 3 11 5 13 -1 -1 0222202222000000202000000000000000000000000000000000000000000000000000000000000100000000001000000000000000000001111011110 2
1 0 598226 599900 13 13 12 12 -1 -1 0222202022000000202000000000020000000000000000000000000000000000000000000000000100000000001000000000000000000001111011110 2
2 0 598226 599899 2 12 6 12 -1 -1 0222202022000000202000000000020000000000000000000000000000000000000000000000000100000000001000000000000010000001101011110 2
1 0 597150 599899 15 11 9 9 -1 -1 0222002022000000202000000000020000000000200000000000000000000000000000000000000100000000001000000000000010000001101011110 2
2 0 597150 599898 3 13 7 13 -1 -1 0222002022000000202000000000020000000000200000000000000000000000000010000000000100000000001000000000000010000001101011010 2
1 0 595582 599898 14 12 8 10 -1 -1 0222002002000000202000000000020000000000200000000002000000000000000010000000000100000000001000000000000010000001101011010 2
2 0 595582 594512 4 12 8 12 -1 -1 0222002002000000202000000000020000000000200000000002000000010000000010000000000100000000001000000000000010000001101001010 2
1 0 594605 594512 13 15 12 14 -1 -1 0222002002000000002000000000020000000000200000000002000000012000000010000000000100000000001000000000000010000001101001010 2
2 0 594605 590210 7 13 9 11 -1 -1 0222002002000000002000000000020000000000200000000002000000012000000010000000000100000000001000000000000011000001100001010 2
1 0 593800 590210 15 13 11 13 -1 -1 0222002002000000002000000000020000000000200000000000000000012000000012000000000100000000001000000000000011000001100001010 2
2 0 593800 586851 5 13 7 11 -1 -1 0222002002000000002000000000020000000000200000000000000000012000000012000000000100000000001010000000000011000001100001000 2
1 0 593205 586851 14 14 14 12 -1 -1 0222002002000000002000000000000000000000200000000020000000012000000012000000000100000000001010000000000011000001100001000 2
2 0 593205 582895 3 9 4 10 -1 -1 0222002002000000002000000000000000000000200000000020000000012000000012000000000100000000001010000000000011000001100010000 2
1 0 591620 582895 14 12 10 12 -1 -1 0222000002000002002000000000000000000000200000000020000000012000000012000000000100000000001010000000000011000001100010000 2
2 0 591620 580793 7 11 13 13 -1 -1 0222000002000002002000000000000000000000200000000020000000012000000012000000000110000000001010000000000011000001100000000 2
1 0 590229 580793 13 9 12 8 -1 -1 0222000002000002002000000000000000000000200000000000000000012000000012000000000110000000001010000000000011000001120000000 2
2 0 590229 578785 1 11 7 13 -1 -1 0222000002000002002000000000000000000000200000000000000000012000000012000000000110000000001010000000001011000000120000000 2
1 0 589421 578785 9 9 5 13 -1 -1 0022000002000002002000000000000000000000200000000002000000012000000012000000000110000000001010000000001011000000120000000 2
2 0 589421 573506 2 10 3 9 -1 -1 0022000002000002002000000000010000000000200000000002000000012000000002000000000110000000001010000000001011000000120000000 2
1 0 588302 573506 12 14 10 8 -1 -1 0020002002000002002000000000010000000000200000000002000000012000000002000000000110000000001010000000001011000000120000000 2
2 0 588302 568565 7 13 7 11 -1 -1 0020002002000002002000000000010000000000200000000002000000012000000002000000001110000000001010000000001010000000120000000 2
1 0 587241 568565 11 13 10 14 -1 -1 0020002002000002002000000000010000000000200000000020000000012000000002000000001110000000001010000000001010000000120000000 2
2 0 587241 564602 7 11 13 9 -1 -1 0020002002000002002000000000010000000000200000000020000000012000000002000000001111000000001000000000001010000000120000000 2
1 0 585151 564602 13 11 9 15 -1 -1 0020002002000002002000000000010000000000200000000000000000012000000002000000001111000000001000000000001010000002120000000 2
2 0 585151 560698 3 9 7 13 -1 -1 0020002002000002002000000000010000000000200000000000000000012000000002010000001111000000001000000000001010000002020000000 2
1 0 582961 560698 12 8 11 7 -1 -1 0020000002000002002000000000010000000000200000000002000000012000000002010000001111000000001000000000001010000002020000000 2
2 0 582961 554204 9 11 13 15 -1 -1 0020000002000002002000000000010000000000200000000002000000012000000002010000001111000000011000000000000010000002020000000 2
1 0 581971 554204 11 7 7 15 -1 -1 0020000002000002002000000000010000000000200000000002000000012000000000010000001111000000011000000000000010000002022000000 2
2 0 581971 547685 3 15 4 14 -1 -1 0020000002000002002000000000010000000000200000000002100000012000000000010000001111000000001000000000000010000002022000000 2
1 0 579424 547685 10 14 4 12 -1 -1 0020000000000002022000000000010000000000200000000002100000012000000000010000001111000000001000000000000010000002022000000 2
2 0 579424 539067 6 12 10 16 -1 -1 0020000000000002122000000000010000000000200000000002100000012000000000010000001110000000001000000000000010000002022000000 2
1 0 576887 539067 12 12 11 11 -1 -1 0020000000000002122000000000010000000000000000000002100000012000000000010000001110200000001000000000000010000002022000000 2
2 0 576887 533385 4 14 8 14 -1 -1 0020000000000002122000000000010000000000000000000002100000012000000000010000001110200000001100000000000000000002022000000 2
1 0 575096 533385 11 9 7 9 -1 -1 0020000000000002102000000000010000000000000000000002100000012200000000010000001110200000001100000000000000000002022000000 2
2 0 575096 527233 10 16 11 15 -1 -1 0020000000000002102000000000010000000000000000000102100000012200000000010000001110200000000100000000000000000002022000000 2
1 0 572219 527233 11 11 7 11 -1 -1 0020000000000002102000000000010000000000000000000102100000012200000000010000001110000000000102000000000000000002022000000 2
2 0 572219 523274 4 10 6 12 -1 -1 0020000000000002102000000000010000000000000000000112100000012200000000010000001110000000000002000000000000000002022000000 2
1 0 570241 523274 10 10 6 10 -1 -1 0020000000000000102000000000010000000000200000000112100000012200000000010000001110000000000002000000000000000002022000000 2
2 0 570241 516661 8 14 14 12 -1 -1 0020000000000000102000000000010000000001200000000112100000012200000000010000001010000000000002000000000000000002022000000 2
1 0 568015 516661 7 11 5 9 -1 -1 0020000000000000102000000000010000000001200000000112100000012000000000010000001010000000000002000000000000000002022020000 2
2 0 568015 509239 6 12 12 14 -1 -1 0020000000000000102000000001010000000001200000000102100000012000000000010000001010000000000002000000000000000002022020000 2
1 0 566172 509239 8 10 4 14 -1 -1 0020000000000000102000000001010000000001000000000102100000012000000000010000001010000000000002000000000002000002022020000 2
2 0 566172 503775 8 12 14 14 -1 -1 0020000000000000112000000001010000000001000000000102100000002000000000010000001010000000000002000000000002000002022020000 2
1 0 564756 503775 7 9 3 13 -1 -1 0020000000000000112000000001010000000001000000000102100000000000000000010000001010000000000002000000000002000002022022000 2
2 0 564756 499371 13 13 13 11 -1 -1 0020000010000000112000000001010000000001000000000002100000000000000000010000001010000000000002000000000002000002022022000 2
1 0 561557 499371 4 12 0 12 -1 -1 0020000010000000112000000001010000000001000000000002100000000000000000010000001010000000000002000000000002000002202022000 2
2 0 561557 494570 4 16 14 10 -1 -1 1020000010000000012000000001010000000001000000000002100000000000000000010000001010000000000002000000000002000002202022000 2
1 0 559849 494570 7 15 6 14 -1 -1 1020000010000000010000000001010000000001000000000002100000000000000000010000001010000000000002000000000002000002202222000 2
2 0 559849 492704 11 15 15 11 -1 -1 1020000010000000010000000001010000000001010000000002000000000000000000010000001010000000000002000000000002000002202222000 2
1 0 558531 492704 6 14 2 14 -1 -1 1020000010000000010000000001010000000001010000000002000000000000000000010000001010000000000000000000000002000002202222200 2
2 0 558531 491381 1 13 3 15 -1 -1 1020010010000000010000000001010000000001000000000002000000000000000000010000001010000000000000000000000002000002202222200 2
1 0 557497 491381 6 10 4 8 -1 -1 1000010012000000010000000001010000000001000000000002000000000000000000010000001010000000000000000000000002000002202222200 2
2 0 557497 490163 7 13 8 12 -1 -1 1000010012000010010000000001010000000000000000000002000000000000000000010000001010000000000000000000000002000002202222200 2
1 0 556368 490163 4 14 2 12 -1 -1 1000010012000010010000000001010000000000000000000000000000002000000000010000001010000000000000000000000002000002202222200 2
2 0 556368 489168 12 14 13 13 -1 -1 1000110012000010000000000001010000000000000000000000000000002000000000010000001010000000000000000000000002000002202222200 2
1 0 555748 489168 3 13 1 11 -1 -1 1000110012000010000000000001010000000000000000000000000000002000000000010000001010000000000000000000000000000002222222200 2
2 0 555748 488548 3 15 4 16 -1 -1 1100110002000010000000000001010000000000000000000000000000002000000000010000001010000000000000000000000000000002222222200 2
1 0 555401 488548 4 8 4 10 -1 -1 1100110000000010002000000001010000000000000000000000000000002000000000010000001010000000000000000000000000000002222222200 2
2 0 555401 487898 4 16 5 15 -1 -1 1100110000000001002000000001010000000000000000000000000000002000000000010000001010000000000000000000000000000002222222200 2
1 0 554694 487898 5 9 1 13 -1 -1 1100110000000001000000000001012000000000000000000000000000002000000000010000001010000000000000000000000000000002222222200 2
2 0 554694 487371 5 15 6 14 -1 -1 1110110000000001000000000000012000000000000000000000000000002000000000010000001010000000000000000000000000000002222222200 2
1 0 554207 487371 10 12 9 13 -1 -1 1110110000000001000000000000010000000000020000000000000000002000000000010000001010000000000000000000000000000002222222200 2
2 0 554207 486748 6 14 7 13 -1 -1 1110110000000001000000000000010000000000020000000000000000002000000000110000001000000000000000000000000000000002222222200 2
1 0 553460 486748 9 13 7 11 -1 -1 1110110000000001000000000000010000000000000000000002000000002000000000110000001000000000000000000000000000000002222222200 2
2 0 553460 486302 7 13 9 11 -1 -1 1110110000000001000000000000010000000000000000000012000000002000000000010000001000000000000000000000000000000002222222200 2
1 0 552617 486302 7 11 6 12 -1 -1 1110110000000001000000000000010000000000000000000010000000002000000002010000001000000000000000000000000000000002222222200 2
2 0 552617 485584 8 12 10 10 -1 -1 1110110000000001000000000000010000000000100000000000000000002000000002010000001000000000000000000000000000000002222222200 2
1 0 551953 485584 10 8 8 10 -1 -1 1110110000000001000000000000010000000000100000000000000000000000000002010000001200000000000000000000000000000002222222200 2
2 0 551953 484978 9 11 11 9 -1 -1 1110110000000001000000000000010000000000100000000000000000010000000002010000000200000000000000000000000000000002222222200 2
1 0 551502 484978 6 12 4 14 -1 -1 1110110000000001000000000000010000000000100000000000000000010000000000010000000200000000002000000000000000000002222222200 2
2 0 551502 484445 14 10 16 12 -1 -1 1110110000000001010000000000010000000000000000000000000000010000000000010000000200000000002000000000000000000002222222200 2
1 0 550738 484445 9 15 8 14 -1 -1 1110110000000001010000000000010000000000000000000000000000010000000000010000000200000000002000000000000000000002222022202 2
2 0 550738 483841 10 10 14 10 -1 -1 1110110000000001010000000000010000000000000000000000000000010100000000000000000200000000002000000000000000000002222022202 2
1 0 550275 483841 5 13 3 15 -1 -1 1110110000000001010000000000010000000000000000000000000000010100000000000000000000000000002000000000000000000002222222202 2
2 0 550275 483613 11 9 12 10 -1 -1 1110110001000001010000000000000000000000000000000000000000010100000000000000000000000000002000000000000000000002222222202 2
1 0 549947 483613 8 14 7 13 -1 -1 1110110001000001010000000000000000000000000000000000000000010100000000000000000000000000000000000000000200000002222222202 2
2 0 549947 483433 12 10 12 12 -1 -1 1110110001000001010000000000000000000000000000000001000000010000000000000000000000000000000000000000000200000002222222202 2
1 0 549547 483433 8 10 7 9 -1 -1 1110110001000001010000000000000000000000000000000001000000010000000000000000000000000000000000000000000020000002222222202 2
2 0 549547 483248 13 15 15 13 -1 -1 1110110001000001010000000000000000000000000000000101000000000000000000000000000000000000000000000000000020000002222222202 2
1 0 549213 483248 7 13 6 12 -1 -1 1110110001000001010000000000000000000000000000000101000000000000000000000000000000000000000000000000000020000002220222222 2
2 0 549213 483063 14 14 13 15 -1 -1 1110110001000001010000000000000000000000100000000100000000000000000000000000000000000000000000000000000020000002220222222 2
1 0 548701 483063 6 12 6 10 -1 -1 1110110001000001010000000000000000000000100000000100000000000000000000000000000000000000000000000000000020000002222220222 2
2 0 548701 482868 12 12 14 14 -1 -1 1110110001000001010000000000000000000001000000000100000000000000000000000000000000000000000000000000000020000002222220222 2
