1322287129000
kingfish
droptable
1 0 599802 600000 14 10 12 12 -1 -1 2222222222000000000000000000000000000000000000000000000000000000000000000000000000000000000000000000000000000001111111111 1
2 0 599802 593214 3 15 4 14 -1 -1 2222222222000000000000000000000000000000000000000000000000000000000000000000000000000000000000000000000010000001111011111 1
1 0 599800 593214 16 12 12 8 -1 -1 2222222220000000020000000000000000000000000000000000000000000000000000000000000000000000000000000000000010000001111011111 1
2 0 599800 589476 2 14 4 12 -1 -1 2222222220000000020000000000000000000000000000000000000000000000000000000000000000000000000000000000001010000001111011110 1
1 0 599799 589476 13 13 11 11 -1 -1 2222202220000000220000000000000000000000000000000000000000000000000000000000000000000000000000000000001010000001111011110 1
2 0 599799 579315 3 11 5 13 -1 -1 2222202220000000220000000000000000000000000000000000000000000000000000000000000000000000000100000000001010000001101011110 1
1 0 599798 579315 14 12 10 12 -1 -1 2222202020000000220000000000020000000000000000000000000000000000000000000000000000000000000100000000001010000001101011110 1
2 0 599798 566177 0 12 2 14 -1 -1 2222202020000000220000000000020000000000000000000000000000000000000000000000000010000000000100000000001010000001101001110 1
1 0 599797 566177 13 11 9 11 -1 -1 0222222020000000220000000000020000000000000000000000000000000000000000000000000010000000000100000000001010000001101001110 1
2 0 599797 552175 3 13 5 11 -1 -1 0222222020000000220000000000020000000000000000000000000000000000000001000000000010000000000100000000001010000001001001110 1
1 0 599625 552175 12 12 8 12 -1 -1 0222222000000000220000000000220000000000000000000000000000000000000001000000000010000000000100000000001010000001001001110 1
2 0 599625 539244 1 11 5 15 -1 -1 0222222000000000220000000000220000000000000000000000000000001000000001000000000010000000000100000000001000000001001001110 1
1 0 599624 539244 11 11 7 11 -1 -1 0022222000000000220000000000222000000000000000000000000000001000000001000000000010000000000100000000001000000001001001110 1
2 0 599624 517047 3 9 4 10 -1 -1 0022222000000000220000000000222000000000000000000010000000001000000001000000000010000000000000000000001000000001001001110 1
1 0 598528 517047 10 12 6 12 -1 -1 0022220000000002220000000000222000000000000000000010000000001000000001000000000010000000000000000000001000000001001001110 1
2 0 598528 509971 2 10 3 9 -1 -1 0022220000000002220000000000222000000000100000000010000000001000000001000000000000000000000000000000001000000001001001110 1
1 0 597388 509971 9 11 7 13 -1 -1 0020222000000002220000000000222000000000100000000010000000001000000001000000000000000000000000000000001000000001001001110 1
2 0 597388 504422 2 12 3 11 -1 -1 0020222000000002220000000000222000000000100000000011000000001000000000000000000000000000000000000000001000000001001001110 1
1 0 596113 504422 12 8 11 9 -1 -1 0020022200000002220000000000222000000000100000000011000000001000000000000000000000000000000000000000001000000001001001110 1
2 0 596113 497155 4 12 6 10 -1 -1 0020022200000002220000000000222000000000100000000011000000001000000000000000000000000000001000000000000000000001001001110 1
1 0 595149 497155 8 12 2 10 -1 -1 0020022200000002020000000000222000000002100000000011000000001000000000000000000000000000001000000000000000000001001001110 1
2 0 595149 490504 4 14 6 16 -1 -1 0021022200000002020000000000222000000002100000000011000000000000000000000000000000000000001000000000000000000001001001110 1
1 0 594129 490504 14 14 10 10 -1 -1 0021022200000002000000000000222000000002102000000011000000000000000000000000000000000000001000000000000000000001001001110 1
2 0 594129 486783 5 13 6 14 -1 -1 0021022200000002000000000000222000000002102000000011000000000000000000000000000100000000001000000000000000000001001000110 1
1 0 593304 486783 11 9 9 11 -1 -1 0021022200000002000000000000202000000002122000000011000000000000000000000000000100000000001000000000000000000001001000110 1
2 0 593304 480645 6 16 7 15 -1 -1 0021022200000002000000000000202000000002122000000011000000000000000001000000000100000000000000000000000000000001001000110 1
1 0 592313 480645 10 10 8 12 -1 -1 0021022200000002000000000000202000000002120000000011200000000000000001000000000100000000000000000000000000000001001000110 1
2 0 592313 473656 3 11 5 17 -1 -1 0021022200000002000000000000202000000002120000000011200000001000000001000000000000000000000000000000000000000001001000110 1
1 0 591522 473656 13 9 12 10 -1 -1 0021022000000002000000000000202200000002120000000011200000001000000001000000000000000000000000000000000000000001001000110 1
2 0 591522 465516 2 14 3 15 -1 -1 0021022000000002000000000000202200000002120000000011200000001000000001000000000000000000000000000000000100000000001000110 1
1 0 590820 465516 7 11 3 11 -1 -1 0021002002000002000000000000202200000002120000000011200000001000000001000000000000000000000000000000000100000000001000110 1
2 0 590820 452720 5 17 6 16 -1 -1 0021002102000002000000000000202200000002120000000001200000001000000001000000000000000000000000000000000100000000001000110 1
1 0 588234 452720 9 11 8 10 -1 -1 0021002102000002000000000000202000000002122000000001200000001000000001000000000000000000000000000000000100000000001000110 1
2 0 588234 444436 5 11 7 9 -1 -1 0021002102000002000000000000202000000002122000000001200000011000000000000000000000000000000000000000000100000000001000110 1
1 0 587060 444436 8 10 6 8 -1 -1 0021002102000002000000000000002000000002122000000201200000011000000000000000000000000000000000000000000100000000001000110 1
2 0 587060 429786 1 13 2 14 -1 -1 0021002102000002000000000000002000000012122000000201200000001000000000000000000000000000000000000000000100000000001000110 1
1 0 586520 429786 12 10 11 11 -1 -1 0001022102000002000000000000002000000012122000000201200000001000000000000000000000000000000000000000000100000000001000110 1
2 0 586520 424546 3 15 4 14 -1 -1 0001022102000002000000000000002000000012122000000201200000001000000000000000000000000000000100000000000000000000001000110 1
1 0 584846 424546 8 12 7 11 -1 -1 0001022100000002020000000000002000000012122000000201200000001000000000000000000000000000000100000000000000000000001000110 1
2 0 584846 417112 6 10 8 12 -1 -1 0001022100000002020000000000002000000012122000000211200000000000000000000000000000000000000100000000000000000000001000110 1
1 0 583526 417112 7 11 1 13 -1 -1 0001022100000002020000000000002000000010122000000211200000002000000000000000000000000000000100000000000000000000001000110 1
2 0 583526 407735 2 14 3 15 -1 -1 0011022100000002020000000000002000000010122000000201200000002000000000000000000000000000000100000000000000000000001000110 1
1 0 582599 407735 6 12 5 13 -1 -1 0011002102000002020000000000002000000010122000000201200000002000000000000000000000000000000100000000000000000000001000110 1
2 0 582599 396625 6 16 8 10 -1 -1 0011002102000002020000000000012000000010022000000201200000002000000000000000000000000000000100000000000000000000001000110 1
1 0 581100 396625 15 11 14 12 -1 -1 0011002102000002020000000000012000000010020000000201200000022000000000000000000000000000000100000000000000000000001000110 1
2 0 581100 385305 3 15 4 16 -1 -1 0011002102000002020000000000012000000010020000000201200000022000000000000000000000000000000100000000000000000000001010010 1
1 0 579386 385305 15 13 13 11 -1 -1 0011002100000002022000000000012000000010020000000201200000022000000000000000000000000000000100000000000000000000001010010 1
2 0 579386 370789 7 9 9 11 -1 -1 0011002100000002022000000000012000000010020000000201200000022000000000000000000000000000000100000000000000000000101010000 1
1 0 573097 370789 14 12 10 12 -1 -1 0011002100000002022000000000012000000010020000000001200000022000000002000000000000000000000100000000000000000000101010000 1
2 0 573097 366123 7 15 9 13 -1 -1 0011002100000002022000000000012000000010020000000001200000022000000002000000000010000000000100000000000000000000101000000 1
1 0 567139 366123 11 11 10 10 -1 -1 0011002100000002022000000000012000000010020000000001000000022000000002200000000010000000000100000000000000000000101000000 1
2 0 567139 358036 9 13 11 11 -1 -1 0011002100000002022000000000012000000010020000000001000000022000000002200000000110000000000000000000000000000000101000000 1
1 0 566421 358036 5 13 3 15 -1 -1 0011002100000002022000000000012000000010020000000001000000022000000002000000000110000000000200000000000000000000101000000 1
2 0 566421 353421 4 14 6 12 -1 -1 0011002101000002022000000000002000000010020000000001000000022000000002000000000110000000000200000000000000000000101000000 1
1 0 565592 353421 6 8 5 9 -1 -1 0011002101000002002000000000002000000010220000000001000000022000000002000000000110000000000200000000000000000000101000000 1
2 0 565592 343496 9 11 11 9 -1 -1 0011002101000002002000000001002000000000220000000001000000022000000002000000000110000000000200000000000000000000101000000 1
1 0 562928 343496 13 15 12 14 -1 -1 0011002101000002002000000001002000000000220000000001000000022000000000000000000110000000002200000000000000000000101000000 1
2 0 562928 332370 11 11 12 10 -1 -1 0011002101000002002000000001002000000000220000000001000000022000000000000000000110000000002200000000000001000000100000000 1
1 0 558360 332370 13 11 13 9 -1 -1 0011002101000002002000000001002000000000220000000001000000022000000000000000000110000000002000000000000201000000100000000 1
2 0 558360 317336 12 10 13 11 -1 -1 0011002101000002002000000001002000000000220000000001000000022000000000000000000110000000002000000000000201000001000000000 1
1 0 554533 317336 12 14 12 12 -1 -1 0011002101000002002000000001002000000000220000000001000000022000000000000000000110000000002000000000000001000001200000000 1
2 0 554533 296101 13 11 14 12 -1 -1 0011002101000002002000000001002000000000220000000001000000022000000000000000000110000000002000000000000010000001200000000 1
1 0 550627 296101 12 12 11 11 -1 -1 0011002101000002002000000001002000000000220000000001000000022000000000000000000110000000002000000000000010000001000020000 1
2 0 550627 283863 3 9 5 11 -1 -1 0011002101000002002000000001002000000000220000000001000000022000000000000000000110000000002100000000000000000001000020000 1
1 0 547445 283863 11 11 5 13 -1 -1 0011000101000002002000000001202000000000220000000001000000022000000000000000000110000000002100000000000000000001000020000 1
2 0 547445 272743 6 12 7 11 -1 -1 0011000101000002002000000001212000000000220000000001000000022000000000000000000110000000002000000000000000000001000020000 1
1 0 544927 272743 3 15 3 13 -1 -1 0011000101000002002000000001212000000000020000000021000000022000000000000000000110000000002000000000000000000001000020000 1
2 0 544927 257434 7 11 11 11 -1 -1 0011000110000002002000000001212000000000020000000021000000022000000000000000000110000000002000000000000000000001000020000 1
1 0 542971 257434 5 9 4 8 -1 -1 0011000110000002002000000001212000000000020000000001000000022000000000000000000110000000002200000000000000000001000020000 1
2 0 542971 245132 4 10 8 14 -1 -1 0011000110000012002000000000212000000000020000000001000000022000000000000000000110000000002200000000000000000001000020000 1
1 0 540871 245132 4 8 3 9 -1 -1 0011000110000010002000000000212000000000020000000001000000022200000000000000000110000000002200000000000000000001000020000 1
2 0 540871 225323 8 14 9 15 -1 -1 0011001110000000002000000000212000000000020000000001000000022200000000000000000110000000002200000000000000000001000020000 1
1 0 539452 225323 10 10 8 16 -1 -1 0011001110000000002000000000212000000000020000000001000000022000000000020000000110000000002200000000000000000001000020000 1
2 0 539452 210984 9 15 10 14 -1 -1 0011001110000000002000000000212000000000020000000001000000022010000000020000000010000000002200000000000000000001000020000 1
1 0 533650 210984 13 9 12 8 -1 -1 0011001110000000002000000000212000000000020000000001000000022010000000000000000012000000002200000000000000000001000020000 1
2 0 533650 180990 10 14 11 15 -1 -1 0011001110000000002000000000212000000000020000000001000000022010000000000000000012000000002200000000001000000000000020000 1
1 0 530169 180990 12 8 10 10 -1 -1 0011001110000000002000000000212000000000020000000001000000022010000000000000000010000000002202000000001000000000000020000 1
2 0 530169 150994 11 11 12 12 -1 -1 0011001110000000002000000000212000000000020000000001000000022010000000000000000110000000002202000000000000000000000020000 1
1 0 527306 150994 5 13 3 15 -1 -1 0011001110000000002000000000212000000000020000000001000000022010000000000000000110000000002002000000000020000000000020000 1
2 0 527306 120997 12 12 13 13 -1 -1 0011001111000000002000000000202000000000020000000001000000022010000000000000000110000000002002000000000020000000000020000 1
1 0 525988 120997 8 16 8 14 -1 -1 0011001111000000002000000000202000000000020000000001000000022010000000000000000110000000002002000000000000000000020020000 1
2 0 525988 91001 14 12 15 11 -1 -1 0011001111000000002000000000202000000000020000000001000000022100000000000000000110000000002002000000000000000000020020000 1
1 0 524609 91001 8 14 2 12 -1 -1 0011001111000000002000000000202000000000020000000001000000022100000000000000000110000000002002000000000000000000020000200 1
2 0 524609 61006 4 16 6 10 -1 -1 0011101111000000002000000000202000000000020000000001000000022000000000000000000110000000002002000000000000000000020000200 1
1 0 523905 61006 10 10 9 11 -1 -1 0011101111000000000000000000202000000002020000000001000000022000000000000000000110000000002002000000000000000000020000200 1
2 0 523905 31013 5 15 6 16 -1 -1 0011101111000000000000000000202000000002020000000001000000022000000001000000000010000000002002000000000000000000020000200 1
1 0 522106 31013 7 13 5 15 -1 -1 0011101111000000000000000000200000000002022000000001000000022000000001000000000010000000002002000000000000000000020000200 1
2 0 522106 1023 11 15 12 14 -1 -1 0011101111000000000000000000201000000002022000000000000000022000000001000000000010000000002002000000000000000000020000200 1
1 0 520998 1023 10 12 9 13 -1 -1 0011101111000000000000000000201000000002022000000000000000022000000001000000000010000000002000000000000002000000020000200 1
2 0 520998 1020 8 12 12 8 6 8 0011101111000000000000000000201000000002022000000000000000022000000001100000000000000000002000000000000002000000020000200 1
1 0 519172 1020 9 13 5 13 -1 -1 0011101111000000000000000000201000000032022000000000000000020000000001100000000000000000002000000000002002000000020000200 1
2 0 519172 1012 8 10 10 12 -1 -1 0011101111000000000000000000211000000032022000000000000000020000000001000000000000000000002000000000002002000000020000200 1
1 0 518088 1012 5 13 4 12 -1 -1 0011101111000000000000000000211000000032022000000000000000000000000001000000000020000000002000000000002002000000020000200 1
2 0 518088 1009 12 14 14 12 -1 -1 0011101111000000100000000000201000000032022000000000000000000000000001000000000020000000002000000000002002000000020000200 1
1 0 517563 1009 5 15 4 16 -1 -1 0011101111000000100000000000201000000032022000000000000000000000000001000000000020000000002000000000002000000000020020200 1
2 0 517563 1007 5 11 7 9 -1 -1 0011101111000000101000000000200000000032022000000000000000000000000001000000000020000000002000000000002000000000020020200 1
1 0 516905 1007 4 12 0 12 -1 -1 0011101111000000101000000000000000000032022000000200000000000000000001000000000020000000002000000000002000000000020020200 1
2 0 516905 1004 6 10 8 8 -1 -1 1011101111000000001000000000000000000032022000000200000000000000000001000000000020000000002000000000002000000000020020200 1
1 0 515976 1004 4 16 2 14 -1 -1 1011101111000000001000000000000000000030022000000200000000200000000001000000000020000000002000000000002000000000020020200 1
2 0 515976 1002 7 9 9 7 -1 -1 1011111111000000000000000000000000000030022000000200000000200000000001000000000020000000002000000000002000000000020020200 1
1 0 514887 1002 9 11 8 12 -1 -1 1011111111000000000000000000000000000030022000000000000000200000000201000000000020000000002000000000002000000000020020200 1
2 0 514887 1001 8 8 10 6 -1 -1 1011111111000000000000000000000000000030022000000000000000201000000200000000000020000000002000000000002000000000020020200 1
1 0 513804 1001 8 12 7 13 -1 -1 1011111111000000000000000000000000000030022000000000000000001000000200000000020020000000002000000000002000000000020020200 1
2 0 513804 1000 6 16 8 14 -1 -1 1011111111000000000000000000000000000030022000000001000000000000000200000000020020000000002000000000002000000000020020200 1
1 0 513420 1000 7 13 7 15 -1 -1 1011111111000000000000000000000000000030020000000001000000000200000200000000020020000000002000000000002000000000020020200 1
2 0 513420 998 6 14 8 12 -1 -1 1011111111000000000000000000000000000030020000000000100000000200000200000000020020000000002000000000002000000000020020200 1
1 0 512997 998 7 15 6 14 -1 -1 1011111111000000000000000000000000000030000000000000100000002200000200000000020020000000002000000000002000000000020020200 1
2 0 512997 997 8 14 9 13 -1 -1 1011111111000000000000000000000000000030010000000000000000002200000200000000020020000000002000000000002000000000020020200 1
1 0 511889 997 6 14 5 13 -1 -1 1011111111000000000000000000000000000030010000000000000000002000000200200000020020000000002000000000002000000000020020200 1
2 0 511889 996 9 13 13 9 -1 -1 1011111111000000000000000000010000000030000000000000000000002000000200200000020020000000002000000000002000000000020020200 1
1 0 511425 996 2 10 1 11 -1 -1 1011111111000000000000000000010000000030000000000000000000002000000200000000020020000000002000000000002000000002020020200 1
2 0 511425 994 12 8 16 12 -1 -1 1110111111000000000000000000010000000030000000000000000000002000000200000000020020000000002000000000002000000002020020200 1
1 0 510732 994 5 13 4 12 -1 -1 1110111111000000000000000000010000000030000000000000000000002000000200000000020020000000002000000000000000000002020020202 1
2 0 510732 992 9 7 10 8 -1 -1 1110111111000000100000000000000000000030000000000000000000002000000200000000020020000000002000000000000000000002020020202 1
1 0 510272 992 4 12 2 10 -1 -1 1110111111000000100000000000000000000030000000000000000000002000000000000000022020000000002000000000000000000002020020202 1
