1322295788000
ccplus
kingfish
1 0 599869 600000 14 10 12 8 -1 -1 2222222222000000000000000000000000000000000000000000000000000000000000000000000000000000000000000000000000000001111111111 2
2 0 599869 599906 2 14 4 12 -1 -1 2222222222000000000000000000000000000000000000000000000000000000000000000000000000000000000000000000001000000001111011111 2
1 0 599826 599906 12 8 11 9 7 11 2222202222000000200000000000000000000000000000000000000000000000000000000000000000000000000000000000001000000001111011111 2
2 0 599826 599905 0 12 4 16 -1 -1 2222202222000000200000000000000000000000000000000030000000000000000000000000000000000000001000000000000000000001111011111 2
1 0 599799 599905 14 12 10 8 7 13 0222202222000000202000000000000000000000000000000030000000000000000000000000000000000000001000000000000000000001111011111 2
2 0 599799 599904 3 11 5 13 -1 -1 0222202222000000202000000000000000000000000000000033000000000000000000000000001000000000001000000000000000000001111001111 2
1 0 599771 599904 10 8 9 9 -1 -1 0222202022000000202000000000020000000000000000000033000000000000000000000000001000000000001000000000000000000001111001111 2
2 0 599771 599903 2 12 6 12 -1 -1 0222202022000000202000000000020000000000000000000033000000000000000010000000000000000000001000000000000000000001111001111 2
1 0 599738 599903 14 14 8 8 -1 -1 0222002022000000202000000000020000000000200000000033000000000000000010000000000000000000001000000000000000000001111001111 2
2 0 599738 599707 6 12 14 12 -1 -1 0222002022000000202000000000020000000000200000000033000000100000000010000000000000000000001000000000000000000001111000111 2
1 0 599713 599707 8 8 7 9 -1 -1 0222002022000000202000000000020000000000000000000033000000100000000010000000000000000000001000000000000000000001111020111 2
2 0 599713 595944 4 12 14 10 -1 -1 0222002022000000202000000000020000000000000000000133000000000000000010000000000000000000001000000000000000000001111020111 2
1 0 599698 595944 13 9 12 10 -1 -1 0222002022000000002000000000020000000000000000000133000000000000000010000000000000000000001000000000000000000001111220111 2
2 0 599698 592363 2 10 14 14 -1 -1 0222002022000000002000000000020000000000000000000133000000000000000010000000000000000000001000000000000100000000111220111 2
1 0 599667 592363 15 11 11 11 -1 -1 0220002022000000002000000000020000000000000000000133000000000000000010000000000000000000001000000000000100000000111222111 2
2 0 599667 588295 4 16 12 12 -1 -1 0220002022000000002000000000020000000000000000000133000000000000000010000000000000000000001100000000000100000000111222011 2
1 0 599639 588295 12 10 2 12 -1 -1 0220002022000000000000000000020000000000000000000133000000000000000010000000000000000000001100000000000120000000111222011 2
2 0 599639 585465 1 11 2 10 -1 -1 0220102022000000000000000000020000000000000000000133000000000000000010000000000000000000001100000000000020000000111222011 2
1 0 599615 585465 13 11 11 13 -1 -1 0022102022000000000000000000020000000000000000000133000000000000000010000000000000000000001100000000000020000000111222011 2
2 0 599615 581696 2 10 12 8 -1 -1 0022102022000000000000000000020000000000000000000133000000000000000010000000000000000000001110000000000020000000011222011 2
1 0 599582 581696 15 13 13 11 -1 -1 0020102022000000000000000000020000000000000000000133000000000000000010000000000000000000001110000000002020000000011222011 2
2 0 599582 577459 1 13 2 14 -1 -1 0020102022000000000000000000020000000000000000000133000000000000000010000000000000000000001110000000002020000000111222001 2
1 0 599537 577459 16 12 15 11 -1 -1 0000122022000000000000000000020000000000000000000133000000000000000010000000000000000000001110000000002020000000111222001 2
2 0 599537 574680 12 8 13 9 -1 -1 0000122022000000000000000000020000000000000000000133000000000000000010000000000000000000001110000000002020000000111222100 2
1 0 599493 574680 13 13 12 14 -1 -1 0000122022000000000000000000020000000000000000000133000000000000000010000000000000000000001110000000000020000002111222100 2
2 0 599493 572064 2 14 12 8 -1 -1 0000122022000000000000000000020000000000000000000133000000000000000010000000000000000000001110000000000021000002101222100 2
1 0 599453 572064 15 11 11 15 -1 -1 0000102022000000000000000000020000000000000000000133000000000000000010000000000000000000001110000000002021000002101222100 2
2 0 599453 567294 5 13 6 12 -1 -1 0000102022000000000000000000020000000000000000000133000000000000000010000000000000000000001111000000002021000002101222000 2
1 0 599422 567294 13 11 12 10 -1 -1 0000102022000000000000000000000000000000200000000133000000000000000010000000000000000000001111000000002021000002101222000 2
2 0 599422 563937 6 12 10 8 -1 -1 0000102022000000000000000000000000000000200000000133000000000000000010000000000000000000001111000000002121000002001222000 2
1 0 599391 563937 11 9 10 10 -1 -1 0000102022000000000000000000000000000000000000000133000000000000000010000000002000000000001111000000002121000002001222000 2
2 0 599391 561232 12 12 13 11 -1 -1 0000102022000000000000000000000000000000000000000133000000000000000010000000002100000000000111000000002121000002001222000 2
1 0 599355 561232 10 10 6 10 -1 -1 0000102022000000000000000000000000000000000000000133000000000000000010000000002100000000000111000000002101000002201222000 2
2 0 599355 555800 3 15 4 14 -1 -1 0000102022000000000000000000000000000001000000000133000000000000000010000000002000000000000111000000002101000002201222000 2
1 0 599316 555800 11 13 10 12 -1 -1 0000102020000000020000000000000000000001000000000133000000000000000010000000002000000000000111000000002101000002201222000 2
2 0 599316 552580 3 13 5 15 -1 -1 0000102020000000020000000000000000000001000000000133000000000000000010000000002010000000000101000000002101000002201222000 2
1 0 599270 552580 13 15 9 11 -1 -1 0000102000000000020000000000002000000001000000000133000000000000000010000000002010000000000101000000002101000002201222000 2
2 0 599270 546958 5 15 6 14 -1 -1 0000102000000000020000000000002000000001000000000133000000000000000011000000002010000000000101000000002101000002200222000 2
1 0 599217 546958 12 10 11 9 -1 -1 0000102000000000020000000000000000000001020000000133000000000000000011000000002010000000000101000000002101000002200222000 2
2 0 599217 540043 6 14 12 12 -1 -1 0000102000000000020000000000000000000001020000000133000000000000000011000000002010000000001101000000002001000002200222000 2
1 0 599153 540043 10 12 6 8 -1 -1 0000102000000000020000000000000000000001000000000133000000000000000011000000002010000000001101000000002021000002200222000 2
2 0 599153 535910 12 12 13 13 -1 -1 0000102000000000020000000000000000000011000000000133000000000000000011000000002000000000001101000000002021000002200222000 2
1 0 599099 535910 11 9 11 13 -1 -1 0000102000000000020000000000000000000011000000000133000000000000000011000000002000000000001101000000002001000002220222000 2
2 0 599099 530941 10 8 12 10 -1 -1 0000102000000000020000000000000000000011000000000133000000000000000011000000002000000000000111000000002001000002220222000 2
1 0 599048 530941 7 9 5 11 -1 -1 0000102000000000020000000000000000000011000000000133000000000000000011000000000000000000000111000000002201000002220222000 2
2 0 599048 526211 12 10 12 12 -1 -1 0000102000000000020000000000100000000011000000000033000000000000000011000000000000000000000111000000002201000002220222000 2
1 0 598989 526211 12 14 4 10 -1 -1 0000102000000000020000000000100000000011000000000033000000000000000011000000000000000000000111000000002021000002220222000 2
2 0 598989 522973 4 14 5 13 -1 -1 0000102000000001020000000000100000000011000000000033000000000000000011000000000000000000000111000000002020000002220222000 2
1 0 598923 522973 11 11 10 10 -1 -1 0000102000000001000000000000120000000011000000000033000000000000000011000000000000000000000111000000002020000002220222000 2
2 0 598923 519379 5 13 6 12 -1 -1 0000102000000001000000000000120000000011000000000033000000000000000011000000000100000000000011000000002020000002220222000 2
1 0 598882 519379 11 13 10 14 -1 -1 0000102000000001000000000000100000000011200000000033000000000000000011000000000100000000000011000000002020000002220222000 2
2 0 598882 517166 3 9 3 11 -1 -1 0000102000000001000000000000100000000011200000000033000000000000000011000000000101000000000001000000002020000002220222000 2
1 0 598836 517166 9 9 8 8 -1 -1 0000100200000001000000000000100000000011200000000033000000000000000011000000000101000000000001000000002020000002220222000 2
2 0 598836 514592 3 11 9 13 -1 -1 0000100200000001000000000000100000000011200000000033000000100000000001000000000101000000000001000000002020000002220222000 2
1 0 598789 514592 10 10 6 14 -1 -1 0000100000000001000000000000100000000011200000000033000000100000000001200000000101000000000001000000002020000002220222000 2
2 0 598789 509565 6 12 12 14 -1 -1 0000100000000001000000000000100000000011210000000033000000100000000001200000000001000000000001000000002020000002220222000 2
1 0 598719 509565 11 15 10 16 -1 -1 0000100000000001000000000000100000000011010000000033000000100000000001200000000001000000000001000000002022000002220222000 2
2 0 598719 507312 12 14 13 15 -1 -1 0000100000000001000000000000100000000011010000000033000000100000000001200000000001100000000000000000002022000002220222000 2
1 0 598645 507312 10 16 6 12 -1 -1 0000100000000001000000000000100000000011010000000033000000100000000001200000000001100000000000000000002020000002222222000 2
2 0 598645 502276 13 11 15 13 -1 -1 0000100000000001000000000000100000000011110000000033000000100000000001200000000001000000000000000000002020000002222222000 2
1 0 598601 502276 9 11 8 10 -1 -1 0000100000000001000000000000100000000011110000000033000000100000000001200000000001000000000000000000002020000002022222020 2
2 0 598601 500490 9 13 11 15 -1 -1 0000100000000001000000000000100000000011110000000033000000110000000000200000000001000000000000000000002020000002022222020 2
1 0 598571 500490 10 14 9 13 -1 -1 0000100000000001000000000000100000000011110000000033000000110000000000000000000001000000000002000000002020000002022222020 2
2 0 598571 497863 12 12 13 11 -1 -1 0000100000000001000000000000100000000011110000000033000000110000000000100000000000000000000002000000002020000002022222020 2
1 0 598544 497863 9 13 8 12 -1 -1 0000100000000001000000000000100000000011110000000033000000110000000000100000000000000000000002000000002000000002222222020 2
2 0 598544 496392 11 15 12 14 -1 -1 0000100000000001000000000000100000000011110000000033000000111000000000000000000000000000000002000000002000000002222222020 2
1 0 598525 496392 5 11 3 9 -1 -1 0000100000000001000000000000100000000011110000000033000000111000000000000000000000000000000000000000002002000002222222020 2
2 0 598525 495923 12 8 12 10 -1 -1 0000101000000001000000000000000000000011110000000033000000111000000000000000000000000000000000000000002002000002222222020 2
1 0 598507 495923 2 12 1 13 -1 -1 0000101000000001000000000000000000000011110000000033000000111000000000000000000000000000000000000000000202000002222222020 2
2 0 598507 495452 12 10 12 12 -1 -1 0010001000000001000000000000000000000011110000000033000000111000000000000000000000000000000000000000000202000002222222020 2
1 0 598491 495452 1 13 0 12 -1 -1 0010001000000001000000000000000000000011110000000033000000111000000000000000000000000000000000000000000022000002222222020 2
2 0 598491 494748 13 9 15 11 -1 -1 1000001000000001000000000000000000000011110000000033000000111000000000000000000000000000000000000000000022000002222222020 2
1 0 598477 494748 3 9 2 10 -1 -1 1000001000000001000000000000000000000011110000000033000000111000000000000000000000000000000000000000000022000000222222220 2
2 0 598477 493983 14 10 16 12 -1 -1 1001000000000001000000000000000000000011110000000033000000111000000000000000000000000000000000000000000022000000222222220 2
1 0 598464 493983 2 10 1 11 -1 -1 1001000000000001000000000000000000000011110000000033000000111000000000000000000000000000000000000000000022000000222022222 2
2 0 598464 493534 12 12 14 10 -1 -1 1100000000000001000000000000000000000011110000000033000000111000000000000000000000000000000000000000000022000000222022222 2
1 0 598452 493534 4 10 3 9 -1 -1 1100000000000001000000000000000000000011110000000033000000111000000000000000000000000000000000000000000002000000222222222 2
2 0 598452 493308 13 13 13 9 -1 -1 1100001000000000000000000000000000000011110000000033000000111000000000000000000000000000000000000000000002000000222222222 2
1 0 598438 493308 3 9 2 10 -1 -1 1100001000000000000000000000000000000011110000000033000000111000000000000000000000000000000000000000000002000002202222222 2
2 0 598438 493073 12 14 13 13 -1 -1 1101000000000000000000000000000000000011110000000033000000111000000000000000000000000000000000000000000002000002202222222 2
