1322292022000
kingfish
artificialwintelligence
1 0 599815 600000 14 10 12 12 -1 -1 2222222222000000000000000000000000000000000000000000000000000000000000000000000000000000000000000000000000000001111111111 1
2 0 599815 599728 2 10 4 12 -1 -1 2222222222000000000000000000000000000000000000000000000000000000000000000000000000000000000000000000000010000001111011111 1
1 0 599813 599728 16 12 12 8 -1 -1 2220222222000000200000000000000000000000000000000000000000000000000000000000000000000000000000000000000010000001111011111 1
2 0 599813 599413 4 12 5 11 -1 -1 2220222222000000200000000000000000000000000000000000000000000000000000000000000000000000000000000000001010000001111011110 1
1 0 599812 599413 13 13 11 11 -1 -1 2220222222000000000000000000200000000000000000000000000000000000000000000000000000000000000000000000001010000001111011110 1
2 0 599812 598684 2 12 6 12 -1 -1 2220222222000000000000000000200000000000000000000000000000000000000000000000000000000000000100000000001010000001101011110 1
1 0 599811 598684 14 12 10 12 -1 -1 2220022222000000000000000000200000000000200000000000000000000000000000000000000000000000000100000000001010000001101011110 1
2 0 599811 597509 0 12 6 14 -1 -1 2220022222000000000000000000200000000000200000000000000000000000000000000000000010000000000100000000001010000001101001110 1
1 0 599810 597509 13 11 9 11 -1 -1 0220022222000000000000000000200000000000220000000000000000000000000000000000000010000000000100000000001010000001101001110 1
2 0 599810 596212 1 13 2 12 -1 -1 0220022222000000000000000000200000000000220000000000000000000000000001000000000010000000000100000000001010000001001001110 1
1 0 599627 596212 12 12 8 12 -1 -1 0200222222000000000000000000200000000000220000000000000000000000000001000000000010000000000100000000001010000001001001110 1
2 0 599627 595356 2 14 6 10 -1 -1 0200222222000000000000000000200000000000220000000000000000001000000001000000000010000000000100000000001000000001001001110 1
1 0 593732 595356 11 11 5 13 -1 -1 0200202222000000000000000000200000000002220000000000000000001000000001000000000010000000000100000000001000000001001001110 1
2 0 593732 594409 1 11 2 10 -1 -1 0200202222000000000000000000210000000002220000000000000000001000000001000000000010000000000000000000001000000001001001110 1
1 0 590263 594409 9 11 5 15 -1 -1 0002202222000000000000000000210000000002220000000000000000001000000001000000000010000000000000000000001000000001001001110 1
2 0 590263 593406 2 12 6 16 -1 -1 0002202222000000000000000000211000000002220000000000000000001000000000000000000010000000000000000000001000000001001001110 1
1 0 586289 593406 13 9 11 7 -1 -1 0002002222000000000000000000211000000002222000000000000000001000000000000000000010000000000000000000001000000001001001110 1
2 0 586289 592011 5 11 11 13 -1 -1 0002002222000000000000000000211000000002222000000000000000001000000000000000000010000000010000000000001000000000001001110 1
1 0 582256 592011 12 8 11 9 -1 -1 0002002222000000000000000000011000000002222000000000000000001000000000000000000010000000010020000000001000000000001001110 1
2 0 582256 590013 2 10 4 8 -1 -1 0002002222000000000000000000011000000002222000000000000000001000000000000000000010000000011020000000000000000000001001110 1
1 0 574862 590013 11 7 5 9 -1 -1 0000002222000020000000000000011000000002222000000000000000001000000000000000000010000000011020000000000000000000001001110 1
2 0 574862 588068 3 9 9 11 -1 -1 0000002222000020000000000001011000000002222000000000000000001000000000000000000010000000001020000000000000000000001001110 1
1 0 570518 588068 5 15 3 9 -1 -1 0000000222000020000000000001011000000002222000000000000000001000000002000000000010000000001020000000000000000000001001110 1
2 0 570518 586644 3 15 4 14 -1 -1 0000001222000020000000000001010000000002222000000000000000001000000002000000000010000000001020000000000000000000001001110 1
1 0 564360 586644 5 13 3 15 -1 -1 0000001220000020020000000001010000000002222000000000000000001000000002000000000010000000001020000000000000000000001001110 1
2 0 564360 585226 3 11 4 12 -1 -1 0000001221000020020000000001000000000002222000000000000000001000000002000000000010000000001020000000000000000000001001110 1
1 0 558310 585226 5 9 3 11 -1 -1 0000001021000020220000000001000000000002222000000000000000001000000002000000000010000000001020000000000000000000001001110 1
2 0 558310 583416 3 13 7 17 -1 -1 0000001121000020220000000000000000000002222000000000000000001000000002000000000010000000001020000000000000000000001001110 1
1 0 548531 583416 13 15 12 16 -1 -1 0000001101000020220000000000000000000002222000000000020000001000000002000000000010000000001020000000000000000000001001110 1
2 0 548531 581206 6 14 8 16 -1 -1 0000001101000020220000000000000000000002222000000000020000001000000002000000000010000000001020000000000000100000000001110 1
1 0 541200 581206 11 9 11 11 -1 -1 0000001101000020220000000000000000000002202000000000020000001020000002000000000010000000001020000000000000100000000001110 1
2 0 541200 577364 8 16 9 17 -1 -1 0000001101000020220000000000000000000002202000000000020000001020000002000000000010000000000120000000000000100000000001110 1
1 0 530150 577364 11 11 5 9 -1 -1 0000001101000020220000000000000000000002202000000000020000001000000002002000000010000000000120000000000000100000000001110 1
2 0 530150 575001 6 10 10 18 -1 -1 0000001101000020220000000001000000000002202000000000020000001000000002002000000010000000000020000000000000100000000001110 1
1 0 520882 575001 15 13 9 19 -1 -1 0000001101000020220000000001000000000000202000000000020000001000000002002000000010020000000020000000000000100000000001110 1
2 0 520882 572446 4 8 8 16 -1 -1 0000001101000020220000000001000000000000202000000000020000001000000002002100000010020000000020000000000000100000000001100 1
1 0 510854 572446 10 12 8 14 -1 -1 0000001101000000220000000001000000000000202000000000020000001020000002002100000010020000000020000000000000100000000001100 1
2 0 510854 569126 6 16 10 16 -1 -1 0000001101000000220000000001000000000000202000000000020000001120000002002100000000020000000020000000000000100000000001100 1
1 0 498576 569126 9 19 3 13 -1 -1 0000001101000000220000000001000000000000200000000000020000001120000002002100000000220000000020000000000000100000000001100 1
2 0 498576 565206 7 17 15 13 -1 -1 0000001111000000220000000001000000000000200000000000020000001120000002002000000000220000000020000000000000100000000001100 1
1 0 491784 565206 5 9 4 10 -1 -1 0000001111000000220000000001000000000000200000000000000000001120000002002000000000220000000020000000000000100000000001120 1
2 0 491784 564016 10 18 12 12 -1 -1 0000001111000001220000000000000000000000200000000000000000001120000002002000000000220000000020000000000000100000000001120 1
1 0 486890 564016 4 10 2 12 -1 -1 0000001111000001220000000000000000000000200000000000000000001120000002002000000000200000000020000000000020100000000001120 1
2 0 486890 562998 9 11 13 15 -1 -1 0000101111000000220000000000000000000000200000000000000000001120000002002000000000200000000020000000000020100000000001120 1
1 0 480503 562998 15 11 14 10 -1 -1 0000101111000000220000000000000000000000200000000000000000001120000000002000000000200000000020000000000020100000002001120 1
2 0 480503 561955 9 17 13 13 -1 -1 0000101111000000220000000000000000000000200000000000000000001120000000002000000000200000000020000000000020100000002101020 1
1 0 475646 561955 12 16 11 15 -1 -1 0000101111000000220000000000000000000000200000000000000000001120000000000000000000200000000020000000000020100000022101020 1
2 0 475646 560240 10 16 14 12 -1 -1 0000101111000000220000000000000000000000200000000000000000001120000000000000000000200000000021000000000020000000022101020 1
1 0 469773 560240 14 14 10 14 -1 -1 0000101111000000220000000000000000000000200000000000000000001120000000000000000000000000000021000000000020000000022121020 1
2 0 469773 557993 12 12 16 12 -1 -1 0000101111000000220000000000000000000000200000000000000000001120000000000000000001000000000021000000000020000000022120020 1
1 0 464588 557993 11 15 5 13 -1 -1 0000101111000000220000000000000000000000200000000000000000001120000000000000000001000000000021000000000000000000022120022 1
2 0 464588 556239 4 14 5 15 -1 -1 0000101111000000220000000000010000000000200000000000000000001120000000000000000001000000000020000000000000000000022120022 1
1 0 456843 556239 10 14 9 13 -1 -1 0000101111000000200000000000012000000000200000000000000000001120000000000000000001000000000020000000000000000000022120022 1
2 0 456843 553581 5 15 9 15 -1 -1 0000101111000000200000000000012000000000200000000000000000001120000000100000000000000000000020000000000000000000022120022 1
1 0 452894 553581 14 10 10 14 -1 -1 0000101111000000200000000000010000000000200000000000000000001120000000120000000000000000000020000000000000000000022120022 1
2 0 452894 550892 4 12 6 14 -1 -1 0000101111000000200000000000010000000000200000000000000000001120000000120000000001000000000020000000000000000000022020022 1
1 0 447986 550892 3 11 1 13 -1 -1 0000101111000000000000000000010000000000220000000000000000001120000000120000000001000000000020000000000000000000022020022 1
2 0 447986 548611 6 14 7 15 -1 -1 0010101011000000000000000000010000000000220000000000000000001120000000120000000001000000000020000000000000000000022020022 1
1 0 442496 548611 8 12 7 13 -1 -1 0010101011000000000000000000010000000000200000000000200000001120000000120000000001000000000020000000000000000000022020022 1
2 0 442496 547274 7 15 9 17 -1 -1 0010101011000000000000000000010000000000200000000001200000000120000000120000000001000000000020000000000000000000022020022 1
1 0 433515 547274 10 14 0 12 -1 -1 0010101011000000000000000000010000000000200000000001000000000120000000122000000001000000000020000000000000000000022020022 1
2 0 433515 545660 8 16 14 14 -1 -1 1010101011000000000000000000010000000000200000000001000000000120000000122000000000000000000020000000000000000000022020022 1
1 0 428473 545660 9 13 8 12 -1 -1 1010101011000000000000000000010000000000200000000001000000000100000000122000000000000000000020000000000000000000022022022 1
2 0 428473 544004 6 12 7 11 -1 -1 1010101011000000000000000000010000000000200000000001000000001100000000022000000000000000000020000000000000000000022022022 1
1 0 424837 544004 8 14 4 14 -1 -1 1010101011000000000000000000010000000000000000000021000000001100000000022000000000000000000020000000000000000000022022022 1
2 0 424837 541574 7 11 9 13 -1 -1 1010101011000000010000000000010000000000000000000021000000001000000000022000000000000000000020000000000000000000022022022 1
1 0 421809 541574 8 12 2 10 -1 -1 1010101011000000010000000000010000000000000000000001000000001000000000222000000000000000000020000000000000000000022022022 1
2 0 421809 539911 9 13 10 14 -1 -1 1011101011000000010000000000010000000000000000000001000000000000000000222000000000000000000020000000000000000000022022022 1
1 0 418875 539911 5 13 4 12 -1 -1 1011101011000000010000000000010000000000000000000001000000000000000000022000000002000000000020000000000000000000022022022 1
2 0 418875 539047 13 13 12 12 -1 -1 1011101011000000110000000000000000000000000000000001000000000000000000022000000002000000000020000000000000000000022022022 1
1 0 417777 539047 4 12 3 11 -1 -1 1011101011000000110000000000000000000000000000000001000000000000000000022000000002000000000020000000000020000000002022022 1
2 0 417777 538319 9 17 15 11 -1 -1 1011101111000000010000000000000000000000000000000001000000000000000000022000000002000000000020000000000020000000002022022 1
1 0 416184 538319 7 13 6 12 -1 -1 1011101111000000010000000000000000000000000000000001000000000000000000020000000002000000000020000000000020000000002022222 1
2 0 416184 537505 11 13 12 14 -1 -1 1011101111000000010000000000000000000000100000000000000000000000000000020000000002000000000020000000000020000000002022222 1
1 0 414995 537505 6 12 5 11 -1 -1 1011101111000000010000000000000000000000100000000000000000000000000000020000000002000000000000000000000022000000002022222 1
2 0 414995 536801 9 15 13 11 -1 -1 1011101111000000010000000000100000000000000000000000000000000000000000020000000002000000000000000000000022000000002022222 1
1 0 413817 536801 5 11 4 12 -1 -1 1011101111000000010000000000100000000000000000000000000000000000000000000000000002000000000000000000000022000000202022222 1
2 0 413817 536091 10 14 11 15 -1 -1 1011101111000000110000000000000000000000000000000000000000000000000000000000000002000000000000000000000022000000202022222 1
1 0 413215 536091 4 12 2 14 -1 -1 1011101111000000110000000000000000000000000000000000000000000000000000000000000000000000000002000000000022000000202022222 1
2 0 413215 535832 12 12 14 10 -1 -1 1011111111000000010000000000000000000000000000000000000000000000000000000000000000000000000002000000000022000000202022222 1
1 0 413022 535832 2 12 1 11 -1 -1 1011111111000000010000000000000000000000000000000000000000000000000000000000000000000000000002000000000002000000202222222 1
2 0 413022 535605 11 15 13 9 -1 -1 1111011111000000010000000000000000000000000000000000000000000000000000000000000000000000000002000000000002000000202222222 1
1 0 412975 535605 4 14 2 12 -1 -1 1111011111000000010000000000000000000000000000000000000000000000000000000000000000000000000000000000000002000002202222222 1
