1322294124000
kingfish
artificialwintelligence
1 0 599816 600000 14 10 12 12 -1 -1 2222222222000000000000000000000000000000000000000000000000000000000000000000000000000000000000000000000000000001111111111 2
2 0 599816 599590 2 12 4 14 -1 -1 2222222222000000000000000000000000000000000000000000000000000000000000000000000000000000000000000000000010000001111011111 2
1 0 599815 599590 16 12 12 8 -1 -1 2222022222000000020000000000000000000000000000000000000000000000000000000000000000000000000000000000000010000001111011111 2
2 0 599815 599315 3 13 5 15 -1 -1 2222022222000000020000000000000000000000000000000000000000000000000000000000000000000000000000000000001010000001111011110 2
1 0 599814 599315 13 13 11 11 -1 -1 2222022202000000020000000000002000000000000000000000000000000000000000000000000000000000000000000000001010000001111011110 2
2 0 599814 597959 2 10 4 16 -1 -1 2222022202000000020000000000002000000000000000000000000000000000000000000000000000000000000100000000001010000001101011110 2
1 0 599814 597959 14 12 10 12 -1 -1 2220022202000000022000000000002000000000000000000000000000000000000000000000000000000000000100000000001010000001101011110 2
2 0 599814 596651 0 12 4 8 -1 -1 2220022202000000022000000000002000000000000000000000000000000000000000000000000010000000000100000000001010000001101001110 2
1 0 599813 596651 13 11 9 11 -1 -1 0220022202000020022000000000002000000000000000000000000000000000000000000000000010000000000100000000001010000001101001110 2
2 0 599813 595468 4 14 6 16 -1 -1 0220022202000020022000000000002000000000000000000000000000000000000001000000000010000000000100000000001010000001001001110 2
1 0 599617 595468 12 12 8 12 -1 -1 0220022202000020002000000000002000000000002000000000000000000000000001000000000010000000000100000000001010000001001001110 2
2 0 599617 592624 3 15 7 15 -1 -1 0220022202000020002000000000002000000000002000000000000000001000000001000000000010000000000100000000001000000001001001110 2
1 0 599616 592624 11 11 7 11 -1 -1 0220022200000020002000000000002000000000002000000000200000001000000001000000000010000000000100000000001000000001001001110 2
2 0 599616 590906 7 15 8 16 -1 -1 0220022200000020002000000000002000000000002000000010200000001000000001000000000010000000000000000000001000000001001001110 2
1 0 599616 590906 10 12 6 12 -1 -1 0220022200000020002000000000002000000000002000000010000000001020000001000000000010000000000000000000001000000001001001110 2
2 0 599616 588919 1 13 9 17 -1 -1 0220022200000020002000000000002000000000102000000010000000001020000001000000000000000000000000000000001000000001001001110 2
1 0 599615 588919 9 11 5 11 -1 -1 0200022200000020002000000000002000000000102000000010000000001020000001002000000000000000000000000000001000000001001001110 2
2 0 599615 585958 1 11 2 10 -1 -1 0200022200000020002000000000102000000000102000000010000000001020000000002000000000000000000000000000001000000001001001110 2
1 0 594284 585958 7 11 1 13 -1 -1 0002022200000020002000000000102000000000102000000010000000001020000000002000000000000000000000000000001000000001001001110 2
2 0 594284 584217 9 17 10 16 -1 -1 0012022200000020002000000000102000000000102000000000000000001020000000002000000000000000000000000000001000000001001001110 2
1 0 591051 584217 6 12 2 12 -1 -1 0012022200000020002000000000102000000000102000000000000000001020000000000000000000200000000000000000001000000001001001110 2
2 0 591051 583148 2 14 3 15 -1 -1 0012122200000020002000000000102000000000002000000000000000001020000000000000000000200000000000000000001000000001001001110 2
1 0 588020 583148 12 8 11 9 -1 -1 0012102202000020002000000000102000000000002000000000000000001020000000000000000000200000000000000000001000000001001001110 2
2 0 588020 580891 2 10 6 10 -1 -1 0012102202000020002000000000102000000000002000000000000000001020000000000000000000200000001000000000000000000001001001110 2
1 0 584802 580891 14 14 10 10 -1 -1 0010102202000020002000000000102000000002002000000000000000001020000000000000000000200000001000000000000000000001001001110 2
2 0 584802 578494 3 15 11 15 -1 -1 0010102202000020002000000000102000000002002000000000000000001020000000000000000100200000001000000000000000000001001000110 2
1 0 580393 578494 11 9 7 13 -1 -1 0010102200000020002000000000102000000002002000000000000000001020000000000000000100200000001002000000000000000001001000110 2
2 0 580393 575679 5 15 9 15 -1 -1 0010102200000020002000000000102000000002002000000001000000001020000000000000000100200000000002000000000000000001001000110 2
1 0 575334 575679 8 12 6 14 -1 -1 0010102200000020002000000000100000000002002000000001000000001020000000020000000100200000000002000000000000000001001000110 2
2 0 575334 573369 8 16 16 12 -1 -1 0010102200000020002000000000100000000002012000000001000000000020000000020000000100200000000002000000000000000001001000110 2
1 0 566770 573369 15 13 14 14 -1 -1 0010102200000020002000000000100000000002012000000001000000000000000000020000000100200000000002000000000000000001001000112 2
2 0 566770 569087 6 10 6 8 -1 -1 0010102200000020002000000000100000000002012000000001000000000000000000020000000100200000000002000000000000000001001001102 2
1 0 559752 569087 14 14 8 16 -1 -1 0010102200000020002000000000100000000020012000000001000000000000000000020000000100200000000002000000000000000001001001102 2
2 0 559752 567220 3 9 7 9 -1 -1 0010102200000020002000000000100000000020012000000001000000000010000000020000000100200000000002000000000000000001001000102 2
1 0 552202 567220 7 13 6 12 -1 -1 0010100200000020002000000000100000000020012000000201000000000010000000020000000100200000000002000000000000000001001000102 2
2 0 552202 563867 3 11 4 10 -1 -1 0010100200000020002000000000100000000020112000000200000000000010000000020000000100200000000002000000000000000001001000102 2
1 0 545909 563867 8 16 7 15 -1 -1 0010100000000022002000000000100000000020112000000200000000000010000000020000000100200000000002000000000000000001001000102 2
2 0 545909 558028 4 8 8 8 -1 -1 0010100000000022002000000000100000000020112000000200100000000000000000020000000100200000000002000000000000000001001000102 2
1 0 538836 558028 7 15 3 11 -1 -1 0010100000000002002000000000100000000020112000000200100000200000000000020000000100200000000002000000000000000001001000102 2
2 0 538836 553687 4 10 5 9 -1 -1 0010100100000002002000000000100000000020112000000200000000200000000000020000000100200000000002000000000000000001001000102 2
1 0 533908 553687 6 14 0 12 -1 -1 0010100100000000002000000002100000000020112000000200000000200000000000020000000100200000000002000000000000000001001000102 2
2 0 533908 551561 5 9 11 11 -1 -1 1010100100000000002000000002100000000020102000000200000000200000000000020000000100200000000002000000000000000001001000102 2
1 0 529390 551561 6 12 4 10 -1 -1 1010100100000000002000000000100000000020102000000200000000200000000000020000000100200000000202000000000000000001001000102 2
2 0 529390 548791 4 16 5 17 -1 -1 1010100100000001002000000000100000000020002000000200000000200000000000020000000100200000000202000000000000000001001000102 2
1 0 524742 548791 5 11 1 11 -1 -1 1010100100000001000000000000100200000020002000000200000000200000000000020000000100200000000202000000000000000001001000102 2
2 0 524742 547694 5 17 7 15 -1 -1 1110100100000001000000000000000200000020002000000200000000200000000000020000000100200000000202000000000000000001001000102 2
1 0 519773 547694 15 11 14 12 -1 -1 1110100100000001000000000000000000000020002000000200200000200000000000020000000100200000000202000000000000000001001000102 2
2 0 519773 545825 10 16 12 14 -1 -1 1110100100000001000000000000000000000020002000000200200000200000000000020000000100200000000202000000000000000001001010002 2
1 0 514375 545825 10 10 6 14 -1 -1 1110100100000001000000000000000000000020002000000200200000200000000000020000000100000000000202000000000002000001001010002 2
2 0 514375 544375 6 8 8 10 -1 -1 1110100100000001000000000000000000000020012000000200200000200000000000020000000000000000000202000000000002000001001010002 2
1 0 510424 544375 13 9 13 11 -1 -1 1110100100000001000000000000000000000000012000000200200000220000000000020000000000000000000202000000000002000001001010002 2
2 0 510424 542025 7 9 9 11 -1 -1 1110100100000001000000000000000000000000012000000200200000220000000000020000000000000000000202000000000002000000101010002 2
1 0 506533 542025 13 11 12 12 -1 -1 1110100100000001000000000000000000000000012000000000200000220000000002020000000000000000000202000000000002000000101010002 2
2 0 506533 539599 6 16 10 16 -1 -1 1110100100000001000000000000000000000000012000000000200000220000000002020000000000000000000202000000000012000000001010002 2
1 0 502064 539599 13 15 11 13 -1 -1 1110100100000001000000000000000000000000010000000000200000220000000002020000000000200000000202000000000012000000001010002 2
2 0 502064 537887 8 10 12 10 -1 -1 1110100100000001000000000000000000000000010000000000200000220000000002020000000000200000000212000000000012000000000010002 2
1 0 495518 537887 6 14 5 13 -1 -1 1110100100000001000000000000000000000000010000000000200000200000000002020000000000200000000212000000000212000000000010002 2
2 0 495518 533538 11 11 15 11 -1 -1 1110100100000001000000000000010000000000000000000000200000200000000002020000000000200000000212000000000212000000000010002 2
1 0 489126 533538 12 12 2 14 -1 -1 1110100100000001000000000000010000000000000000000000200000200000000002020000000000200000000012000000000212000000000010202 2
2 0 489126 530890 7 15 8 16 -1 -1 1110110100000001000000000000010000000000000000000000200000200000000002020000000000200000000012000000000202000000000010202 2
1 0 485840 530890 4 10 3 9 -1 -1 1110110100000001000000000000010000000000000000000000000000200020000002020000000000200000000012000000000202000000000010202 2
2 0 485840 528838 8 16 12 8 -1 -1 1110111100000000000000000000010000000000000000000000000000200020000002020000000000200000000012000000000202000000000010202 2
1 0 483524 528838 5 13 4 12 -1 -1 1110111100000000000000000000010000000000000000000000000000200000000002020000000000200000000012000000002202000000000010202 2
2 0 483524 527294 9 15 11 17 -1 -1 1110111100000000100000000000000000000000000000000000000000200000000002020000000000200000000012000000002202000000000010202 2
1 0 482198 527294 4 12 3 13 -1 -1 1110111100000000100000000000000000000000000000000000000000200000000002000000000000200000000012200000002202000000000010202 2
2 0 482198 526118 11 15 13 9 -1 -1 1110111110000000000000000000000000000000000000000000000000200000000002000000000000200000000012200000002202000000000010202 2
1 0 480076 526118 11 13 10 12 -1 -1 1110111110000000000000000000000000000000000000000000000000200000000002000000000000200000000010200000002202000002000010202 2
2 0 480076 524613 9 11 13 15 -1 -1 1110111110000000000000000000000000000000000000000000000000200000000002000000000010200000000000200000002202000002000010202 2
1 0 478900 524613 10 12 9 13 -1 -1 1110111110000000000000000000000000000000000000000000000000200000000000000000000010200000000000200000002202000002002010202 2
2 0 478900 523806 8 8 9 9 -1 -1 1110111110000000000000000000000000000000000000000000000000200000000000100000000000200000000000200000002202000002002010202 2
1 0 477638 523806 9 13 8 12 -1 -1 1110111110000000000000000000000000000000000000000000000000000000000020100000000000200000000000200000002202000002002010202 2
2 0 477638 522816 12 8 14 10 -1 -1 1110111110000000000000000000000000000000000000000000000000001000000020000000000000200000000000200000002202000002002010202 2
1 0 476776 522816 8 12 7 11 -1 -1 1110111110000000000000000000000000000000000000000000000000001000000020000000000000200000000000200000000202000002002210202 2
2 0 476776 521729 9 9 10 8 -1 -1 1110111110000000000000000000000000000000000000000010000000000000000020000000000000200000000000200000000202000002002210202 2
1 0 475915 521729 7 11 6 12 -1 -1 1110111110000000000000000000000000000000000000000010000000000000000000000000002000200000000000200000000202000002002210202 2
2 0 475915 521122 10 16 11 15 -1 -1 1110111110000000000000000000000000000000100000000000000000000000000000000000002000200000000000200000000202000002002210202 2
1 0 475143 521122 6 12 5 11 -1 -1 1110111110000000000000000000000000000000100000000000000000000000000000000000002000000000000002200000000202000002002210202 2
2 0 475143 520218 11 15 13 13 -1 -1 1110111110000000000000000000100000000000000000000000000000000000000000000000002000000000000002200000000202000002002210202 2
1 0 473991 520218 5 11 4 12 -1 -1 1110111110000000000000000000100000000000000000000000000000000000000000000000002000000000000000200000000202000002022210202 2
2 0 473991 519375 10 8 11 9 -1 -1 1110111110000000100000000000000000000000000000000000000000000000000000000000002000000000000000200000000202000002022210202 2
1 0 473476 519375 4 12 2 10 -1 -1 1110111110000000100000000000000000000000000000000000000000000000000000000000000000000000002000200000000202000002022210202 2
2 0 473476 518741 11 9 15 13 -1 -1 1111111110000000000000000000000000000000000000000000000000000000000000000000000000000000002000200000000202000002022210202 2
1 0 472901 518741 14 12 14 14 -1 -1 1111111110000000000000000000000000000000000000000000000000000000000000000000000000000000000000200000000202000002022210222 2
2 0 472901 518371 11 17 12 16 -1 -1 1111111110000000000000000000000000000000000000000000000000000000000000000000000000000000000000200000000202000002022201222 2
1 0 472531 518371 14 14 12 12 -1 -1 1111111110000000000000000000000000000000000000000000000000000000000000000000000000000000000000000000000202200002022201222 2
2 0 472531 518027 12 16 14 14 -1 -1 1111111110000000000000000000000000000000000000000000000000000000000000000000000000000000000000000000000212200002022200222 2
1 0 472259 518027 12 12 11 13 -1 -1 1111111110000000000000000000000000000000000000000000000000000000000000000000000000000000000000000000000212000002022202222 2
2 0 472259 517650 12 14 14 12 -1 -1 1111111110000000000000000000000000000000000000000000000000000000000000000000000000000000000010000000000202000002022202222 2
1 0 472085 517650 11 13 10 12 -1 -1 1111111110000000000000000000000000000000000000000000000000000000000000000000000000000000000010000000000200000002022222222 2
2 0 472085 517403 12 10 13 11 -1 -1 1111111110000000000000000000000000000000000000000000000000000000000000000000000010000000000000000000000200000002022222222 2
