1322289370000
droptable
kingfish
1 0 593595 600000 13 15 12 14 -1 -1 2222222222000000000000000000000000000000000000000000000000000000000000000000000000000000000000000000000000000001111111111 1
2 0 593595 599917 2 14 4 12 -1 -1 2222222222000000000000000000000000000000000000000000000000000000000000000000000000000000000000000000000001000001110111111 1
1 0 580070 599917 15 13 13 15 -1 -1 2222202222000000200000000000000000000000000000000000000000000000000000000000000000000000000000000000000001000001110111111 1
2 0 580070 599916 0 12 4 16 -1 -1 2222202222000000200000000000000000000000000000000000000000000000000000000000000000000000000000000000000001000001111111101 1
1 0 568193 599916 13 13 11 15 -1 -1 0222202222000000202000000000000000000000000000000000000000000000000000000000000000000000000000000000000001000001111111101 1
2 0 568193 599915 2 12 4 10 -1 -1 0222202222000000202000000000000000000000000000000000000000000000000000000000000000000000000001000000000001000001101111101 1
1 0 564530 599915 14 14 10 14 -1 -1 0222002222000002202000000000000000000000000000000000000000000000000000000000000000000000000001000000000001000001101111101 1
2 0 564530 599914 3 9 5 11 -1 -1 0222002222000002202000000000000000000000000000000000000000000000000000000000000001000000000001000000000001000001101110101 1
1 0 549861 599914 12 14 11 13 -1 -1 0222000222000002202000000000200000000000000000000000000000000000000000000000000001000000000001000000000001000001101110101 1
2 0 549861 599913 1 11 3 9 -1 -1 0222000222000002202000000000200000000000000000000000000000000000000000000000000001000000000011000000000000000001101110101 1
1 0 538214 599913 10 14 9 13 -1 -1 0022002222000002202000000000200000000000000000000000000000000000000000000000000001000000000011000000000000000001101110101 1
2 0 538214 599770 3 11 5 13 -1 -1 0022002222000002202000000000200000000000000000000000000000000000000000100000000000000000000011000000000000000001101110101 1
1 0 529708 599770 13 9 12 8 -1 -1 0022002022000002202000000000220000000000000000000000000000000000000000100000000000000000000011000000000000000001101110101 1
2 0 529708 599769 4 10 6 12 -1 -1 0022002022000002202000000000220000000000000000000000000000000000000000100000000000000000000011000000001000000000101110101 1
1 0 522157 599769 13 15 12 16 -1 -1 0022002022000000202000000000220000000000200000000000000000000000000000100000000000000000000011000000001000000000101110101 1
2 0 522157 599768 4 12 6 14 -1 -1 0022002022000000202000000000220000000000200000000000000000000000000000100000000000000000000011000000001000100000100110101 1
1 0 513441 599768 14 10 8 12 -1 -1 0022002022000000002000000000220000000000220000000000000000000000000000100000000000000000000011000000001000100000100110101 1
2 0 513441 594951 5 13 7 15 -1 -1 0022002022000000002000000000220000000000220000000000000000001000000000100000000000000000000011000000001000100000100010101 1
1 0 500182 594951 12 16 11 17 -1 -1 0022002022000000002000000000200000000000220000000000200000001000000000100000000000000000000011000000001000100000100010101 1
2 0 500182 590351 6 12 12 14 -1 -1 0022002022000000002000000000200000000000220000000000200000001000000000100000000000000000000011100000001000000000100010101 1
1 0 493335 590351 16 12 10 14 -1 -1 0022002022000000002000000000200000000000020000000000200000001000000000100000000000000000000011100000001002000000100010101 1
2 0 493335 586512 1 13 2 12 -1 -1 0022002022000000002000000000200000000000020000000000200000001000000000100000000001000000000011100000001002000000100010100 1
1 0 484973 586512 15 11 13 9 -1 -1 0002202022000000002000000000200000000000020000000000200000001000000000100000000001000000000011100000001002000000100010100 1
2 0 484973 579537 4 16 5 15 -1 -1 0002202022000000002000000000200000000000020000000000200000001000000000100000000001000000000011100000001002000001100010000 1
1 0 475852 579537 11 13 7 13 -1 -1 0002202022000000000000000000202000000000020000000000200000001000000000100000000001000000000011100000001002000001100010000 1
2 0 475852 572401 2 12 12 18 -1 -1 0002202022000000000000000000202000000000020000000001200000001000000000100000000001000000000001100000001002000001100010000 1
1 0 466235 572401 11 17 10 16 -1 -1 0002002022000000000000000000202000000000020000000001200000001000000000100000000001000000000001100000001002020001100010000 1
2 0 466235 566773 3 13 4 14 -1 -1 0002002022000000000000000000202000000000020000000001200000001000000000100000000001100000000001000000001002020001100010000 1
1 0 461874 566773 14 12 12 10 -1 -1 0002002002000000020000000000202000000000020000000001200000001000000000100000000001100000000001000000001002020001100010000 1
2 0 461874 561732 4 14 10 12 -1 -1 0002002002000000020000000000202000000000020000000001200000001000000000100000000001100000000001000000001102020001100000000 1
1 0 455914 561732 9 13 7 11 -1 -1 0002002002000000000000000000202000000000020000000001200000001000000000100000000021100000000001000000001102020001100000000 1
2 0 455914 556771 5 11 6 10 -1 -1 0002002002000000000000000000202000000000020000000011200000001000000000000000000021100000000001000000001102020001100000000 1
1 0 451313 556771 13 11 11 9 -1 -1 0002002002000000000000000000002000000002020000000011200000001000000000000000000021100000000001000000001102020001100000000 1
2 0 451313 553603 3 15 4 14 -1 -1 0002002002000000000000000000002000000002020000000011200000001000000000000000000021100000001001000000001102020001000000000 1
1 0 440975 553603 10 14 9 15 -1 -1 0002002000000000020000000000002000000002020000000011200000001000000000000000000021100000001001000000001102020001000000000 1
2 0 440975 544307 6 14 10 14 -1 -1 0002002000000000020000000000002000000002020000000011200000001000000000010000000020100000001001000000001102020001000000000 1
1 0 435892 544307 10 16 6 16 -1 -1 0002002000000000020000000000002000000002000000000011200000001000000000010000000022100000001001000000001102020001000000000 1
2 0 435892 534148 12 14 13 13 -1 -1 0002002000000000020000000000002000000002001000000011200000001000000000010000000022000000001001000000001102020001000000000 1
1 0 431719 534148 13 9 9 13 -1 -1 0002002000000000020000000000002000000002001000000011200000001000000000010000000022000000001001000000001100020001020000000 1
2 0 431719 527412 2 10 4 8 -1 -1 0002002000000000020000000000002000000002001000000011200000001000000000110000000022000000001001000000001100020000020000000 1
1 0 428806 527412 11 15 10 16 -1 -1 0000002000000020020000000000002000000002001000000011200000001000000000110000000022000000001001000000001100020000020000000 1
2 0 428806 522308 4 14 4 16 -1 -1 0000002000000020020000000000002000000002001000000011200000001000000000110000000022100000001000000000001100020000020000000 1
1 0 418253 522308 10 16 8 10 -1 -1 0000002000000020002000000000002000000002001000000011200000001000000000110000000022100000001000000000001100020000020000000 1
2 0 418253 515719 4 16 8 16 -1 -1 0000002000000020002000000000002000000002001000000011200000011000000000110000000022000000001000000000001100020000020000000 1
1 0 413890 515719 12 8 10 10 -1 -1 0000002000000020000000000000002000000002001000000011200000011020000000110000000022000000001000000000001100020000020000000 1
2 0 413890 509292 6 10 7 9 -1 -1 0000002000000020000000000000002000000002001000000011200000011020000000110000000122000000001000000000000100020000020000000 1
1 0 408463 509292 8 10 6 12 -1 -1 0000002000000020000000000000002000000000001000000211200000011020000000110000000122000000001000000000000100020000020000000 1
2 0 408463 502438 5 15 7 17 -1 -1 0000002000000020000000000000002000000000101000000211200000001020000000110000000122000000001000000000000100020000020000000 1
1 0 398753 502438 8 12 6 10 -1 -1 0000002000000020000000000000000000000000101000000211220000001020000000110000000122000000001000000000000100020000020000000 1
2 0 398753 495185 10 14 11 13 -1 -1 0000002000000020000000000000000000000001101000000211220000000020000000110000000122000000001000000000000100020000020000000 1
1 0 394305 495185 10 10 6 18 -1 -1 0000002000000020000000000000000000000001101000000211220000000020000000110000000120000000001020000000000100020000020000000 1
2 0 394305 487562 8 16 14 14 -1 -1 0000002000000020000000000000000000000001101100000211220000000020000000110000000020000000001020000000000100020000020000000 1
1 0 386614 487562 7 13 5 11 -1 -1 0000002000000020000000000000000000000001101100000211220000000000000000110000000020000000001020000000000100020000020002000 1
2 0 386614 482489 10 12 14 12 -1 -1 0000002000000020000000000000100000000001101100000210220000000000000000110000000020000000001020000000000100020000020002000 1
1 0 384535 482489 6 16 5 17 -1 -1 0000002000000020000000000000100000000001101100000210220000000000000000110000000000000000001020000000000100020000020022000 1
2 0 384535 476523 7 15 8 16 -1 -1 0000002000000020000000000000100100000001100100000210220000000000000000110000000000000000001020000000000100020000020022000 1
1 0 381534 476523 6 18 4 16 -1 -1 0000002000000020000000000000100100000001100100000210020000000020000000110000000000000000001020000000000100020000020022000 1
2 0 381534 471881 7 17 8 18 -1 -1 0000002000000020001000000000100100000001100000000210020000000020000000110000000000000000001020000000000100020000020022000 1
1 0 373520 471881 4 16 3 15 -1 -1 0000002000000020001000000000100100000001100000000210000000000022000000110000000000000000001020000000000100020000020022000 1
2 0 373520 467458 8 18 12 14 -1 -1 0000002001000020000000000000100100000001100000000210000000000022000000110000000000000000001020000000000100020000020022000 1
1 0 370299 467458 11 9 10 10 -1 -1 0000002001000020000000000000100100000001100000000210000000000020000000110000000000000000001020000000000102020000020022000 1
2 0 370299 461981 8 16 8 12 -1 -1 0000002001000020000000000000100100000001100000000210000000000020000000110000000100000000000020000000000102020000020022000 1
1 0 368272 461981 10 10 9 11 -1 -1 0000002001000020000000000000100100000001100000000210000000002000000000110000000100000000000020000000000102020000020022000 1
2 0 368272 457360 14 14 15 13 -1 -1 0000002001000020000000000000100100000001100000000210000000002000000001110000000000000000000020000000000102020000020022000 1
1 0 366044 457360 5 17 4 16 -1 -1 0000002001000020000000000000100100000001100000000210000000002000000001110000000000000000000020000000000102020000020020020 1
2 0 366044 452999 8 12 16 12 -1 -1 0000002001000020001000000000100000000001100000000210000000002000000001110000000000000000000020000000000102020000020020020 1
1 0 362365 452999 12 10 11 11 -1 -1 0000002001000020001000000000100000000001100000000210000000000000000001110000000000000000000020000000000102020000020020022 1
2 0 362365 449321 3 9 5 7 -1 -1 0000002001000020001000000000100000000001100000000210000000000000000001110000000000000000000120000000000002020000020020022 1
1 0 358548 449321 11 11 10 12 -1 -1 0000000001000020001000000020100000000001100000000210000000000000000001110000000000000000000120000000000002020000020020022 1
2 0 358548 445828 11 13 13 11 -1 -1 0000000001000020001000000020100000000001100000000210000000000000000001110000000010000000000020000000000002020000020020022 1
1 0 355908 445828 10 12 8 14 -1 -1 0000000001000020001000000020100000000001100000000210000000000000000001110000000010000000000000000000000002020000220020022 1
2 0 355908 442233 12 14 13 15 -1 -1 0000000001000020001000000020100000000001100000000210000000000100000001110000000000000000000000000000000002020000220020022 1
1 0 354248 442233 9 11 8 12 -1 -1 0000000001000020001000000020100000000001100000000210000000000100000001110000000000000000000000000000000000020000222020022 1
2 0 354248 439191 7 9 9 11 -1 -1 0000000001000020001000000020100000000001100000000210000000001100000000110000000000000000000000000000000000020000222020022 1
1 0 353561 439191 9 15 7 13 -1 -1 0000000001000020001000000020100000000001100000000010000000001100000002110000000000000000000000000000000000020000222020022 1
2 0 353561 438141 4 8 6 6 -1 -1 0000000001000020001000000020100000000001100000000011000000001100000002100000000000000000000000000000000000020000222020022 1
1 0 352892 438141 4 16 2 14 -1 -1 0000000001000000001000000020100000000201100000000011000000001100000002100000000000000000000000000000000000020000222020022 1
2 0 352892 436562 6 6 6 8 -1 -1 0000010001000000000000000020100000000201100000000011000000001100000002100000000000000000000000000000000000020000222020022 1
1 0 352548 436562 3 15 1 13 -1 -1 0000010001000000000000000020100000000021100000000011000000001100000002100000000000000000000000000000000000020000222020022 1
2 0 352548 435695 5 7 7 9 -1 -1 0010010000000000000000000020100000000021100000000011000000001100000002100000000000000000000000000000000000020000222020022 1
1 0 352086 435695 6 10 4 12 -1 -1 0010010000000000000000000000100000000021100000000211000000001100000002100000000000000000000000000000000000020000222020022 1
2 0 352086 434633 6 8 10 12 -1 -1 0010010000000000100000000000100000000020100000000211000000001100000002100000000000000000000000000000000000020000222020022 1
1 0 351487 434633 7 11 3 11 -1 -1 0010010000000000100000000000100000000000100000000211000000001100000002100000000020000000000000000000000000020000222020022 1
2 0 351487 432515 7 9 8 10 -1 -1 0010010100000000100000000000100000000000100000000201000000001100000002100000000020000000000000000000000000020000222020022 1
1 0 350183 432515 6 12 2 12 -1 -1 0010010100000000100000000000100000000000100000000001000000021100000002100000000020000000000000000000000000020000222020022 1
2 0 350183 430912 9 11 11 13 -1 -1 0010110100000000100000000000100000000000000000000001000000021100000002100000000020000000000000000000000000020000222020022 1
1 0 349693 430912 5 11 1 11 -1 -1 0010110100000000100000000000100000000000000000000001000000021100000000100000000020000000000020000000000000020000222020022 1
2 0 349693 428685 8 10 9 9 -1 -1 0110110100000000100000000000000000000000000000000001000000021100000000100000000020000000000020000000000000020000222020022 1
1 0 349285 428685 8 12 6 14 -1 -1 0110110100000000100000000000000000000000000000000001000000001100000020100000000020000000000020000000000000020000222020022 1
2 0 349285 427057 9 9 10 10 -1 -1 0110110100000000100000000000000000000000010000000001000000000100000020100000000020000000000020000000000000020000222020022 1
1 0 349107 427057 4 12 0 12 -1 -1 0110110100000000100000000000000000000000010000000001000000000100000000100000000220000000000020000000000000020000222020022 1
2 0 349107 425865 10 10 14 14 -1 -1 1110110100000000000000000000000000000000010000000001000000000100000000100000000220000000000020000000000000020000222020022 1
1 0 348961 425865 9 13 5 13 -1 -1 1110110100000000000000000000000000000000010000000001000000000100000000100000000020000000000020000000000000020000222022022 1
2 0 348961 425023 10 12 12 14 -1 -1 1110110100000000000000000000010000000000010000000001000000000100000000000000000020000000000020000000000000020000222022022 1
1 0 348779 425023 8 14 4 14 -1 -1 1110110100000000000000000000010000000000010000000001000000000100000000000000000000000000000020000000000002020000222022022 1
2 0 348779 424561 11 13 12 12 -1 -1 1110110100000000010000000000010000000000010000000001000000000000000000000000000000000000000020000000000002020000222022022 1
1 0 348708 424561 7 13 3 9 -1 -1 1110110100000000010000000000010000000000010000000001000000000000000000000000000000000000000000000000000022020000222022022 1
2 0 348708 424158 12 12 14 10 -1 -1 1110111100000000010000000000010000000000010000000000000000000000000000000000000000000000000000000000000022020000222022022 1
1 0 348628 424158 6 14 4 12 -1 -1 1110111100000000010000000000010000000000010000000000000000000000000000000000000000000000000000000000000002020000222222022 1
2 0 348628 423865 12 14 12 12 -1 -1 1110111100000000110000000000010000000000000000000000000000000000000000000000000000000000000000000000000002020000222222022 1
1 0 348549 423865 4 14 3 13 -1 -1 1110111100000000110000000000010000000000000000000000000000000000000000000000000000000000000000000000000020020000222222022 1
2 0 348549 423579 12 18 12 16 -1 -1 1110111110000000100000000000010000000000000000000000000000000000000000000000000000000000000000000000000020020000222222022 1
1 0 348548 423579 4 12 2 10 9 13 1110111110000000100000000000010000000000000000000000000000000000000000000000000000000000000000000000000020200000222222022 1
2 0 348548 423327 12 16 12 14 -1 -1 1111111110000000000000000000010000000000000000000000000000000000000000300000000000000000000000000000000020200000222222022 1
1 0 348547 423327 5 13 4 12 -1 -1 1111111110000000000000000000010000000000000000000000000000000000000000300000000000000000000000000000000022000000222222022 1
2 0 348547 423231 12 14 12 10 -1 -1 1111111110000000100000000000000000000000000000000000000000000000000000300000000000000000000000000000000022000000222222022 1
1 0 348546 423231 3 11 3 15 -1 -1 1111111110000000100000000000000000000000000000000000000000000000000000300000000000000000000000000000000220000000222222022 1
2 0 348546 423194 12 10 13 9 -1 -1 1111111011000000100000000000000000000000000000000000000000000000000000300000000000000000000000000000000220000000222222022 1
1 0 348546 423194 4 12 3 11 -1 -1 1111111011000000100000000000000000000000000000000000000000000000000000300000000000000000000000000000000020000002222222022 1
