1322295953000
kingfish
eigenbot
1 0 599811 600000 14 10 12 12 -1 -1 2222222222000000000000000000000000000000000000000000000000000000000000000000000000000000000000000000000000000001111111111 2
2 0 599811 591758 3 9 4 10 -1 -1 2222222222000000000000000000000000000000000000000000000000000000000000000000000000000000000000000000000010000001111011111 2
1 0 599809 591758 16 12 12 8 -1 -1 2222220222000002000000000000000000000000000000000000000000000000000000000000000000000000000000000000000010000001111011111 2
2 0 599809 583804 1 11 5 11 -1 -1 2222220222000002000000000000000000000000000000000000000000000000000000000000000000000000000000000000001010000001111011110 2
1 0 599805 583804 13 13 11 11 -1 -1 2022220222000002000000000000200000000000000000000000000000000000000000000000000000000000000000000000001010000001111011110 2
2 0 599805 575818 2 10 6 10 -1 -1 2022220222000002000000000000200000000000000000000000000000000000000000000000000000000000000100000000001010000001101011110 2
1 0 599804 575818 14 12 10 12 -1 -1 2020220222000002000000000000200000000002000000000000000000000000000000000000000000000000000100000000001010000001101011110 2
2 0 599804 567942 3 11 7 11 -1 -1 2020220222000002000000000000200000000002000000000000000000000000000000000000000010000000000100000000001010000001101001110 2
1 0 599803 567942 13 11 9 11 -1 -1 2020220022000002000000000000200000000002000000000020000000000000000000000000000010000000000100000000001010000001101001110 2
2 0 599803 560090 6 10 10 10 -1 -1 2020220022000002000000000000200000000002000000000020000000000000000001000000000010000000000100000000001010000001001001110 2
1 0 596179 560090 10 12 6 12 -1 -1 2020220022000002000000000000200000000000000000000020000000000000000001000000000210000000000100000000001010000001001001110 2
2 0 596179 552375 2 14 6 14 -1 -1 2020220022000002000000000000200000000000100000000020000000000000000001000000000200000000000100000000001010000001001001110 2
1 0 591670 552375 11 11 9 13 -1 -1 2020200022000002000000000000200000000000120000000020000000000000000001000000000200000000000100000000001010000001001001110 2
2 0 591670 544573 0 12 2 14 -1 -1 2020200022000002000000000000200000000000120000000020000000000000000001100000000200000000000000000000001010000001001001110 2
1 0 587036 544573 13 9 11 7 -1 -1 0020220022000002000000000000200000000000120000000020000000000000000001100000000200000000000000000000001010000001001001110 2
2 0 587036 536903 1 13 3 11 -1 -1 0020220022000002000000000000200000000000120000000020000000000000000001100000000200000000010000000000001010000000001001110 2
1 0 582144 536903 12 8 10 6 -1 -1 0000220222000002000000000000200000000000120000000020000000000000000001100000000200000000010000000000001010000000001001110 2
2 0 582144 529313 3 11 4 12 -1 -1 0000220222000002000000000000200000000000120000000020000000000000000001100000010200000000010000000000000010000000001001110 2
1 0 576693 529313 11 7 9 5 -1 -1 0000220022000002200000000000200000000000120000000020000000000000000001100000010200000000010000000000000010000000001001110 2
2 0 576693 521980 3 15 7 15 -1 -1 0000220022000002200000000000200000000000120000000020000000000000001001100000010200000000000000000000000010000000001001110 2
1 0 570559 521980 10 6 8 4 -1 -1 0000220020000002200000000000200000000000120000000020200000000000001001100000010200000000000000000000000010000000001001110 2
2 0 570559 514992 6 14 6 16 -1 -1 0000220020000002200000000000200000000000120000000020200010000000001001100000000200000000000000000000000010000000001001110 2
1 0 564918 514992 9 5 7 3 -1 -1 0000220020000002200000000000200000000000102000000020200010000000001001100000000200000000000000000000000010000000001001110 2
2 0 564918 508109 4 12 10 14 -1 -1 0000220020000002200000000000200000000000102000100020200010000000000001100000000200000000000000000000000010000000001001110 2
1 0 560476 508109 8 4 6 2 -1 -1 0000220020000002000000000000200000000000102000100020200010000000000001100000000202000000000000000000000010000000001001110 2
2 0 560476 501387 6 16 8 14 -1 -1 0000220020000002000000000000200000010000102000100020200000000000000001100000000202000000000000000000000010000000001001110 2
1 0 555423 501387 9 11 7 13 -1 -1 0000220020000002000000000000200000010000100000100020200000000200000001100000000202000000000000000000000010000000001001110 2
2 0 555423 494613 10 14 9 15 -1 -1 0000220020000002000000000000200000010000100000100021200000000200000000100000000202000000000000000000000010000000001001110 2
1 0 552831 494613 7 3 5 1 -1 -1 0000220020000002000000000000200000010000100000100021200000000200000000120000000200000000000000000000000010000000001001110 2
2 0 552831 488151 2 12 3 11 -1 -1 0000220020000002000000010000200000010000100000000021200000000200000000120000000200000000000000000000000010000000001001110 2
1 0 549956 488151 14 14 14 12 -1 -1 0000020220000002000000010000200000010000100000000021200000000200000000120000000200000000000000000000000010000000001001110 2
2 0 549956 481755 3 11 5 13 -1 -1 0000020220000002000000010000200000010000100000000021200000000200000000120000000200000000000000000000000010000000001010110 2
1 0 547301 481755 15 11 9 9 -1 -1 0000020020000002000000010000220000010000100000000021200000000200000000120000000200000000000000000000000010000000001010110 2
2 0 547301 475596 2 14 10 14 -1 -1 0000020020000002000000010000220000010000100000000021200000000200000010120000000200000000000000000000000010000000001010010 2
1 0 541230 475596 15 13 13 11 -1 -1 0000000020000002000000010000220000010000100000000021200000000200000010120000000202000000000000000000000010000000001010010 2
2 0 541230 469423 3 13 4 12 -1 -1 0000000020000002000000010000220000010000100000000021200000000200000010120000000202000000000000000000000010000000101010000 2
1 0 538156 469423 6 2 4 0 -1 -1 0000000000000002200000010000220000010000100000000021200000000200000010120000000202000000000000000000000010000000101010000 2
2 0 538156 463290 9 15 11 13 -1 -1 0000000000100002200000010000220000000000100000000021200000000200000010120000000202000000000000000000000010000000101010000 2
1 0 531457 463290 14 12 8 10 -1 -1 0000000000100002200000010000220000000000100000000021200000000200000010100000000202000000000020000000000010000000101010000 2
2 0 531457 457531 8 14 14 12 -1 -1 0000000000100002200000010000220000000000100000000021200000010200000010100000000202000000000020000000000010000000101000000 2
1 0 525202 457531 6 12 4 14 -1 -1 0000000000100002200000010000220000000000100000000021200000010000000010100000000202000000000020000000000010000000101020000 2
2 0 525202 452271 4 10 12 14 -1 -1 0000000000100002210000010000220000000000000000000021200000010000000010100000000202000000000020000000000010000000101020000 2
1 0 518437 452271 8 10 4 10 -1 -1 0000000000100000210000010000220000000000000000000021200000010000000010100000000202000000000020000000000012000000101020000 2
2 0 518437 447474 4 12 8 12 -1 -1 0000000000100001210000010000220000000000000000000021200000000000000010100000000202000000000020000000000012000000101020000 2
1 0 511267 447474 4 10 3 11 -1 -1 0000000000100001010000010000220000000000000000000021200000002000000010100000000202000000000020000000000012000000101020000 2
2 0 511267 442978 5 11 6 12 -1 -1 0000000100100000010000010000220000000000000000000021200000002000000010100000000202000000000020000000000012000000101020000 2
1 0 504151 442978 7 13 3 13 -1 -1 0000000100100000010000010000020000000000200000000021200000002000000010100000000202000000000020000000000012000000101020000 2
2 0 504151 438580 5 13 5 11 -1 -1 0000000110100000010000010000020000000000200000000020200000002000000010100000000202000000000020000000000012000000101020000 2
1 0 497424 438580 9 9 9 11 -1 -1 0000000110100000010000010000200000000000200000000020200000002000000010100000000202000000000020000000000012000000101020000 2
2 0 497424 434351 5 11 7 9 -1 -1 0000000110100000010000010000200000000000200000000020200000002000000001100000000202000000000020000000000012000000101020000 2
1 0 491792 434351 4 14 2 12 -1 -1 0000000110100000010000010000000000000000200000000220200000002000000001100000000202000000000020000000000012000000101020000 2
2 0 491792 430260 6 12 10 8 -1 -1 0000100110100000000000010000000000000000200000000220200000002000000001100000000202000000000020000000000012000000101020000 2
1 0 483900 430260 13 15 13 13 -1 -1 0000100110100000000000010000000000000000000000000220200000002000000001100000002202000000000020000000000012000000101020000 2
2 0 483900 426102 7 9 8 10 -1 -1 0000100110100000000000010000000000000000000000000220200000002000000001100000002202000000000020000000000012000000110020000 2
1 0 477487 426102 13 13 9 9 -1 -1 0000100110100000000000010000000000000000000000000020200000022000000001100000002202000000000020000000000012000000110020000 2
2 0 477487 422156 7 15 8 16 -1 -1 0000100110100000000000010000000000000000000000000020200000022000000011100000002202000000000020000000000012000000100020000 2
1 0 468750 422156 9 11 7 9 -1 -1 0000100110100000000000010000000000000000000000000020000000022020000011100000002202000000000020000000000012000000100020000 2
2 0 468750 418173 8 16 7 15 -1 -1 0000100110100000000000010000000000000000000000000120000000022020000010100000002202000000000020000000000012000000100020000 2
1 0 456282 418173 13 11 12 10 -1 -1 0000100110100000000000010000000000000000000000000120200000022000000010100000002202000000000020000000000012000000100020000 2
2 0 456282 414181 8 10 10 12 -1 -1 0000100110100000000000010000000000000000000000000120200000022000000010100000002202000000000020000000000112000000000020000 2
1 0 449833 414181 5 1 4 2 -1 -1 0000100110100000000000010000000000000000000000000120200000002000000010100000002222000000000020000000000112000000000020000 2
2 0 449833 410196 7 11 7 13 -1 -1 0000100110110000000000000000000000000000000000000120200000002000000010100000002222000000000020000000000112000000000020000 2
1 0 441570 410196 12 10 11 9 -1 -1 0000100110110000000000000000000000000000000000000102200000002000000010100000002222000000000020000000000112000000000020000 2
2 0 441570 406346 11 13 15 13 -1 -1 0000100110110000000000000000000000000000000000000102200000002000000010100000002222000000001020000000000012000000000020000 2
1 0 432352 406346 12 12 11 13 -1 -1 0000100110110000000000000000000000000000000000000102200000002000000010100000002222000000001000000000000012000000000020020 2
2 0 432352 402717 10 8 12 10 -1 -1 0000100110110000000000000000000000000000000000000102200000002000000010100000002222000000001010000000000002000000000020020 2
1 0 423296 402717 11 9 9 11 -1 -1 0000100110110000000000000000000000000000000000000102200000002000000010100000000222000000001010000000000202000000000020020 2
2 0 423296 399149 12 14 13 13 -1 -1 0000100110110000000000000000000000000000000000000102200000002000000011100000000222000000000010000000000202000000000020020 2
1 0 417186 399149 11 13 9 15 -1 -1 0000100110110000000000000000000000000000000000000102200000002000000011100000000222000000000010000000000200000000020020020 2
2 0 417186 395768 10 10 11 9 -1 -1 0000100110110000000000000000000000000000000000000102200000002000000011110000000222000000000000000000000200000000020020020 2
1 0 408333 395768 9 11 10 10 -1 -1 0000100110110000000000000000000000000000000000000102200000002000000011110000000022000000002000000000000200000000020020020 2
2 0 408333 392367 7 15 8 16 -1 -1 0000100110110000000000000000000000000000000000000102200000002000000010110000000122000000002000000000000200000000020020020 2
1 0 400912 392367 9 15 7 17 -1 -1 0000100110110000000000000000000000000000000000000102000000002020000010110000000122000000002000000000000200000000020020020 2
2 0 400912 389181 7 13 11 13 -1 -1 0000100110110000000000000000000000000000000000000102010000002020000010100000000122000000002000000000000200000000020020020 2
1 0 393544 389181 10 10 6 10 -1 -1 0000100110110000000000000000000000000000000000000100010000002020000010100000000122000000002020000000000200000000020020020 2
2 0 393544 386154 10 14 16 12 -1 -1 0000100110110000000000000000000000000001000000000100010000002020000010100000000022000000002020000000000200000000020020020 2
1 0 384585 386154 9 13 5 9 -1 -1 0000100110110000000000000000000000000001000000000100010000002020000010100000000020000000002020000000000200000000020020022 2
2 0 384585 383265 10 12 9 13 -1 -1 0000100110110000000000000001000000000001000000000100010000002020000010000000000020000000002020000000000200000000020020022 2
1 0 379930 383265 9 9 8 10 -1 -1 0000100110110000000000000001000000000001000000000100010000002020000010200000000000000000002020000000000200000000020020022 2
2 0 379930 380606 8 12 14 10 -1 -1 0000100110110000000000000001000000000001000000000100010000012020000000200000000000000000002020000000000200000000020020022 2
1 0 370939 380606 8 10 4 10 -1 -1 0000100110110000000000000001000000000001000000000100010000010020000000200000000000000000002020000000000200000000020220022 2
2 0 370939 378310 8 16 9 15 -1 -1 0000100110110001000000000001000000000001000000000100010000000020000000200000000000000000002020000000000200000000020220022 2
1 0 366001 378310 7 9 3 9 -1 -1 0000100110110001000000000001000000000001000000000100010000000000000000220000000000000000002020000000000200000000020220022 2
2 0 366001 376202 11 9 13 11 -1 -1 0000101110110001000000000001000000000001000000000000010000000000000000220000000000000000002020000000000200000000020220022 2
1 0 363449 376202 6 10 2 14 -1 -1 0000101110110001000000000001000000000001000000000000010000000000000000220000000000000000000020000000000200000000220220022 2
2 0 363449 374300 13 13 12 14 -1 -1 0000111110110001000000000001000000000000000000000000010000000000000000220000000000000000000020000000000200000000220220022 2
1 0 362139 374300 3 11 1 13 -1 -1 0000111110110001000000000001000000000000000000000000010000000000000000220000000000000000000020000000000202000000200220022 2
2 0 362139 372551 9 15 10 14 -1 -1 0010111010110001000000000001000000000000000000000000010000000000000000220000000000000000000020000000000202000000200220022 2
1 0 360837 372551 5 9 3 11 -1 -1 0010111010110001000000000001000000000000000000000000010000000000000000200000000002000000000020000000000202000000200220022 2
2 0 360837 371042 9 13 15 11 -1 -1 0010111110110001000000000000000000000000000000000000010000000000000000200000000002000000000020000000000202000000200220022 2
1 0 359487 371042 7 17 6 16 -1 -1 0010111110110001000000000000000000000000000000000000010000000000000000000000000002000000000020000000000202000000200220222 2
2 0 359487 369711 10 14 12 16 -1 -1 0010111110110001000000000000000000000000001000000000000000000000000000000000000002000000000020000000000202000000200220222 2
1 0 358747 369711 6 16 5 15 -1 -1 0010111110110001000000000000000000000000001000000000000000000000000000000000000000000000000020000000000202200000200220222 2
2 0 358747 368619 11 13 13 15 -1 -1 0010111110110001000000000000001000000000000000000000000000000000000000000000000000000000000020000000000202200000200220222 2
1 0 358077 368619 4 0 4 4 -1 -1 0010111110110001000000000000001000000000000000000000000000000000000000000000000000000000000000000000000202200000202220222 2
2 0 358077 367679 12 10 13 9 -1 -1 0010111110011001000000000000001000000000000000000000000000000000000000000000000000000000000000000000000202200000202220222 2
1 0 357650 367679 5 15 4 16 -1 -1 0010111110011001000000000000001000000000000000000000000000000000000000000000000000000000000000000000000002200002202220222 2
2 0 357650 366903 12 16 14 14 -1 -1 0010111110011001001000000000000000000000000000000000000000000000000000000000000000000000000000000000000002200002202220222 2
1 0 357419 366903 4 16 3 15 -1 -1 0010111110011001001000000000000000000000000000000000000000000000000000000000000000000000000000000000000002000002202222222 2
2 0 357419 366685 12 14 13 13 -1 -1 0010111111011001000000000000000000000000000000000000000000000000000000000000000000000000000000000000000002000002202222222 2
