1322288901000
kingfish
artificialwintelligence
1 0 599852 600000 14 10 12 12 -1 -1 2222222222000000000000000000000000000000000000000000000000000000000000000000000000000000000000000000000000000001111111111 1
2 0 599852 599739 2 12 4 14 -1 -1 2222222222000000000000000000000000000000000000000000000000000000000000000000000000000000000000000000000010000001111011111 1
1 0 599851 599739 16 12 12 8 -1 -1 2222022222000000020000000000000000000000000000000000000000000000000000000000000000000000000000000000000010000001111011111 1
2 0 599851 599367 3 13 5 15 -1 -1 2222022222000000020000000000000000000000000000000000000000000000000000000000000000000000000000000000001010000001111011110 1
1 0 599848 599367 13 13 11 11 -1 -1 2222022202000000020000000000002000000000000000000000000000000000000000000000000000000000000000000000001010000001111011110 1
2 0 599848 598846 4 14 6 16 -1 -1 2222022202000000020000000000002000000000000000000000000000000000000000000000000000000000000100000000001010000001101011110 1
1 0 599847 598846 14 12 10 12 -1 -1 2222022202000000000000000000002000000000002000000000000000000000000000000000000000000000000100000000001010000001101011110 1
2 0 599847 598091 2 14 6 18 -1 -1 2222022202000000000000000000002000000000002000000000000000000000000000000000000010000000000100000000001010000001101001110 1
1 0 599846 598091 13 11 9 11 -1 -1 2222002202000000000000000000002000000000002200000000000000000000000000000000000010000000000100000000001010000001101001110 1
2 0 599846 597388 6 18 7 19 -1 -1 2222002202000000000000000000002000000000002200000000000000000000000001000000000010000000000100000000001010000001001001110 1
1 0 599658 597388 12 12 8 12 -1 -1 2222002202000000000000000000002000000000002000000000002000000000000001000000000010000000000100000000001010000001001001110 1
2 0 599658 596556 0 12 8 20 -1 -1 2222002202000000000000000000002000000000002000000000002000001000000001000000000010000000000100000000001000000001001001110 1
1 0 599657 596556 11 11 7 11 -1 -1 0222002202000000000000000000002000000000002000000000002000001000200001000000000010000000000100000000001000000001001001110 1
2 0 599657 596067 2 10 6 18 -1 -1 0222002202000000000000000000002000000000002000000010002000001000200001000000000010000000000000000000001000000001001001110 1
1 0 599656 596067 10 12 6 12 -1 -1 0220002202000000000000000000002000000000002200000010002000001000200001000000000010000000000000000000001000000001001001110 1
2 0 599656 595152 5 15 9 19 -1 -1 0220002202000000000000000000002000000000102200000010002000001000200001000000000000000000000000000000001000000001001001110 1
1 0 599504 595152 9 11 5 11 -1 -1 0220002202000000000000000000000000000000102200000010002000001000200001000200000000000000000000000000001000000001001001110 1
2 0 599504 594062 8 20 10 18 -1 -1 0220002202000000000000000000100000000000102200000010002000001000200000000200000000000000000000000000001000000001001001110 1
1 0 594478 594062 8 12 0 12 -1 -1 0220002202000000000000000000100000000000102200000010002000001000000000000200000000020000000000000000001000000001001001110 1
2 0 594478 592724 6 16 10 16 -1 -1 1220002202000000000000000000100000000000102200000010002000000000000000000200000000020000000000000000001000000001001001110 1
1 0 592035 592724 6 12 2 12 -1 -1 1220002202000000000000000000100000000000100200000010002000000000000000000200000000220000000000000000001000000001001001110 1
2 0 592035 592003 6 18 8 20 -1 -1 1220102202000000000000000000100000000000000200000010002000000000000000000200000000220000000000000000001000000001001001110 1
1 0 588443 592003 13 9 11 7 -1 -1 1220102202000000000000000000100000000000000000000010002000000000200000000200000000220000000000000000001000000001001001110 1
2 0 588443 591616 1 13 2 14 -1 -1 1220102202000000000000000000100000000000000000000010002000000000200000000200000000220000010000000000001000000000001001110 1
1 0 585317 591616 12 8 10 6 -1 -1 1200122202000000000000000000100000000000000000000010002000000000200000000200000000220000010000000000001000000000001001110 1
2 0 585317 590688 1 11 3 13 -1 -1 1200122202000000000000000000100000000000000000000010002000000000200000000200010000220000010000000000000000000000001001110 1
1 0 583195 590688 7 11 6 10 -1 -1 1000122222000000000000000000100000000000000000000010002000000000200000000200010000220000010000000000000000000000001001110 1
2 0 583195 589988 2 14 4 8 -1 -1 1000122222000000000000000000100000000001000000000000002000000000200000000200010000220000010000000000000000000000001001110 1
1 0 581219 589988 6 10 2 14 -1 -1 1000102222000020000000000000100000000001000000000000002000000000200000000200010000220000010000000000000000000000001001110 1
2 0 581219 589668 7 19 11 15 -1 -1 1000112222000020000000000000100000000000000000000000002000000000200000000200010000220000010000000000000000000000001001110 1
1 0 578402 589668 14 14 10 14 -1 -1 1000112222000020000000000000100000000000000000000000000000000000200000000200010000220000010002000000000000000000001001110 1
2 0 578402 589126 10 16 12 14 -1 -1 1000112222000020000000000000100000000000000000000000000000000000200000000200010001220000010002000000000000000000001000110 1
1 0 574551 589126 13 15 9 15 -1 -1 1000112222000020000000000000100000000000000000000000000000000000200000000200010001020000010002000000000002000000001000110 1
2 0 574551 588494 9 19 13 15 -1 -1 1000112222000020000000000000100000000000000000000000000000000000200000010200010001020000010002000000000002000000000000110 1
1 0 572023 588494 10 14 8 16 -1 -1 1000112222000020000000000000100000000000000000000000000000000000200000010000010001020000010002000000000002000000002000110 1
2 0 572023 587880 11 15 13 13 -1 -1 1000112222000020000000000000100000000000000000000000000000000010200000010000010000020000010002000000000002000000002000110 1
1 0 569157 587880 9 15 7 17 -1 -1 1000112222000020000000000000100000000000000000000000000000000010200000010000010000020000010000000000000002000000022000110 1
2 0 569157 587471 12 14 14 12 -1 -1 1000112222000020000000000000100000000000000000000000010000000010200000000000010000020000010000000000000002000000022000110 1
1 0 565810 587471 15 11 14 10 -1 -1 1000112222000020000000000000100000000000000000000000010000000010200000000000010000020000010000000000000000000000022020110 1
2 0 565810 586714 13 13 15 11 -1 -1 1000112222000020000000000000100000000000000000000000010000000010200000000000010000020000010000000000000000000000022120010 1
1 0 562656 586714 15 13 13 11 -1 -1 1000112222000020000000000000100000000000000000000000010000000010200000000000010000020000010000000000000000000000002120210 1
2 0 562656 586147 3 9 5 7 -1 -1 1000112222000020000000000000100000000000000000000000010000000010200000000000010000020000010000000000000000000000102120200 1
1 0 558088 586147 10 6 9 7 -1 -1 1000110222000020000000000020100000000000000000000000010000000010200000000000010000020000010000000000000000000000102120200 1
2 0 558088 585453 5 7 6 6 -1 -1 1000110222000020000000000020100000000000000000000000010000000010200100000000000000020000010000000000000000000000102120200 1
1 0 554607 585453 13 11 13 9 -1 -1 1000110222000020000000000000100000000200000000000000010000000010200100000000000000020000010000000000000000000000102120200 1
2 0 554607 584399 3 13 7 5 -1 -1 1000110222000020000000000000100000000200000000000000010000000010200100000000000000020000010000000000000000000001002120200 1
1 0 547910 584399 14 10 8 8 -1 -1 1000110202000020000000000000100000000200000000020000010000000010200100000000000000020000010000000000000000000001002120200 1
2 0 547910 583968 3 15 4 16 -1 -1 1000110202000020000000000000100000000200000000020000010000100010200100000000000000020000010000000000000000000001002020200 1
1 0 543632 583968 9 7 7 9 -1 -1 1000110200000020002000000000100000000200000000020000010000100010200100000000000000020000010000000000000000000001002020200 1
2 0 543632 583074 3 11 5 17 -1 -1 1000110200000020002000000000100000000200000000020100010000100010200000000000000000020000010000000000000000000001002020200 1
1 0 541011 583074 8 8 4 12 -1 -1 1000110000000020002000000000100200000200000000020100010000100010200000000000000000020000010000000000000000000001002020200 1
2 0 541011 582120 4 16 6 18 -1 -1 1000110000000020102000000000100200000200000000020100010000000010200000000000000000020000010000000000000000000001002020200 1
1 0 537810 582120 7 17 7 15 -1 -1 1000110000000020100000000000100200000200000200020100010000000010200000000000000000020000010000000000000000000001002020200 1
2 0 537810 581249 4 8 5 7 -1 -1 1000110000000020100000000000100200000200000200020100100000000010200000000000000000020000010000000000000000000001002020200 1
1 0 532643 581249 5 11 1 11 -1 -1 1000110000000000100000000020100200000200000200020100100000000010200000000000000000020000010000000000000000000001002020200 1
2 0 532643 580622 5 17 7 19 -1 -1 1100110000000000100000000020000200000200000200020100100000000010200000000000000000020000010000000000000000000001002020200 1
1 0 529447 580622 8 16 6 14 -1 -1 1100110000000000100000000020000000000200000200020100102000000010200000000000000000020000010000000000000000000001002020200 1
2 0 529447 580110 7 5 8 6 -1 -1 1100110000000000100000000020000000000200010200020100102000000000200000000000000000020000010000000000000000000001002020200 1
1 0 527066 580110 7 15 1 13 -1 -1 1100110000000000100000000020000000000200010200000100102002000000200000000000000000020000010000000000000000000001002020200 1
2 0 527066 579690 5 7 9 7 -1 -1 1110110000000000100000000020000000000200010200000100002002000000200000000000000000020000010000000000000000000001002020200 1
1 0 523856 579690 13 9 12 8 -1 -1 1110110000000000100000000000000000000200010200000100002002000000200200000000000000020000010000000000000000000001002020200 1
2 0 523856 579024 6 18 7 17 -1 -1 1110110000000000100000000000000000000200010200000100002002000000200200000000000000020000010000000000001000000000002020200 1
1 0 518748 579024 12 8 6 10 -1 -1 1110110000000000100000000000000000000200010000000100022002000000200200000000000000020000010000000000001000000000002020200 1
2 0 518748 578186 7 17 11 17 -1 -1 1110110000000000100000000000000000000201010000000100022002000000200200000000000000020000010000000000000000000000002020200 1
1 0 515654 578186 11 7 10 6 -1 -1 1110110000000000100000000000000000000201010000000100002002000000200200000000000000020000010000200000000000000000002020200 1
2 0 515654 577442 6 6 7 7 -1 -1 1110110000000000100000000000000000000201010000000100002002000000200200000000010000020000000000200000000000000000002020200 1
1 0 510502 577442 10 6 6 6 -1 -1 1110110000000000100000000000000000000001010000002100002002000000200200000000010000020000000000200000000000000000002020200 1
2 0 510502 576411 7 7 9 5 -1 -1 1110110000000000100000000000000000000101010000002100002002000000200200000000000000020000000000200000000000000000002020200 1
1 0 508163 576411 6 14 5 13 -1 -1 1110110000000000100000000000000000000101010000000100002002000000202200000000000000020000000000200000000000000000002020200 1
2 0 508163 575914 7 19 8 18 -1 -1 1110110000000000100000000000010000000101000000000100002002000000202200000000000000020000000000200000000000000000002020200 1
1 0 506535 575914 5 13 3 11 -1 -1 1110110000000000100000000000010000000101000000000100000002000002202200000000000000020000000000200000000000000000002020200 1
2 0 506535 575147 10 18 16 12 -1 -1 1110110100000000100000000000000000000101000000000100000002000002202200000000000000020000000000200000000000000000002020200 1
1 0 503263 575147 7 9 3 13 -1 -1 1110110100000000100000000000000000000101000000000100000002000002202200000000000000000000000000200000000000000000002020202 1
2 0 503263 574656 8 18 9 19 -1 -1 1110110110000000100000000000000000000101000000000000000002000002202200000000000000000000000000200000000000000000002020202 1
1 0 501975 574656 4 12 2 10 -1 -1 1110110110000000100000000000000000000101000000000000000002000000202200000200000000000000000000200000000000000000002020202 1
2 0 501975 574275 8 20 14 14 -1 -1 1111110110000000000000000000000000000101000000000000000002000000202200000200000000000000000000200000000000000000002020202 1
1 0 501041 574275 6 6 5 7 -1 -1 1111110110000000000000000000000000000101000000000000000002000000002200000200000000000000000000200000000000000000002022202 1
2 0 501041 573948 13 15 15 13 -1 -1 1111110110000000000000000010000000000001000000000000000002000000002200000200000000000000000000200000000000000000002022202 1
1 0 500457 573948 5 7 4 8 -1 -1 1111110110000000000000000010000000000001000000000000000002000000002200000200000000000000000000200000000000000000000022222 1
2 0 500457 573727 8 6 10 8 -1 -1 1111110110000010000000000000000000000001000000000000000002000000002200000200000000000000000000200000000000000000000022222 1
1 0 499901 573727 4 8 3 9 -1 -1 1111110110000010000000000000000000000001000000000000000000000000002200000200002000000000000000200000000000000000000022222 1
2 0 499901 573515 9 5 11 7 -1 -1 1111111110000000000000000000000000000001000000000000000000000000002200000200002000000000000000200000000000000000000022222 1
1 0 499546 573515 2 14 3 15 -1 -1 1111111110000000000000000000000000000001000000000000000000000000000200000200002000000000020000200000000000000000000022222 1
2 0 499546 573221 9 7 11 9 -1 -1 1111101111000000000000000000000000000001000000000000000000000000000200000200002000000000020000200000000000000000000022222 1
1 0 499043 573221 6 10 5 11 -1 -1 1111101111000000000000000000000000000001000000000000000000000000000000000200002000000000022000200000000000000000000022222 1
2 0 499043 572906 9 19 10 18 -1 -1 1111101111000000000000000000100000000000000000000000000000000000000000000200002000000000022000200000000000000000000022222 1
1 0 498608 572906 5 11 4 12 -1 -1 1111101111000000000000000000100000000000000000000000000000000000000000000000002000020000022000200000000000000000000022222 1
2 0 498608 572709 10 18 12 16 -1 -1 1111101111000000100000000000000000000000000000000000000000000000000000000000002000020000022000200000000000000000000022222 1
1 0 498374 572709 4 12 2 14 -1 -1 1111101111000000100000000000000000000000000000000000000000000000000000000000002000000000022000200000000000200000000022222 1
