1322288489000
benny
kingfish
1 0 599908 600000 14 14 12 12 8 10 2222222222000000000000000000000000000000000000000000000000000000000000000000000000000000000000000000000000000001111111111 2
2 0 599908 599906 2 10 4 12 -1 -1 2222222222000000000000000000000000000000000000000000000000030000000000000000000000000000000000000000000010000001111110111 2
1 0 599907 599906 16 12 12 16 10 8 2220222222000000200000000000000000000000000000000000000000030000000000000000000000000000000000000000000010000001111110111 2
2 0 599907 599905 0 12 4 8 -1 -1 2220222222000000200000000000000000000000000000000000000000030000000000000000003000000000000000000000000010100001111110110 2
1 0 599906 599905 14 10 12 8 -1 -1 0220222222000020200000000000000000000000000000000000000000030000000000000000003000000000000000000000000010100001111110110 2
2 0 599906 599903 2 12 4 14 -1 -1 0220222222000020200000000000000000000000000000000000000000030000000000000000003000000000000000000000001010100001111010110 2
1 0 599905 599903 13 9 7 11 -1 -1 0220022222000020220000000000000000000000000000000000000000030000000000000000003000000000000000000000001010100001111010110 2
2 0 599905 599901 3 15 5 13 -1 -1 0220022222000020220000000000000000000000000000000010000000030000000000000000003000000000000000000000001010100000111010110 2
1 0 599904 599901 13 13 9 9 -1 -1 0220022220000020220000000000020000000000000000000010000000030000000000000000003000000000000000000000001010100000111010110 2
2 0 599904 593952 4 14 6 12 -1 -1 0220022220000020220000000000020000000000000000000010000000030000000010000000003000000000000000000000001010100000101010110 2
1 0 599903 593952 15 11 11 11 -1 -1 0220022220000020200000000000020000000000200000000010000000030000000010000000003000000000000000000000001010100000101010110 2
2 0 599903 588730 3 13 11 13 -1 -1 0220022220000020200000000000020000000000200000000010000000030000000010000000003000000000000100000000001010100000101010010 2
1 0 599902 588730 12 12 6 10 -1 -1 0220022200000020200000000000020000000000200000000010000000030000000010000000003000000000000120000000001010100000101010010 2
2 0 599902 581291 3 9 11 9 -1 -1 0220022200000020200000000000020000000001200000000010000000030000000010000000003000000000000120000000001000100000101010010 2
1 0 599901 581291 14 12 10 12 -1 -1 0220020200000020200000000000020000000001200000000010000000030000000010000000003000000000002120000000001000100000101010010 2
2 0 599901 575711 1 13 2 12 -1 -1 0220020200000020200000000000020000000001200000000010000000030000000010000000003010000000002120000000001000100000101000010 2
1 0 599900 575711 12 8 8 12 -1 -1 0200220200000020200000000000020000000001200000000010000000030000000010000000003010000000002120000000001000100000101000010 2
2 0 599900 571057 1 11 9 11 -1 -1 0200220200000020200000000000020000000001200000000010000000031000000010000000003010000000002120000000000000100000101000010 2
1 0 599899 571057 13 15 11 17 -1 -1 0000220200000020200000000000020000000001200000000010000000031000000012000000003010000000002120000000000000100000101000010 2
2 0 599899 566326 2 14 3 13 -1 -1 0000220200000020200000000000020000000001200000000010000000031000000012000000003010000000002120100000000000100000100000010 2
1 0 599898 566326 12 16 10 18 -1 -1 0000200220000020200000000000020000000001200000000010000000031000000012000000003010000000002120100000000000100000100000010 2
2 0 599898 561891 3 13 7 13 -1 -1 0000200220000020200000000000020000000001200000000010000000031000000012000000003010010000002120100000000000000000100000010 2
1 0 599897 561891 11 11 9 13 -1 -1 0000200200000020200000000000020000000001200000000012000000031000000012000000003010010000002120100000000000000000100000010 2
2 0 599897 554327 6 12 8 14 -1 -1 0000200200000020200000000000020000000001200000000012000000031000000012100000003010010000002020100000000000000000100000010 2
1 0 599896 554327 11 17 9 19 -1 -1 0000200200000020200000000000020000000001000000000012000000031200000012100000003010010000002020100000000000000000100000010 2
2 0 599896 547459 11 13 12 14 -1 -1 0000200200000020200000000000020000000001000000000012000000031200000012100100003010010000002020000000000000000000100000010 2
1 0 599895 547459 10 18 8 20 -1 -1 0000200200000020200000000000020000000001000000000012000000031200000012100100003010010000002000000000000002000000100000010 2
2 0 599895 541930 2 12 6 12 -1 -1 0000200200000020200000000000020000000001000000000012000000031200100012100100003010000000002000000000000002000000100000010 2
1 0 599895 541930 9 13 7 15 -1 -1 0000000200000020200000000000020000000001200000000012000000031200100012100100003010000000002000000000000002000000100000010 2
2 0 599895 533102 8 14 9 15 -1 -1 0000000200000020200000000000020000000001200000000012100000031200100012000100003010000000002000000000000002000000100000010 2
1 0 599894 533102 9 9 7 19 -1 -1 0000000200000020200000000000020000000001200000000012100000031000100012020100003010000000002000000000000002000000100000010 2
2 0 599894 523002 4 12 12 8 -1 -1 0000000200000020200000000000020000000001200000000012101000031000100002020100003010000000002000000000000002000000100000010 2
1 0 599893 523002 8 12 2 10 -1 -1 0000000200000020000000000000020000000001200000000012101000031000100002020100003010000000002000000000002002000000100000010 2
2 0 599893 514546 9 11 13 15 -1 -1 0001000200000020000000000000020000000001200000000012101000030000100002020100003010000000002000000000002002000000100000010 2
1 0 599892 514546 9 19 7 17 -1 -1 0001000200000020000000000000020000000001200000000012101000030000100000020100003010000000002000000000002002000000102000010 2
2 0 599892 508870 5 13 6 14 -1 -1 0001000200000020000000000000020000000001200000000012111000030000100000020000003010000000002000000000002002000000102000010 2
1 0 599891 508870 8 20 6 18 -1 -1 0001000200000020000000000000000000000001220000000012111000030000100000020000003010000000002000000000002002000000102000010 2
2 0 599891 500815 6 12 10 16 -1 -1 0001000200000020000000000000000000000001220100000012111000030000000000020000003010000000002000000000002002000000102000010 2
1 0 599890 500815 7 11 5 9 -1 -1 0001000200000020000000000000000000000001020100000012111000030000000000020000003010200000002000000000002002000000102000010 2
2 0 599890 489727 12 8 13 9 -1 -1 0001000200000020000000000001000000000001020100000002111000030000000000020000003010200000002000000000002002000000102000010 2
1 0 599889 489727 7 15 5 13 -1 -1 0001000200000020000000000001000000000001020100000002111000030000000000020000003010200000002000000000000002000002102000010 2
2 0 599889 482160 6 14 7 15 -1 -1 0001000200000020000000000001010000000001020100000002011000030000000000020000003010200000002000000000000002000002102000010 2
1 0 599886 482160 7 19 5 17 -1 -1 0001000200000020000000000001010000000001000100000002211000030000000000020000003010200000002000000000000002000002102000010 2
2 0 599886 473350 3 11 4 10 -1 -1 0001000200000020000000000001010100000001000100000002210000030000000000020000003010200000002000000000000002000002102000010 2
1 0 599885 473350 7 17 1 11 -1 -1 0001000000000022000000000001010100000001000100000002210000030000000000020000003010200000002000000000000002000002102000010 2
2 0 599885 465004 4 8 16 12 -1 -1 0101000000000022000000000001010100000001000100000002200000030000000000020000003010200000002000000000000002000002102000010 2
1 0 599884 465004 6 10 4 8 -1 -1 0101000000000002000000000001010100000001000100000002200000030000000000020000003010200000002000000000000002000002102000012 2
2 0 599884 459046 7 15 13 13 -1 -1 0101000000000012000000000001010100000000000100000002200000030000000000020000003010200000002000000000000002000002102000012 2
1 0 599883 459046 6 18 4 16 -1 -1 0101000000000012000000000001010100000000000100000002000000030000000000020000003010200000002000000000000002000002122000012 2
2 0 599883 455631 4 10 6 8 -1 -1 0101000000000012001000000001010100000000000000000002000000030000000000020000003010200000002000000000000002000002122000012 2
1 0 599883 455631 5 17 3 15 -1 -1 0101000000000010001000000001010100000020000000000002000000030000000000020000003010200000002000000000000002000002122000012 2
2 0 599883 452544 6 8 7 9 -1 -1 0101000001000010001000000001010000000020000000000002000000030000000000020000003010200000002000000000000002000002122000012 2
1 0 599882 452544 4 16 2 14 -1 -1 0101000001000010001000000001010000000000000000000202000000030000000000020000003010200000002000000000000002000002122000012 2
2 0 599882 449676 7 9 11 13 -1 -1 0101010001000010000000000001010000000000000000000202000000030000000000020000003010200000002000000000000002000002122000012 2
1 0 599882 449676 3 15 1 13 -1 -1 0101010001000010000000000001010000000000000000000002000000030000000000020000003010200000002020000000000002000002122000012 2
2 0 599882 446161 9 15 10 14 -1 -1 0111010000000010000000000001010000000000000000000002000000030000000000020000003010200000002020000000000002000002122000012 2
1 0 599881 446161 2 14 0 12 -1 -1 0111010000000010000000000001010000000000000000000002000000030000000000000000003012200000002020000000000002000002122000012 2
2 0 599881 443745 10 14 14 14 -1 -1 1111000000000010000000000001010000000000000000000002000000030000000000000000003012200000002020000000000002000002122000012 2
1 0 599880 443745 15 13 14 12 -1 -1 1111000000000010000000000001010000000000000000000002000000030000000000000000003010200000002020000000000002000002122002012 2
2 0 599880 442410 7 13 7 11 -1 -1 1111000000000010000000000001010000000000000000000002000000030000000000000000003010200000002020000000000002000002122012002 2
1 0 599879 442410 14 12 12 10 -1 -1 1111000000000010000000000001010000000000000000000020000000030000000000000000003010200000002020000000000002000002122012002 2
2 0 599879 439649 10 16 10 14 -1 -1 1111000000000010000000000001010000000000000000000020000000030000000000000000003010200000002020000000000102000002122002002 2
1 0 599878 439649 13 11 12 12 -1 -1 1111000000000010000000000001010000000000000000000020000000030000000000000000003012000000002020000000000102000002122002002 2
2 0 599878 437095 10 14 14 10 -1 -1 1111000000000010000000000001010000000000000000000020000000030000000000000000003012000000002020000000000112000002022002002 2
1 0 599877 437095 12 12 10 6 -1 -1 1111000000000010000000000001010000000000000000000020000000030000000000000000003010000000002020000000000112000002022202002 2
2 0 599877 433926 11 9 13 11 -1 -1 1111000000000010000000000001010000000000000000000020000000030000000000000000013010000000002020000000000102000002022202002 2
1 0 599876 433926 12 10 11 9 -1 -1 1111000000000010000000000001010000000000000000000020000000030000000000000000013010000000000020000000000102000002222202002 2
2 0 599876 432072 7 11 11 11 -1 -1 1111000000000010000000000001010000000000000000000020000000030000000000000000013010000000001020000000000002000002222202002 2
1 0 599875 432072 11 9 9 7 -1 -1 1111000000000010000000000001010000000000000000000000000000030000000000000000013010000000001220000000000002000002222202002 2
2 0 599875 430365 12 14 14 12 -1 -1 1111000000000010000000000001010000000000000000000000000000030000000100000000013010000000000220000000000002000002222202002 2
1 0 599874 430365 10 6 8 12 -1 -1 1111000000000010000000000001010000000000000000000000000000030000000100000000013010000000000220000000000000000002222222002 2
2 0 599874 428574 11 11 12 12 -1 -1 1111000000000010000000000001010000000000000000000000000000031000000100000000003010000000000220000000000000000002222222002 2
1 0 599873 428574 10 12 9 11 -1 -1 1111000000000010000000000001010000000000000000000000000000031000000100000000003010000000000020000000000020000002222222002 2
2 0 599873 428052 13 9 15 11 -1 -1 1111000000000010000000000001010000000000000000000000000000031000000101000000003000000000000020000000000020000002222222002 2
1 0 599872 428052 9 11 7 13 -1 -1 1111000000000010000000000001010000000000000000000000000000031000000101000000003000000000000020000000000020000000222222202 2
2 0 599872 427483 13 11 13 9 -1 -1 1111000000000010000000000001010000000000000000000001000000031000000100000000003000000000000020000000000020000000222222202 2
1 0 599871 427483 8 12 4 12 -1 -1 1111000000000010000000000001010000000000000000000001000000031000000100000000003000000000000020000000000020000002022222202 2
2 0 599871 427042 11 13 13 11 -1 -1 1111000000000010100000000001010000000000000000000001000000030000000100000000003000000000000020000000000020000002022222202 2
1 0 599870 427042 5 13 3 11 -1 -1 1111000000000010100000000001010000000000000000000001000000030000000100000000003000000000000000000000000020000002222222202 2
2 0 599870 426738 13 15 15 13 -1 -1 1111000100000010100000000001000000000000000000000001000000030000000100000000003000000000000000000000000020000002222222202 2
1 0 599869 426738 9 7 8 6 -1 -1 1111000100000010100000000001000000000000000000000001000000030000000100000000003000000000000000000000000020000002220222222 2
2 0 599869 426507 14 14 13 15 -1 -1 1111000100000010100000000001000000000000000000000001000001030000000000000000003000000000000000000000000020000002220222222 2
1 0 599868 426507 8 6 7 5 -1 -1 1111000100000010100000000001000000000000000000000001000001030000000000000000003000000000000000000000000020000002222220222 2
2 0 599868 426247 12 12 14 14 -1 -1 1111000100000010100000000001000000000000000000010001000000030000000000000000003000000000000000000000000020000002222220222 2
