1322295148000
ccplus
kingfish
1 0 599862 600000 14 10 12 8 6 10 2222222222000000000000000000000000000000000000000000000000000000000000000000000000000000000000000000000000000001111111111 2
2 0 599862 599897 2 10 4 12 -1 -1 2222222222000000000000000000000000000003000000000000000000000000000000000000000000000000000000000000001000000001111011111 2
1 0 599818 599897 12 8 11 9 -1 -1 2220222222000000200000000000000000000003000000000000000000000000000000000000000000000000000000000000001000000001111011111 2
2 0 599818 599896 0 12 4 8 -1 -1 2220222222000000200000000000000000000003000000000000000000000000000000000000000000000000001000000000000000000001111011111 2
1 0 599789 599896 14 12 10 8 -1 -1 0220222222000020200000000000000000000003000000000000000000000000000000000000000000000000001000000000000000000001111011111 2
2 0 599789 599895 3 13 7 9 -1 -1 0220222222000020200000000000000000000003000000000000000000000000000000000000001000000000001000000000000000000001111001111 2
1 0 599760 599895 10 8 9 9 -1 -1 0220222202000020200000000000000000000003000000000200000000000000000000000000001000000000001000000000000000000001111001111 2
2 0 599760 598332 1 11 5 11 -1 -1 0220222202000020200000000000000000000003000000000200000000000000000010000000000000000000001000000000000000000001111001111 2
1 0 599733 598332 14 14 8 8 -1 -1 0020222202000020200000000000200000000003000000000200000000000000000010000000000000000000001000000000000000000001111001111 2
2 0 599733 595991 2 12 14 12 -1 -1 0020222202000020200000000000200000000003000000000200000000100000000010000000000000000000001000000000000000000001111000111 2
1 0 599706 595991 9 9 5 13 -1 -1 0020022202000020200000000000200000000003000000000200000000100000000010000000000000000000001000000000000000000001111020111 2
2 0 599706 594384 3 9 4 10 -1 -1 0020022202000020200000000000210000000003000000000200000000100000000000000000000000000000001000000000000000000001111020111 2
1 0 599678 594384 16 12 10 10 -1 -1 0020020202000022200000000000210000000003000000000200000000100000000000000000000000000000001000000000000000000001111020111 2
2 0 599678 590477 3 11 11 11 -1 -1 0020020202000022200000000000210000000003000000000200000000100000000000000000000100000000001000000000000000000001111020110 2
1 0 599638 590477 15 11 14 10 6 14 0020020002000022200000000000210000000003000000000200000000100000000000000000000100000000001200000000000000000001111020110 2
2 0 599638 585585 4 10 8 10 -1 -1 0020020002000022200000000000210000000003030000000200000000100000000000000000000100000000001200000000000000000001111120010 2
1 0 599609 585585 13 11 12 12 -1 -1 0020020002000020200000000000210000000003030000000200000000120000000000000000000100000000001200000000000000000001111120010 2
2 0 599609 580651 7 9 9 11 -1 -1 0020020002000020200000000000210000000003030000000200000000120000000000000000000100000000001200000000000010000001011120010 2
1 0 599570 580651 14 10 12 8 -1 -1 0020020002000020200000000000210000000003030000000000000000120000000002000000000100000000001200000000000010000001011120010 2
2 0 599570 576150 14 12 15 11 -1 -1 0020020002000020200000000000210000000003030000000000000000120000000002000000000100000000001200000000001010000001011020010 2
1 0 599514 576150 15 13 14 12 -1 -1 0020020002000020200000000000210000000003030000000000000000120000000002000000000100000000001200000000001010000001011000210 2
2 0 599514 571040 8 10 12 14 -1 -1 0020020002000020200000000000210000000003030000000000000000120000000002000000000100000000001200000000001010000001011010200 2
1 0 599469 571040 13 9 13 11 -1 -1 0020020002000020200000000000210000000003030000000000000000100000000002000000000100000000001200000000001012000001011010200 2
2 0 599469 567076 5 11 9 7 -1 -1 0020020002000020200000000000210000000003030000000000000000100000000002000000000100000000001200000000001012000000111010200 2
1 0 599437 567076 8 8 7 9 -1 -1 0020020002000020200000000000010000000003030000000000000000100000000202000000000100000000001200000000001012000000111010200 2
2 0 599437 563030 9 11 10 12 -1 -1 0020020002000020200000000000010000000003030000000100000000000000000202000000000100000000001200000000001012000000111010200 2
1 0 599401 563030 10 10 9 9 -1 -1 0020020002000020200000000000010000000003030000000100000000000000000200000000000120000000001200000000001012000000111010200 2
2 0 599401 556516 10 12 12 10 -1 -1 0020020002000020200000000000010000000003030000000100000000000000000210000000000020000000001200000000001012000000111010200 2
1 0 599367 556516 13 11 11 13 -1 -1 0020020002000020200000000000010000000003030000000100000000000000000210000000000000000000001200000000001212000000111010200 2
2 0 599367 553727 2 14 3 13 -1 -1 0020020002000020200000000000010000000003030000000100000000000000000210000000000000000000001210000000001212000000011010200 2
1 0 599330 553727 12 8 8 8 -1 -1 0020000022000020200000000000010000000003030000000100000000000000000210000000000000000000001210000000001212000000011010200 2
2 0 599330 551190 1 13 2 12 -1 -1 0020000022000020200000000000010000000003030000000100000000100000000210000000000000000000001210000000000212000000011010200 2
1 0 599290 551190 5 13 1 13 -1 -1 0000200022000020200000000000010000000003030000000100000000100000000210000000000000000000001210000000000212000000011010200 2
2 0 599290 546899 3 15 7 15 -1 -1 0010200022000020200000000000000000000003030000000100000000100000000210000000000000000000001210000000000212000000011010200 2
1 0 599255 546899 9 9 5 9 -1 -1 0010200020000020200000000000000000000003030000000100200000100000000210000000000000000000001210000000000212000000011010200 2
2 0 599255 543347 2 12 10 8 -1 -1 0010200020000020200000000001000000000003030000000100200000100000000200000000000000000000001210000000000212000000011010200 2
1 0 599217 543347 7 9 3 9 -1 -1 0010000020000020200000000001000000000003030000000100200000100000000200000000002000000000001210000000000212000000011010200 2
2 0 599217 540104 3 13 7 9 -1 -1 0010001020000020200000000001000000000003030000000000200000100000000200000000002000000000001210000000000212000000011010200 2
1 0 599181 540104 12 12 10 10 -1 -1 0010001000000020200000000001000000000003030000000200200000100000000200000000002000000000001210000000000212000000011010200 2
2 0 599181 532504 4 12 5 13 -1 -1 0010001000000020200000000001000000000003030000000200200000100000000200000000002100000000001210000000000202000000011010200 2
1 0 599140 532504 14 12 14 14 -1 -1 0010001000000020000000000001020000000003030000000200200000100000000200000000002100000000001210000000000202000000011010200 2
2 0 599140 527603 12 14 12 12 -1 -1 0010001000000020000000000001020000000003030000000200200000100000000200000000002100000000001210000000000202000000011001200 2
1 0 599110 527603 11 9 9 11 -1 -1 0010001000000020000000000001020000000003030000000200200000100000000200000000002100000000001210000000000220000000011001200 2
2 0 599110 520807 9 7 13 11 -1 -1 0010001000000020000000000001020000000003030000000200200000100000000201000000002100000000000210000000000220000000011001200 2
1 0 599077 520807 14 14 14 12 -1 -1 0010001000000020000000000001020000000003030000000200200000100000000001000000002100000000000210000000000220000000211001200 2
2 0 599077 515058 10 8 12 14 -1 -1 0010001000000020000000000001020000000003030000000200200000100000000001000000002100000000000210000000000220000000211010200 2
1 0 599050 515058 13 13 11 15 -1 -1 0010001000000020000000000001020000000003030000000200200000100000000001000000000100000000000210000000000222000000211010200 2
2 0 599050 508637 7 15 7 13 -1 -1 0010001000000020000000000001020000000003030000000200200000100000000001000000000100000000000211000000000222000000201010200 2
1 0 599018 508637 14 12 14 14 -1 -1 0010001000000020000000000001020000000003030000000202000000100000000001000000000100000000000211000000000222000000201010200 2
2 0 599018 502558 5 13 9 9 -1 -1 0010001000000020000000000001020000000003030000000202000000100000000001000000000100000000000211000000000222000000201001200 2
1 0 598989 502558 14 14 10 14 -1 -1 0010001000000020000000000001000000000003030000000202000000100000000021000000000100000000000211000000000222000000201001200 2
2 0 598989 498221 11 11 13 13 -1 -1 0010001000000020000000000001000000000003030000000202000000100000000021000000000101000000000211000000000222000000201000200 2
1 0 598958 498221 11 13 10 12 -1 -1 0010001000000020000000000001000000000003030000000202000000100000000021000000000101000000000011000000000222000000221000200 2
2 0 598958 494675 7 9 9 7 -1 -1 0010001000000020000000000001000000000003030000000202000000100000000021000000000111000000000001000000000222000000221000200 2
1 0 598918 494675 11 15 9 13 -1 -1 0010001000000020000000000001000000000003030000000002000000100000000221000000000111000000000001000000000222000000221000200 2
2 0 598918 492436 7 13 8 12 -1 -1 0010001000000020000000000001000000000003030000000002000000100000000221100000000111000000000000000000000222000000221000200 2
1 0 598886 492436 9 11 5 15 -1 -1 0010001000000020000000000001000000000003030000000000000000102000000221100000000111000000000000000000000222000000221000200 2
2 0 598886 487876 9 7 11 13 -1 -1 0010001000000020000000000001001000000003030000000000000000102000000220100000000111000000000000000000000222000000221000200 2
1 0 598843 487876 13 15 12 16 -1 -1 0010001000000020000000000001001000000003030000000000000000102000000020100000000111000000000020000000000222000000221000200 2
2 0 598843 481973 9 9 13 9 -1 -1 0010001000000020000000000001001000000003030000000000000000102000000020100000000111000000000020000000000222100000220000200 2
1 0 598803 481973 12 16 11 15 -1 -1 0010001000000020000000000001001000000003030000000000000000102000000000100000000111000000000020000000000222100002220000200 2
2 0 598803 478417 11 13 13 15 -1 -1 0010001000000020000000000001001000000003030000000000000000102000000000100000000111000000000021000000000222000002220000200 2
1 0 598757 478417 9 13 8 14 -1 -1 0010001000000020000000000001001000000003030000000000000000102000000000100000000111000000000001000000000222000002222000200 2
2 0 598757 473780 8 12 9 13 -1 -1 0010001000000020000000000001001000000003030000000000000000102100000000000000000111000000000001000000000222000002222000200 2
1 0 598716 473780 11 15 11 13 -1 -1 0010001000000020000000000001001000000003030000000000000000100100000000200000000111000000000001000000000222000002222000200 2
2 0 598716 471396 4 8 5 7 -1 -1 0010001000000020000000000001001000000003030000000000000000100100000000200000000111000000000010000000000222000002222000200 2
1 0 598680 471396 5 15 4 14 -1 -1 0010001000000000000000000021001000000003030000000000000000100100000000200000000111000000000010000000000222000002222000200 2
2 0 598680 467745 13 13 14 12 -1 -1 0010001000000000010000000021000000000003030000000000000000100100000000200000000111000000000010000000000222000002222000200 2
1 0 598645 467745 10 14 8 16 -1 -1 0010001000000000010000000021000000000003030000000000000000100100000000200000000111000000000010000000000222000002202020200 2
2 0 598645 463561 9 13 13 13 -1 -1 0010001000000000010000000021000000000003030000000000000000100110000000200000000110000000000010000000000222000002202020200 2
1 0 598611 463561 8 14 8 12 -1 -1 0010001000000000010000000021000000000003030000000000000000100110000000000000000110000000000010000000000222000002222020200 2
2 0 598611 460375 13 11 15 13 -1 -1 0010001000000000010000000021000000000003030000000000000000101010000000000000000110000000000010000000000222000002222020200 2
1 0 598565 460375 11 13 3 13 -1 -1 0010001000000000010000000021000000000003030000000000000000101010000000000000000110000000000010000000000222000002022020220 2
2 0 598565 457300 5 7 9 7 -1 -1 0010001010000000010000000021000000000003030000000000000000101010000000000000000110000000000000000000000222000002022020220 2
1 0 598511 457300 10 10 9 11 -1 -1 0010001010000000010000000001000000000003030000000000000000101010000200000000000110000000000000000000000222000002022020220 2
2 0 598511 455176 9 7 10 8 -1 -1 0010001010000000010000000001000000000003030000000000000000101010000201000000000010000000000000000000000222000002022020220 2
1 0 598459 455176 10 12 8 14 -1 -1 0010001010000000010000000001000000000003030000000000000000101010000001000000002010000000000000000000000222000002022020220 2
2 0 598459 452432 10 8 11 9 -1 -1 0010001010000000010000000001000000000003030000000000000000101110000001000000002000000000000000000000000222000002022020220 2
1 0 598418 452432 9 11 5 15 -1 -1 0010001010000000010000000001000000000003030000000000000000101110000001000000000000000000002000000000000222000002022020220 2
2 0 598418 451202 11 9 13 11 -1 -1 0010001010000000010000000001001000000003030000000000000000101110000000000000000000000000002000000000000222000002022020220 2
1 0 598392 451202 4 14 2 12 -1 -1 0010001010000000010000000001001000000003030000000000000000101110000000000000000000000000000000000000000222000002222020220 2
2 0 598392 450245 12 10 12 8 -1 -1 0010101010000000000000000001001000000003030000000000000000101110000000000000000000000000000000000000000222000002222020220 2
1 0 598360 450245 3 13 1 11 -1 -1 0010101010000000000000000001001000000003030000000000000000101110000000000000000000000000000000000000002022000002222020220 2
2 0 598360 449578 12 8 16 12 -1 -1 0110101000000000000000000001001000000003030000000000000000101110000000000000000000000000000000000000002022000002222020220 2
1 0 598337 449578 1 11 0 12 -1 -1 0110101000000000000000000001001000000003030000000000000000101110000000000000000000000000000000000000000022000002222020222 2
2 0 598337 449049 12 12 14 14 -1 -1 1010101000000000000000000001001000000003030000000000000000101110000000000000000000000000000000000000000022000002222020222 2
1 0 598317 449049 2 12 1 11 -1 -1 1010101000000000000000000001001000000003030000000000000000101110000000000000000000000000000000000000000002000002222022222 2
2 0 598317 448690 12 14 12 12 -1 -1 1110001000000000000000000001001000000003030000000000000000101110000000000000000000000000000000000000000002000002222022222 2
1 0 598300 448690 3 9 2 10 -1 -1 1110001000000000000000000001001000000003030000000000000000101110000000000000000000000000000000000000000020000002222022222 2
2 0 598300 448365 12 12 14 10 -1 -1 1111000000000000000000000001001000000003030000000000000000101110000000000000000000000000000000000000000020000002222022222 2
