1322294324000
droptable
kingfish
1 0 596202 600000 13 9 12 10 -1 -1 2222222222000000000000000000000000000000000000000000000000000000000000000000000000000000000000000000000000000001111111111 2
2 0 596202 599902 2 14 4 12 -1 -1 2222222222000000000000000000000000000000000000000000000000000000000000000000000000000000000000000000000100000000111111111 2
1 0 590389 599902 13 13 11 11 -1 -1 2222202222000000200000000000000000000000000000000000000000000000000000000000000000000000000000000000000100000000111111111 2
2 0 590389 599901 0 12 4 16 -1 -1 2222202222000000200000000000000000000000000000000000000000000000000000000000000000000000000100000000000100000000101111111 2
1 0 584208 599901 14 14 13 13 -1 -1 0222202222000000202000000000000000000000000000000000000000000000000000000000000000000000000100000000000100000000101111111 2
2 0 584208 599900 3 11 5 13 -1 -1 0222202222000000202000000000000000000000000000000000000000000000000000000000000000000000000100000000000100000000111110111 2
1 0 572530 599900 16 12 10 10 -1 -1 0222202022000000202000000000020000000000000000000000000000000000000000000000000000000000000100000000000100000000111110111 2
2 0 572530 599899 2 12 6 12 -1 -1 0222202022000000202000000000020000000000000000000000000000000000000000000000000100000000000100000000000100000000111110110 2
1 0 566926 599899 13 11 12 12 -1 -1 0222002022000000202000000000020000000000200000000000000000000000000000000000000100000000000100000000000100000000111110110 2
2 0 566926 599898 3 13 7 13 -1 -1 0222002022000000202000000000020000000000200000000000000000000000000000000000000100000000000100000000000110000000011110110 2
1 0 549659 599898 11 11 9 9 -1 -1 0222002002000000202000000000020000000000200000000002000000000000000000000000000100000000000100000000000110000000011110110 2
2 0 549659 599727 4 12 8 12 -1 -1 0222002002000000202000000000020000000000200000000002000000000000000010000000000100000000000000000000000110000000011110110 2
1 0 542123 599727 15 13 9 11 -1 -1 0222002002000000002000000000020000000000200000000002000000002000000010000000000100000000000000000000000110000000011110110 2
2 0 542123 593237 5 13 9 13 -1 -1 0222002002000000002000000000020000000000200000000002000000002000000011000000000100000000000000000000000110000000011110100 2
1 0 533922 593237 9 9 8 8 -1 -1 0222002002000000002000000000000000000000200000000002000000002000000011200000000100000000000000000000000110000000011110100 2
2 0 533922 588781 9 13 9 9 -1 -1 0222002002000000002000000000000000000000200000000002000000102000000001200000000100000000000000000000000110000000011110100 2
1 0 528014 588781 14 12 12 14 -1 -1 0222002002000000002000000000000000000000200000000002000000102000000021000000000100000000000000000000000110000000011110100 2
2 0 528014 584779 3 9 4 10 -1 -1 0222002002000000002000000000000000000000200000000002000000102000000021000000000100000000000000000000000111000000011100100 2
1 0 517902 584779 12 12 11 13 -1 -1 0222000002000002002000000000000000000000200000000002000000102000000021000000000100000000000000000000000111000000011100100 2
2 0 517902 581880 1 11 5 11 -1 -1 0222000002000002002000000000000000000000200000000002000000102000000021000000000100000000000010000000000101000000011100100 2
1 0 504590 581880 12 14 10 8 -1 -1 0022000002000002002000000000200000000000200000000002000000102000000021000000000100000000000010000000000101000000011100100 2
2 0 504590 575881 6 12 14 12 -1 -1 0022000002000002002000000000200000000000200000000002000000102000000021000000001100000000000010000000000100000000011100100 2
1 0 496825 575881 14 10 12 12 -1 -1 0022000002000002002000000000200000000000000000000002000000102000000021000000001100000000000010000000000100000000011120100 2
2 0 496825 571043 4 10 12 14 -1 -1 0022000002000002002000000000200000000000000000000002000000102000000021000000001100000000000010000000000110000000011020100 2
1 0 491567 571043 11 13 7 9 -1 -1 0022000002000000002000000000200000000000000000000002000000102000000021000000001100000000000010000000000112000000011020100 2
2 0 491567 565484 5 11 6 12 -1 -1 0022000002000000002000000000200000000000000000000102000000102000000021000000001100000000000000000000000112000000011020100 2
1 0 486427 565484 10 8 8 10 -1 -1 0022000002000000002000000000000000000000200000000102000000102000000021000000001100000000000000000000000112000000011020100 2
2 0 486427 561531 4 16 4 14 -1 -1 0022000002000000002000000000000000000000200000000102000000112000000021000000000100000000000000000000000112000000011020100 2
1 0 482443 561531 12 10 11 11 -1 -1 0022000002000000020000000000000000000000200000000102000000112000000021000000000100000000000000000000000112000000011020100 2
2 0 482443 557039 3 15 9 13 -1 -1 0022000002000000020000000000000000000000200000000102000000112000000021000000000100000000000100000000000012000000011020100 2
1 0 478631 557039 8 10 7 11 -1 -1 0022000000000000020000000000000000000000200000000102000000112000000021200000000100000000000100000000000012000000011020100 2
2 0 478631 553182 6 12 12 10 -1 -1 0022000000000000020000000000000000000000200000000112000000102000000021200000000100000000000100000000000012000000011020100 2
1 0 473005 553182 11 11 10 12 -1 -1 0022000000000000020000000000000000000000000000000112000000102000000021200000000100000000000100000000000212000000011020100 2
2 0 473005 549137 9 13 13 9 -1 -1 0022000000000000020000000000000000000000000000000112000000102000000021200000000110000000000000000000000212000000011020100 2
1 0 470562 549137 13 13 11 11 -1 -1 0022000000000000020000000000000000000000000000000112000000102000000021000000000110000000000000000000000212000002011020100 2
2 0 470562 545471 7 13 8 14 -1 -1 0022000000000000020000000000000000000000000000000112000000102000000021000000000110000000000100000000000212000002001020100 2
1 0 467821 545471 15 11 11 15 -1 -1 0022000000000000020000000000000000000000000000000110000000102200000021000000000110000000000100000000000212000002001020100 2
2 0 467821 539972 8 14 9 13 -1 -1 0022000000000000020000000000000000000000000000000110000000102200000021000000000110000000000101000000000212000002001020000 2
1 0 463233 539972 13 15 11 13 -1 -1 0022000000000000020000000000000000000000000000000110000000102000000021200000000110000000000101000000000212000002001020000 2
2 0 463233 537657 1 13 2 12 -1 -1 0022000000000000020000000000000000000000000000000110000000102000000021200000000110000000000111000000000212000002000020000 2
1 0 461880 537657 9 11 7 13 -1 -1 0002200000000000020000000000000000000000000000000110000000102000000021200000000110000000000111000000000212000002000020000 2
2 0 461880 533298 12 14 13 15 -1 -1 0002200000000000020000000000000000000000000000000111000000102000000020200000000110000000000111000000000212000002000020000 2
1 0 458621 533298 7 13 6 14 -1 -1 0002200000000000020000000000000000000000000000000111000000102000000020200000000110000000000111000000000210000002002020000 2
2 0 458621 528072 4 14 5 15 -1 -1 0002200000000000020000000000000000000000010000000110000000102000000020200000000110000000000111000000000210000002002020000 2
1 0 453650 528072 10 10 9 11 -1 -1 0002200000000000000000000000002000000000010000000110000000102000000020200000000110000000000111000000000210000002002020000 2
2 0 453650 523441 5 15 7 13 -1 -1 0002200000000000000000000000002000000000010000000110000000102000000021200000000010000000000111000000000210000002002020000 2
1 0 447068 523441 6 14 5 13 -1 -1 0002200000000000000000000000000000000000010000000112000000102000000021200000000010000000000111000000000210000002002020000 2
2 0 447068 519389 2 12 3 11 -1 -1 0002200000000000000000000000010000000000000000000112000000102000000021200000000010000000000111000000000210000002002020000 2
1 0 434623 519389 8 8 6 10 -1 -1 0002000200000000000000000000010000000000000000000112000000102000000021200000000010000000000111000000000210000002002020000 2
2 0 434623 516195 2 10 6 14 -1 -1 0002000200000000000000000000010000000001000000000112000000002000000021200000000010000000000111000000000210000002002020000 2
1 0 430648 516195 11 11 10 10 -1 -1 0000000200000000000000000000010000000001020000000112000000002000000021200000000010000000000111000000000210000002002020000 2
2 0 430648 506231 9 13 15 11 -1 -1 0000000200000000000000000000010000000001020000000112000000002000000021200000000110000000000011000000000210000002002020000 2
1 0 424949 506231 7 9 5 15 -1 -1 0000000200000000000000000000010000000001020000000112000000002000000021000000000110000000000011000000000210000002002020200 2
2 0 424949 500530 9 9 13 13 -1 -1 0000000200000000000000000000011000000001020000000012000000002000000021000000000110000000000011000000000210000002002020200 2
1 0 422412 500530 5 15 4 14 -1 -1 0000000200000000000000000000011000000001020000000012000000002000000001000000000110000000000011000000000210000002022020200 2
2 0 422412 494607 12 10 13 11 -1 -1 0000000200000000010000000000010000000001020000000012000000002000000001000000000110000000000011000000000210000002022020200 2
1 0 415149 494607 10 12 6 16 -1 -1 0000000200000000010000000000010000000001020000000012000000002000000001000000000110000000000011000000000010000002222020200 2
2 0 415149 490356 6 14 6 12 -1 -1 0000000200000000010000000000010000000001021000000012000000002000000001000000000100000000000011000000000010000002222020200 2
1 0 390327 490356 6 10 4 12 -1 -1 0000000200000000010000000000010000000001201000000012000000002000000001000000000100000000000011000000000010000002222020200 2
2 0 390327 485622 6 12 12 10 -1 -1 0000000200000000110000000000010000000000201000000012000000002000000001000000000100000000000011000000000010000002222020200 2
1 0 387614 485622 7 11 6 12 -1 -1 0000000200000000110000000000010000000000001000000012000000002000000001000000000100000000000011000000000210000002222020200 2
2 0 387614 480763 3 11 3 13 -1 -1 0000000200000000110000000000010000000000101000000002000000002000000001000000000100000000000011000000000210000002222020200 2
1 0 379184 480763 9 11 8 10 -1 -1 0000000020000000110000000000010000000000101000000002000000002000000001000000000100000000000011000000000210000002222020200 2
2 0 379184 474839 7 13 11 9 -1 -1 0000000020000000110000000000010000000000101000000002000000012000000000000000000100000000000011000000000210000002222020200 2
1 0 374727 474839 5 13 3 15 -1 -1 0000000020000000110000000000010000000000101000000000000000012000000000000000000100000000002011000000000210000002222020200 2
2 0 374727 472141 3 13 9 11 -1 -1 0000000021000000110000000000000000000000101000000000000000012000000000000000000100000000002011000000000210000002222020200 2
1 0 362604 472141 4 12 3 11 -1 -1 0000000001000000110000000000000000000000101000000000000000012000000002000000000100000000002011000000000210000002222020200 2
2 0 362604 470248 9 11 10 12 -1 -1 0000000101000000010000000000000000000000101000000000000000012000000002000000000100000000002011000000000210000002222020200 2
1 0 352025 470248 11 13 9 11 -1 -1 0000000101000000010000000000000000000000101000000000000000012000000000000000000120000000002011000000000210000002222020200 2
2 0 352025 468240 8 12 9 13 -1 -1 0000000101000000010000000000000000000000101000000000000000012000000001000000000120000000002001000000000210000002222020200 2
1 0 332863 468240 3 15 2 14 -1 -1 0000000101000000010000000000000000000000101000000000000000010000000001200000000120000000002001000000000210000002222020200 2
2 0 332863 465625 9 13 11 11 -1 -1 0000010100000000010000000000000000000000101000000000000000010000000001200000000120000000002001000000000210000002222020200 2
1 0 327957 465625 6 12 5 11 -1 -1 0000010100000000010000000000000000000000101000000000000000010000000001000000000120000000002201000000000210000002222020200 2
2 0 327957 462869 11 9 12 8 -1 -1 0000010100000000010000000000100000000000001000000000000000010000000001000000000120000000002201000000000210000002222020200 2
1 0 317634 462869 3 11 2 12 -1 -1 0000010100000000010000000000100000000000001000000000000000010000000001000000000120000000000201000000002210000002222020200 2
2 0 317634 460934 12 8 16 12 -1 -1 0000110000000000010000000000100000000000001000000000000000010000000001000000000120000000000201000000002210000002222020200 2
1 0 299767 460934 5 11 4 10 -1 -1 0000110000000000010000000000100000000000001000000000000000010000000001000000000120000000000201000000000210000002222020202 2
2 0 299767 458114 13 9 14 10 -1 -1 0000110000000001010000000000000000000000001000000000000000010000000001000000000120000000000201000000000210000002222020202 2
1 0 290964 458114 9 11 7 9 -1 -1 0000110000000001010000000000000000000000001000000000000000010000000001000000000120000000000201000000000210000000222220202 2
2 0 290964 455904 14 12 14 14 -1 -1 0000110000000001010000000000000000000000001000000100000000010000000000000000000120000000000201000000000210000000222220202 2
1 0 288244 455904 8 10 6 8 -1 -1 0000110000000001010000000000000000000000001000000100000000010000000000000000000120000000000201000000000210000000222202202 2
2 0 288244 454088 12 10 13 9 -1 -1 0000110000000001010000000000000000000010001000000100000000000000000000000000000120000000000201000000000210000000222202202 2
1 0 284697 454088 6 8 5 7 -1 -1 0000110000000001010000000000000000000010001000000100000000000000000000000000000120000000000201000000000010000002222202202 2
2 0 284697 453110 10 12 14 12 -1 -1 0000110000000001010000000010000000000000001000000100000000000000000000000000000120000000000201000000000010000002222202202 2
1 0 283466 453110 10 10 9 11 -1 -1 0000110000000001010000000010000000000000001000000100000000000000000000000000000100000000000201000000000010000002222222202 2
2 0 283466 452163 11 11 12 10 -1 -1 0000110000000001010000000010000000000000001000000100000000000000000001000000000000000000000201000000000010000002222222202 2
1 0 282637 452163 12 12 11 13 -1 -1 0000110000000001010000000010000000000000001000000100000000000000000001000000000000000000000001000000000210000002222222202 2
2 0 282637 451549 12 10 12 12 -1 -1 0000110000000001010000000010000000000000001000000100000000000000000001000000000000000000000011000000000200000002222222202 2
1 0 282036 451549 9 11 8 12 -1 -1 0000110000000001010000000010000000000000001000000100000000000000000001000000000000000000000011000000000020000002222222202 2
2 0 282036 450863 13 15 15 13 -1 -1 0000110000000001010000000010000000000000001000000100000000001000000000000000000000000000000011000000000020000002222222202 2
1 0 279963 450863 11 15 10 16 -1 -1 0000110000000001010000000010000000000000001000000100000000001000000000000000000000000000000011000000000020000002220222222 2
2 0 279963 450418 14 14 13 15 -1 -1 0000110000000001010000000010000000000000001000000100000000001000000000000000000000100000000010000000000020000002220222222 2
1 0 249970 450418 6 16 5 15 -1 -1 0000110000000001010000000010000000000000001000000100000000001000000000000000000000100000000010000000000020000002222220222 2
2 0 249970 449978 12 12 14 14 -1 -1 0000110000000001010000000010001000000000000000000100000000001000000000000000000000100000000010000000000020000002222220222 2
