1322294352000
kingfish
artificialwintelligence
1 0 599814 600000 14 10 12 12 -1 -1 2222222222000000000000000000000000000000000000000000000000000000000000000000000000000000000000000000000000000001111111111 2
2 0 599814 599687 2 12 4 14 -1 -1 2222222222000000000000000000000000000000000000000000000000000000000000000000000000000000000000000000000010000001111011111 2
1 0 599812 599687 16 12 12 8 -1 -1 2222022222000000020000000000000000000000000000000000000000000000000000000000000000000000000000000000000010000001111011111 2
2 0 599812 598998 3 13 5 15 -1 -1 2222022222000000020000000000000000000000000000000000000000000000000000000000000000000000000000000000001010000001111011110 2
1 0 599806 598998 13 13 11 11 -1 -1 2222022202000000020000000000002000000000000000000000000000000000000000000000000000000000000000000000001010000001111011110 2
2 0 599806 597572 2 10 4 16 -1 -1 2222022202000000020000000000002000000000000000000000000000000000000000000000000000000000000100000000001010000001101011110 2
1 0 599805 597572 14 12 10 12 -1 -1 2220022202000000022000000000002000000000000000000000000000000000000000000000000000000000000100000000001010000001101011110 2
2 0 599805 596475 4 14 6 16 -1 -1 2220022202000000022000000000002000000000000000000000000000000000000000000000000010000000000100000000001010000001101001110 2
1 0 599804 596475 13 11 9 11 -1 -1 2220022202000000002000000000002000000000002000000000000000000000000000000000000010000000000100000000001010000001101001110 2
2 0 599804 595144 3 15 7 15 -1 -1 2220022202000000002000000000002000000000002000000000000000000000000001000000000010000000000100000000001010000001001001110 2
1 0 599605 595144 12 12 8 12 -1 -1 2220022200000000002000000000002000000000002000000000200000000000000001000000000010000000000100000000001010000001001001110 2
2 0 599605 594092 0 12 4 8 -1 -1 2220022200000000002000000000002000000000002000000000200000001000000001000000000010000000000100000000001000000001001001110 2
1 0 599604 594092 11 11 7 11 -1 -1 0220022200000020002000000000002000000000002000000000200000001000000001000000000010000000000100000000001000000001001001110 2
2 0 599604 592202 7 15 8 16 -1 -1 0220022200000020002000000000002000000000002000000010200000001000000001000000000010000000000000000000001000000001001001110 2
1 0 599603 592202 10 12 6 12 -1 -1 0220022200000020002000000000002000000000002000000010000000001020000001000000000010000000000000000000001000000001001001110 2
2 0 599603 587869 1 13 9 17 -1 -1 0220022200000020002000000000002000000000102000000010000000001020000001000000000000000000000000000000001000000001001001110 2
1 0 599602 587869 9 11 5 11 -1 -1 0200022200000020002000000000002000000000102000000010000000001020000001002000000000000000000000000000001000000001001001110 2
2 0 599602 583760 1 11 2 10 -1 -1 0200022200000020002000000000102000000000102000000010000000001020000000002000000000000000000000000000001000000001001001110 2
1 0 594311 583760 7 11 1 13 -1 -1 0002022200000020002000000000102000000000102000000010000000001020000000002000000000000000000000000000001000000001001001110 2
2 0 594311 581524 9 17 10 16 -1 -1 0012022200000020002000000000102000000000102000000000000000001020000000002000000000000000000000000000001000000001001001110 2
1 0 591090 581524 6 12 2 12 -1 -1 0012022200000020002000000000102000000000102000000000000000001020000000000000000000200000000000000000001000000001001001110 2
2 0 591090 580238 2 14 3 15 -1 -1 0012122200000020002000000000102000000000002000000000000000001020000000000000000000200000000000000000001000000001001001110 2
1 0 588100 580238 12 8 11 9 -1 -1 0012102202000020002000000000102000000000002000000000000000001020000000000000000000200000000000000000001000000001001001110 2
2 0 588100 577640 2 10 6 10 -1 -1 0012102202000020002000000000102000000000002000000000000000001020000000000000000000200000001000000000000000000001001001110 2
1 0 584934 577640 14 14 10 10 -1 -1 0010102202000020002000000000102000000002002000000000000000001020000000000000000000200000001000000000000000000001001001110 2
2 0 584934 576184 3 15 11 15 -1 -1 0010102202000020002000000000102000000002002000000000000000001020000000000000000100200000001000000000000000000001001000110 2
1 0 580563 576184 11 9 7 13 -1 -1 0010102200000020002000000000102000000002002000000000000000001020000000000000000100200000001002000000000000000001001000110 2
2 0 580563 574003 5 15 9 15 -1 -1 0010102200000020002000000000102000000002002000000001000000001020000000000000000100200000000002000000000000000001001000110 2
1 0 575551 574003 8 12 6 14 -1 -1 0010102200000020002000000000100000000002002000000001000000001020000000020000000100200000000002000000000000000001001000110 2
2 0 575551 571743 8 16 16 12 -1 -1 0010102200000020002000000000100000000002012000000001000000000020000000020000000100200000000002000000000000000001001000110 2
1 0 567078 571743 15 13 14 14 -1 -1 0010102200000020002000000000100000000002012000000001000000000000000000020000000100200000000002000000000000000001001000112 2
2 0 567078 569621 6 10 6 8 -1 -1 0010102200000020002000000000100000000002012000000001000000000000000000020000000100200000000002000000000000000001001001102 2
1 0 560143 569621 14 14 8 16 -1 -1 0010102200000020002000000000100000000020012000000001000000000000000000020000000100200000000002000000000000000001001001102 2
2 0 560143 568317 3 11 4 10 -1 -1 0010102200000020002000000000100000000020012000000001000000000010000000020000000100200000000002000000000000000001001000102 2
1 0 552438 568317 7 13 5 15 -1 -1 0010102000000022002000000000100000000020012000000001000000000010000000020000000100200000000002000000000000000001001000102 2
2 0 552438 566045 4 10 6 12 -1 -1 0010102000000022002000000000101000000020012000000000000000000010000000020000000100200000000002000000000000000001001000102 2
1 0 548429 566045 8 16 7 15 -1 -1 0010102000000020002000000000101000000020212000000000000000000010000000020000000100200000000002000000000000000001001000102 2
2 0 548429 563936 3 9 7 9 -1 -1 0010102000000020002000000000101000000020212000000000100000000000000000020000000100200000000002000000000000000001001000102 2
1 0 544067 563936 7 15 3 15 -1 -1 0010100000000020002000000000101000000020212000000200100000000000000000020000000100200000000002000000000000000001001000102 2
2 0 544067 561994 4 16 5 17 -1 -1 0010100001000020002000000000101000000020212000000200000000000000000000020000000100200000000002000000000000000001001000102 2
1 0 540412 561994 6 14 0 12 -1 -1 0010100001000020000000000000101200000020212000000200000000000000000000020000000100200000000002000000000000000001001000102 2
2 0 540412 559718 4 8 5 9 -1 -1 1010100001000020000000000000101200000020202000000200000000000000000000020000000100200000000002000000000000000001001000102 2
1 0 536121 559718 5 11 4 12 -1 -1 1010100001000000000000000002101200000020202000000200000000000000000000020000000100200000000002000000000000000001001000102 2
2 0 536121 557574 5 9 7 11 -1 -1 1010100001000000100000000002001200000020202000000200000000000000000000020000000100200000000002000000000000000001001000102 2
1 0 532106 557574 4 12 3 11 -1 -1 1010100001000000100000000000001200000020202000000220000000000000000000020000000100200000000002000000000000000001001000102 2
2 0 532106 555695 5 17 7 15 -1 -1 1010100101000000000000000000001200000020202000000220000000000000000000020000000100200000000002000000000000000001001000102 2
1 0 526801 555695 5 15 4 14 -1 -1 1010100101000000000000000000001000000020202000000220200000000000000000020000000100200000000002000000000000000001001000102 2
2 0 526801 553705 10 16 12 14 -1 -1 1010100101000000010000000000000000000020202000000220200000000000000000020000000100200000000002000000000000000001001000102 2
1 0 524387 553705 13 15 11 13 -1 -1 1010100101000000010000000000000000000020202000000220200000000000000000020000000100000000000002000000000002000001001000102 2
2 0 524387 552010 6 12 8 10 -1 -1 1010100101000000010000000000000000000020202000000220200000000000000000020000000100000000000012000000000002000001000000102 2
1 0 521584 552010 4 14 3 13 -1 -1 1010100101000000010000000000000000000020002000000220200000020000000000020000000100000000000012000000000002000001000000102 2
2 0 521584 549961 7 9 11 9 -1 -1 1010100111000000000000000000000000000020002000000220200000020000000000020000000100000000000012000000000002000001000000102 2
1 0 518031 549961 10 10 9 11 -1 -1 1010100111000000000000000000000000000020002000000020200000020000000000020000000100000000002012000000000002000001000000102 2
2 0 518031 548880 6 16 10 16 -1 -1 1010100111000000000000000000000000000020002000000020200000020000000001020000000000000000002012000000000002000001000000102 2
1 0 510900 548880 9 11 5 7 -1 -1 1010100111000000000000000000000000000020000000000020200000020000000001020000000000200000002012000000000002000001000000102 2
2 0 510900 547607 7 11 9 9 -1 -1 1010100111000000000000000010000000000020000000000020200000020000000000020000000000200000002012000000000002000001000000102 2
1 0 507787 547607 5 7 4 8 -1 -1 1010100111000000000000000010000000000020000000000000200000020000000020020000000000200000002012000000000002000001000000102 2
2 0 507787 546059 8 10 12 10 -1 -1 1010100111000010000000000000000000000020000000000000200000020000000020020000000000200000002012000000000002000001000000102 2
1 0 504013 546059 13 9 11 11 -1 -1 1010100111000010000000000000000000000020000000000000200000000000000020020000000000200000002012000000000202000001000000102 2
2 0 504013 544242 7 15 8 16 -1 -1 1010100111000010000000000000000000000020000000000000200000000000000020020000000000200000002112000000000202000000000000102 2
1 0 501631 544242 4 8 3 9 -1 -1 1010100111000010000000000000000000000020000000000000000000000020000020020000000000200000002112000000000202000000000000102 2
2 0 501631 543357 8 16 12 8 -1 -1 1010101111000000000000000000000000000020000000000000000000000020000020020000000000200000002112000000000202000000000000102 2
1 0 499431 543357 11 11 10 12 -1 -1 1010101111000000000000000000000000000020000000000000000000000000000020020000000000200000002112000000002202000000000000102 2
2 0 499431 541783 9 15 11 17 -1 -1 1010101111000000000000000000000000000020000000000000000000000000000020020000000010200000002012000000002202000000000000102 2
1 0 496775 541783 11 13 9 11 -1 -1 1010101111000000000000000000000000000020000000000000000000000000000020000000000010200000002012200000002202000000000000102 2
2 0 496775 540889 9 9 13 9 -1 -1 1010101111000000000000000000000000000020000000000000000000000000000021000000000010200000002002200000002202000000000000102 2
1 0 495079 540889 10 12 8 10 -1 -1 1010101111000000000000000000000000000020000000000000000000000000000001000000000010200000002002200000002202000002000000102 2
2 0 495079 539768 6 8 7 9 -1 -1 1010101111000000000000000000000000000020000000000000000000010000000001000000000000200000002002200000002202000002000000102 2
1 0 493148 539768 8 10 6 8 -1 -1 1010101111000000000000000000000000000000000000000200000000010000000001000000000000200000002002200000002202000002000000102 2
2 0 493148 538151 7 9 8 8 -1 -1 1010101111000000000000000000000000000010000000000200000000000000000001000000000000200000002002200000002202000002000000102 2
1 0 491239 538151 6 8 5 9 -1 -1 1010101111000000000000000000000000000010000000000000000000200000000001000000000000200000002002200000002202000002000000102 2
2 0 491239 536869 11 17 13 15 -1 -1 1010101111000000000000000001000000000000000000000000000000200000000001000000000000200000002002200000002202000002000000102 2
1 0 489907 536869 5 9 4 10 -1 -1 1010101111000000000000000001000000000000000000000000000000200000000001000000000000200000002002000000002202000002002000102 2
2 0 489907 536078 11 9 13 11 -1 -1 1010101111000001000000000000000000000000000000000000000000200000000001000000000000200000002002000000002202000002002000102 2
1 0 488106 536078 9 11 8 12 -1 -1 1010101111000001000000000000000000000000000000000000000000200000000001000000000000200000000002000000002202000002202000102 2
2 0 488106 534925 10 16 10 14 -1 -1 1010101111000001000000000000000000000000000000000000000000201000000000000000000000200000000002000000002202000002202000102 2
1 0 485862 534925 15 11 14 12 -1 -1 1010101111000001000000000000000000000000000000000000000000201000000000000000000002000000000002000000002202000002202000102 2
2 0 485862 533818 10 14 14 14 -1 -1 1010101111000001000000000000000000000000000000000000000000201000000000000000000002000000000002000000002202000002202010002 2
1 0 484403 533818 8 12 7 11 -1 -1 1010101111000001000000000000000000000000000000000000000000201000000000000000000000000000000002000000002202000002202012002 2
2 0 484403 532465 11 15 15 11 -1 -1 1010101111000001000000000000000000000000000000000010000000200000000000000000000000000000000002000000002202000002202012002 2
1 0 483188 532465 7 11 6 12 -1 -1 1010101111000001000000000000000000000000000000000010000000200000000000000000000000000000000000000000002202000002202012202 2
2 0 483188 531675 8 8 9 9 -1 -1 1010101111000001000000000000000000000000100000000000000000200000000000000000000000000000000000000000002202000002202012202 2
1 0 481938 531675 6 12 5 11 -1 -1 1010101111000001000000000000000000000000100000000000000000000000000020000000000000000000000000000000002202000002202012202 2
2 0 481938 530560 9 9 10 8 -1 -1 1010101111000001000000000000100000000000000000000000000000000000000020000000000000000000000000000000002202000002202012202 2
1 0 480470 530560 5 11 4 12 -1 -1 1010101111000001000000000000100000000000000000000000000000000000000000000000002000000000000000000000002202000002202012202 2
2 0 480470 529625 12 8 14 10 -1 -1 1010101111000001100000000000000000000000000000000000000000000000000000000000002000000000000000000000002202000002202012202 2
1 0 479706 529625 4 12 2 14 -1 -1 1010101111000001100000000000000000000000000000000000000000000000000000000000002000000000000000000000000202000002202212202 2
2 0 479706 528995 10 8 11 7 -1 -1 1010111111000001000000000000000000000000000000000000000000000000000000000000002000000000000000000000000202000002202212202 2
1 0 479282 528995 2 12 1 11 -1 -1 1010111111000001000000000000000000000000000000000000000000000000000000000000000000000000020000000000000202000002202212202 2
2 0 479282 528268 11 7 12 8 -1 -1 1110011111000001000000000000000000000000000000000000000000000000000000000000000000000000020000000000000202000002202212202 2
1 0 478773 528268 4 10 2 12 -1 -1 1110011111000001000000000000000000000000000000000000000000000000000000000000000000000000000000000000002202000002202212202 2
2 0 478773 528056 13 11 15 13 -1 -1 1110111111000000000000000000000000000000000000000000000000000000000000000000000000000000000000000000002202000002202212202 2
1 0 478514 528056 14 12 13 13 -1 -1 1110111111000000000000000000000000000000000000000000000000000000000000000000000000000000000000000000002202000002002212222 2
2 0 478514 527591 12 10 13 11 -1 -1 1110111111000000000000000000000000000000000000000000000000000000000000000000000000000000000000000000002202000002012202222 2
1 0 478296 527591 13 13 11 15 -1 -1 1110111111000000000000000000000000000000000000000000000000000000000000000000000000000000000000000000002002000002212202222 2
2 0 478296 527344 13 11 13 13 -1 -1 1110111111000000000000000000000000000000000000000000000000000000000000000000000000000000000001000000002002000002202202222 2
1 0 477933 527344 11 15 10 14 -1 -1 1110111111000000000000000000000000000000000000000000000000000000000000000000000000000000000001000000002002000002022202222 2
2 0 477933 526855 13 13 14 12 -1 -1 1110111111000000000000000000000000000000000000000000000000000000000000000000000001000000000000000000002002000002022202222 2
1 0 477644 526855 10 14 9 13 -1 -1 1110111111000000000000000000000000000000000000000000000000000000000000000000000001000000000000000000002002000002002222222 2
2 0 477644 526563 13 15 13 13 -1 -1 1110111111000000000000000000000000000000000000000000000000000000000000100000000000000000000000000000002002000002002222222 2
1 0 477323 526563 9 13 8 12 -1 -1 1110111111000000000000000000000000000000000000000000000000000000000000100000000000000000000000000000002002000002020222222 2
2 0 477323 526224 13 13 13 15 -1 -1 1110111111000000000000000000000000000000000000000000000000001000000000000000000000000000000000000000002002000002020222222 2
1 0 477059 526224 8 12 7 11 -1 -1 1110111111000000000000000000000000000000000000000000000000001000000000000000000000000000000000000000002002000002002222222 2
2 0 477059 525908 12 14 13 13 -1 -1 1110111111000000000000000000000000000000000000000010000000000000000000000000000000000000000000000000002002000002002222222 2
1 0 476924 525908 7 11 6 12 -1 -1 1110111111000000000000000000000000000000000000000010000000000000000000000000000000000000000000000000002000000002022222222 2
2 0 476924 525745 14 10 13 11 -1 -1 1110111111000000000000000000000000000000100000000000000000000000000000000000000000000000000000000000002000000002022222222 2
1 0 476774 525745 6 12 5 11 -1 -1 1110111111000000000000000000000000000000100000000000000000000000000000000000000000000000000000000000002000000002222022222 2
2 0 476774 525419 12 8 14 10 -1 -1 1110111111000000000000000000100000000000000000000000000000000000000000000000000000000000000000000000002000000002222022222 2
