1322289824000
googolhex
kingfish
1 0 599535 600000 13 11 12 10 -1 -1 2222222222000000000000000000000000000000000000000000000000000000000000000000000000000000000000000000000000000001111111111 2
2 0 599535 599899 2 14 4 12 -1 -1 2222222222000000000000000000000000000000000000000000000000000000000000000000000000000000000000000000000100000001011111111 2
1 0 598851 599899 13 15 11 9 -1 -1 2222202222000000200000000000000000000000000000000000000000000000000000000000000000000000000000000000000100000001011111111 2
2 0 598851 599898 0 12 4 16 -1 -1 2222202222000000200000000000000000000000000000000000000000000000000000000000000000000000001000000000000100000001010111111 2
1 0 597826 599898 14 14 10 10 -1 -1 0222202222000000202000000000000000000000000000000000000000000000000000000000000000000000001000000000000100000001010111111 2
2 0 597826 599898 3 11 5 13 -1 -1 0222202222000000202000000000000000000000000000000000000000000000000000000000000100000000001000000000000100000001010110111 2
1 0 595422 599898 16 12 12 12 -1 -1 0222202022000000202000000000020000000000000000000000000000000000000000000000000100000000001000000000000100000001010110111 2
2 0 595422 599897 2 12 6 12 -1 -1 0222202022000000202000000000020000000000000000000000000000000000000000000000000100000000001000000000000110000001010110110 2
1 0 591096 599897 15 13 11 13 -1 -1 0222002022000000202000000000020000000000200000000000000000000000000000000000000100000000001000000000000110000001010110110 2
2 0 591096 599896 3 13 7 13 -1 -1 0222002022000000202000000000020000000000200000000000000000000000000000000000000100000000001010000000000110000001010110100 2
1 0 583776 599896 14 12 10 8 -1 -1 0222002002000000202000000000020000000000200000000002000000000000000000000000000100000000001010000000000110000001010110100 2
2 0 583776 599720 4 12 8 12 -1 -1 0222002002000000202000000000020000000000200000000002000000000000000000000000001100000000001010000000000110000001010100100 2
1 0 577402 599720 13 13 9 9 -1 -1 0222002002000000002000000000020000000000200000000002000000002000000000000000001100000000001010000000000110000001010100100 2
2 0 577402 593783 3 9 4 10 -1 -1 0222002002000000002000000000020000000000200000000002000000002000000010000000001100000000001010000000000110000001000100100 2
1 0 571753 593783 12 12 12 8 -1 -1 0222000002000002002000000000020000000000200000000002000000002000000010000000001100000000001010000000000110000001000100100 2
2 0 571753 590981 1 11 5 15 -1 -1 0222000002000002002000000000020000000000200000000002000000002000000010000000001100000000001010000000001100000001000100100 2
1 0 568864 590981 11 13 10 12 -1 -1 0022000002000002002000000000022000000000200000000002000000002000000010000000001100000000001010000000001100000001000100100 2
2 0 568864 584998 5 13 11 11 -1 -1 0022000002000002002000000000022000000000200000000002000000002000000010000000001110000000001000000000001100000001000100100 2
1 0 567563 584998 9 9 8 8 -1 -1 0022000002000002002000000000002000000000200000000002000000002000000010000000001110000000001200000000001100000001000100100 2
2 0 567563 581528 3 15 7 11 -1 -1 0022000002000002002000000000002000000000200000000002000000102000000000000000001110000000001200000000001100000001000100100 2
1 0 566321 581528 13 9 9 9 -1 -1 0022000000000002002000000000002000000000200000000022000000102000000000000000001110000000001200000000001100000001000100100 2
2 0 566321 576716 11 11 13 9 -1 -1 0022000000000002002000000000002000000000200000000022000000102000000010000000001110000000001200000000001100000000000100100 2
1 0 564707 576716 14 10 13 11 -1 -1 0022000000000002002000000000002000000000200000000022000000102000000010000000001110000000001000000000001100000002000100100 2
2 0 564707 571719 4 16 6 14 -1 -1 0022000000000002002000000000002000000000200000000022000000102000000010000000001110000000001000000000001100000002100000100 2
1 0 562426 571719 15 11 14 10 -1 -1 0022000000000002000000000000002000000000220000000022000000102000000010000000001110000000001000000000001100000002100000100 2
2 0 562426 567655 2 10 3 9 -1 -1 0022000000000002000000000000002000000000220000000022000000102000000010000000001110000000001000000000001100000002100100000 2
1 0 560812 567655 11 9 9 11 -1 -1 0020002000000002000000000000002000000000220000000022000000102000000010000000001110000000001000000000001100000002100100000 2
2 0 560812 562546 7 13 11 9 -1 -1 0020002000000002000000000000002000000000220000000022000000102000000011000000001110000000000000000000001100000002100100000 2
1 0 553089 562546 10 12 8 10 -1 -1 0020002000000002000000000000002000000000220000000020000000102000000011000000001110000000002000000000001100000002100100000 2
2 0 553089 559569 3 9 7 13 -1 -1 0020002000000002000000000000002000000000220000000020000000112000000011000000001100000000002000000000001100000002100100000 2
1 0 549948 559569 14 10 12 12 -1 -1 0020000000000002000000000000002000000000220000000022000000112000000011000000001100000000002000000000001100000002100100000 2
2 0 549948 555674 1 13 2 12 -1 -1 0020000000000002000000000000002000000000220000000022000000112000000011000000001100000000002000000000001110000002100000000 2
1 0 545523 555674 9 11 7 9 -1 -1 0000200000000002000000000000002000000000220000000022000000112000000011000000001100000000002000000000001110000002100000000 2
2 0 545523 551802 8 12 9 13 -1 -1 0000200000000002000000000000002000000000220000000122000000112000000010000000001100000000002000000000001110000002100000000 2
1 0 538130 551802 12 12 11 11 -1 -1 0000200000000002000000000000002000000000220000000122000000110000000010200000001100000000002000000000001110000002100000000 2
2 0 538130 548462 6 14 10 14 -1 -1 0000200000000002000000000000002000000000220000000122000000110000000010200000001100000000002100000000001100000002100000000 2
1 0 529212 548462 12 10 10 12 -1 -1 0000200000000002000000000000002000000000200000000122000000110000000010200000001102000000002100000000001100000002100000000 2
2 0 529212 543959 6 12 8 14 -1 -1 0000200000000002000000000000002000000000200000000122000000110000000010200000001112000000002100000000001000000002100000000 2
1 0 519824 543959 10 12 9 11 -1 -1 0000200000000002000000000000002000000000000000000122000000110200000010200000001112000000002100000000001000000002100000000 2
2 0 519824 537968 7 13 11 13 -1 -1 0000200000000002000000000000002000000000000000000122000000110200000011200000001102000000002100000000001000000002100000000 2
1 0 508257 537968 10 10 6 10 -1 -1 0000200000000002000000000000002000000000000000000120000000110200000011200000001102000000002120000000001000000002100000000 2
2 0 508257 530665 8 14 12 14 -1 -1 0000200000000002000000000000002000000001000000000120000000110200000011200000001002000000002120000000001000000002100000000 2
1 0 499689 530665 13 11 14 10 -1 -1 0000200000000002000000000000002000000001000000000120000000110000000011200000001002000000002120000000001002000002100000000 2
2 0 499689 525201 9 13 13 13 -1 -1 0000200000000002000000000000002000000001000000000120000000110000000011200000001002000000002120000000001002000002000100000 2
1 0 492975 525201 6 10 5 11 -1 -1 0000200000000002000000000000002000000001000000000120000000110000000011000000001002000000002120000000001002000002020100000 2
2 0 492975 519280 7 11 8 12 -1 -1 0000200000000002000000000000102000000000000000000120000000110000000011000000001002000000002120000000001002000002020100000 2
1 0 485949 519280 8 8 4 12 -1 -1 0000200000000002000000000000102000000000000000000100000000112000000011000000001002000000002120000000001002000002020100000 2
2 0 485949 513985 8 12 10 10 -1 -1 0000200000000002100000000000102000000000000000000100000000012000000011000000001002000000002120000000001002000002020100000 2
1 0 481188 513985 14 10 13 11 -1 -1 0000200000000002100000000000102000000000000000000100000000010000000011000000001202000000002120000000001002000002020100000 2
2 0 481188 507538 10 14 14 14 -1 -1 0000200000000002100000000000102000000000000000000100000000010000000011000000001202000000002120000000001002000002120000000 2
1 0 474911 507538 13 11 12 10 -1 -1 0000200000000002100000000000102000000000000000000100000000010000000011000000001200000000002120000000001002000002120002000 2
2 0 474911 501917 11 9 13 11 -1 -1 0000200000000002100000000000102000000000000000000100000000010000000011000000001200000000002120000000001102000002020002000 2
1 0 469687 501917 12 10 11 9 -1 -1 0000200000000002100000000000102000000000000000000100000000010000000011000000001200000000000120000000001102000002220002000 2
2 0 469687 495224 11 13 15 13 -1 -1 0000200000000002100000000000102000000000000000000100000000010000000011000000001200000000001120000000001002000002220002000 2
1 0 469686 495224 5 11 1 11 11 15 0000200000000002100000000000102000000000000000000100000000010000000011000000001200000000001100000000001002000002220002020 2
2 0 469686 490613 2 12 3 11 -1 -1 0100200000000002100000000000002000000000000000000100000000010000000011000000001200000000001103000000001002000002220002020 2
1 0 469685 490613 4 12 0 12 -1 -1 0100000200000002100000000000002000000000000000000100000000010000000011000000001200000000001103000000001002000002220002020 2
2 0 469685 486556 3 11 5 9 -1 -1 1100000200000002000000000000002000000000000000000100000000010000000011000000001200000000001103000000001002000002220002020 2
1 0 469685 486556 7 9 3 9 6 10 1100000000000002000000000002002000000000000000000100000000010000000011000000001200000000001103000000001002000002220002020 2
2 0 469685 484366 4 10 5 11 -1 -1 1100001000000002000000000002002000000003000000000000000000010000000011000000001200000000001103000000001002000002220002020 2
1 0 469684 484366 12 8 10 14 -1 -1 1100001000000000000000000002202000000003000000000000000000010000000011000000001200000000001103000000001002000002220002020 2
2 0 469684 481535 10 10 14 10 -1 -1 1100001000000000000000000002202000000003000000000000000000010000000011000000001201000000001103000000000002000002220002020 2
1 0 469683 481535 11 9 9 7 -1 -1 1100001000000000000000000002202000000003000000000000000000010000000011000000001001000000001103000000000002000002220202020 2
2 0 469683 477288 5 15 6 14 -1 -1 1100001000000000000000000002202000000003000000000000000000010000000111000000001001000000000103000000000002000002220202020 2
1 0 469682 477288 10 8 8 6 -1 -1 1100001000000000000000000002200000000003020000000000000000010000000111000000001001000000000103000000000002000002220202020 2
2 0 469682 472845 12 14 14 12 -1 -1 1100001000000000000000000002200000000003020000000000000001010000000111000000000001000000000103000000000002000002220202020 2
1 0 469681 472845 9 11 7 9 -1 -1 1100001000000000000000000002200000000003020000000000000001010000000111000000000001000000000103000000000000000002220222020 2
2 0 469681 470708 5 11 6 12 -1 -1 1100001000000000000000000002200000000003020000000100000001010000000110000000000001000000000103000000000000000002220222020 2
1 0 469680 470708 9 9 5 13 -1 -1 1100001000000000000000000002000000000003220000000100000001010000000110000000000001000000000103000000000000000002220222020 2
2 0 469680 469127 5 9 9 9 -1 -1 1100001000000000000000000002010000000003220000000100000001010000000100000000000001000000000103000000000000000002220222020 2
1 0 469679 469127 9 7 7 5 -1 -1 1100001000000000000000000000010000000003220000000100000001010000000120000000000001000000000103000000000000000002220222020 2
2 0 469679 466041 6 14 7 13 -1 -1 1100001000000000000000000000010000000003220000010100000001010000000020000000000001000000000103000000000000000002220222020 2
1 0 469678 466041 8 10 6 8 -1 -1 1100001000000000000000000000010000000003200000010102000001010000000020000000000001000000000103000000000000000002220222020 2
2 0 469678 463979 6 12 8 14 -1 -1 1100001000000000000000000000010000000013200000010102000001000000000020000000000001000000000103000000000000000002220222020 2
1 0 469678 463979 7 9 5 15 -1 -1 1100001000000000000000000000010000000013000000010102000001000200000020000000000001000000000103000000000000000002220222020 2
2 0 469678 461351 7 13 9 15 -1 -1 1100001000000000000000000000011000000013000000010002000001000200000020000000000001000000000103000000000000000002220222020 2
1 0 469678 461351 10 14 8 12 -1 -1 1100001000000000000000000000011000000013000000010000000001000200000020020000000001000000000103000000000000000002220222020 2
2 0 469678 458868 8 14 12 14 -1 -1 1100001000000000000000000000011000000013000000010000000001001200000020020000000000000000000103000000000000000002220222020 2
1 0 469678 458868 6 8 4 14 -1 -1 1100001000000000000000000000011000000013000000010000000001001000000020020000000000000000000103000000000002000002220222020 2
2 0 469678 456793 9 9 10 10 -1 -1 1100001000000000010000000000011000000003000000010000000001001000000020020000000000000000000103000000000002000002220222020 2
1 0 469677 456793 11 11 9 9 -1 -1 1100001000000000010000000000011000000003000000010000000001001000000000020000000200000000000103000000000002000002220222020 2
2 0 469677 454993 9 15 10 14 -1 -1 1100001000000000010000000000011000000003000000010000000001001000000010020000000200000000000003000000000002000002220222020 2
1 0 469677 454993 5 15 3 13 -1 -1 1100001000000000010000000000011000000003000000010000000001001000000010000000000202000000000003000000000002000002220222020 2
2 0 469677 451695 14 10 15 11 -1 -1 1100001010000000010000000000010000000003000000010000000001001000000010000000000202000000000003000000000002000002220222020 2
1 0 469677 451695 5 13 3 11 -1 -1 1100001010000000010000000000010000000003000000010000000001001000000010000000000202000000000003000000000002000002220022220 2
2 0 469677 449946 10 10 11 11 -1 -1 1100001110000000010000000000000000000003000000010000000001001000000010000000000202000000000003000000000002000002220022220 2
1 0 469676 449946 4 14 2 12 -1 -1 1100001110000000010000000000000000000003000000010000000001001000000010000000000002000000000203000000000002000002220022220 2
2 0 469676 448282 10 14 16 12 -1 -1 1100101110000000000000000000000000000003000000010000000001001000000010000000000002000000000203000000000002000002220022220 2
1 0 469676 448282 3 11 1 13 -1 -1 1100101110000000000000000000000000000003000000010000000001001000000010000000000000000000000203000000000002000002220022222 2
2 0 469676 447368 11 11 12 12 -1 -1 1110101010000000000000000000000000000003000000010000000001001000000010000000000000000000000203000000000002000002220022222 2
1 0 469676 447368 9 9 8 8 -1 -1 1110101010000000000000000000000000000003000000010000000001001000000010000000000000000000000003000000000022000002220022222 2
2 0 469676 446731 12 14 13 15 -1 -1 1110101010000000000000000000000000000003000000010000000001101000000000000000000000000000000003000000000022000002220022222 2
1 0 469675 446731 8 8 6 6 -1 -1 1110101010000000000000000000000000000003000000010000000001101000000000000000000000000000000003000000000020000002222022222 2
2 0 469675 446366 12 12 14 10 -1 -1 1110101010000000000000000000000000000103000000010000000001001000000000000000000000000000000003000000000020000002222022222 2
