1322290446000
kingfish
benny
1 0 599812 600000 14 10 12 12 -1 -1 2222222222000000000000000000000000000000000000000000000000000000000000000000000000000000000000000000000000000001111111111 1
2 0 599812 599997 2 10 4 12 -1 -1 2222222222000000000000000000000000000000000000000000000000000000000000000000000000000000000000000000000010000001111011111 1
1 0 599811 599997 16 12 12 8 -1 -1 2220222222000000200000000000000000000000000000000000000000000000000000000000000000000000000000000000000010000001111011111 1
2 0 599811 599996 0 12 4 8 -1 -1 2220222222000000200000000000000000000000000000000000000000000000000000000000000000000000000000000000001010000001111011110 1
1 0 599810 599996 13 13 11 11 -1 -1 0220222222000020200000000000000000000000000000000000000000000000000000000000000000000000000000000000001010000001111011110 1
2 0 599810 599995 3 9 5 7 -1 -1 0220222222000020200000000000000000000000000000000000000000000000000000000000000000000000000100000000001010000001101011110 1
1 0 599809 599995 14 12 10 12 -1 -1 0220220222000020200000000020000000000000000000000000000000000000000000000000000000000000000100000000001010000001101011110 1
2 0 599809 599994 2 12 6 8 -1 -1 0220220222000020200000000020000000000000000000000000000000000000000000000000000010000000000100000000001010000001101001110 1
1 0 599808 599994 13 11 9 11 -1 -1 0220020222000020200000000020000000000020000000000000000000000000000000000000000010000000000100000000001010000001101001110 1
2 0 599808 599993 5 7 7 9 11 15 0220020222000020200000000020000000000020000000000000000000000000000001000000000010000000000100000000001010000001001001110 1
1 0 594190 599993 11 11 9 9 -1 -1 0220020222000020200000000000000000000020000000000200000000000000000001000000000010000000000103000000001010000001001001110 1
2 0 594190 599992 6 8 10 8 6 10 0220020222000020200000000000000000000020000000000200000000000000000011000000000010000000000003000000001010000001001001110 1
1 0 588535 599992 14 14 8 12 -1 -1 0220020222000020200000000000000000000003000000000200000000000000000011000000002010000000000003000000001010000001001001110 1
2 0 588535 599991 3 13 5 11 -1 -1 0220020222000020200000000000000000000003000000000200000000001000000011000000002010000000000003000000001010000001001000110 1
1 0 582928 599991 9 9 5 13 -1 -1 0220020202000020200000000000200000000003000000000200000000001000000011000000002010000000000003000000001010000001001000110 1
2 0 582928 599990 4 12 6 14 -1 -1 0220020202000020200000000000210000000003000000000200000000001000000001000000002010000000000003000000001010000001001000110 1
1 0 571149 599990 13 9 5 9 -1 -1 0220020202000020000000000000210000000003020000000200000000001000000001000000002010000000000003000000001010000001001000110 1
2 0 571149 599989 5 11 7 13 -1 -1 0220020202000020000000000001210000000003020000000200000000001000000001000000002010000000000003000000001010000000001000110 1
1 0 563546 599989 10 12 2 12 -1 -1 0220020202000020000000000001010000000003020000000202000000001000000001000000002010000000000003000000001010000000001000110 1
2 0 563546 599987 1 11 5 11 -1 -1 0220120202000020000000000001010000000003020000000202000000001000000001000000002000000000000003000000001010000000001000110 1
1 0 555357 599987 15 13 14 14 -1 -1 0020120202000020000000000001210000000003020000000202000000001000000001000000002000000000000003000000001010000000001000110 1
2 0 555357 599986 2 14 4 16 -1 -1 0020120202000020000000000001210000000003020000000202000000001000000001000000002000000000000003000000001010000000001001100 1
1 0 546866 599986 14 14 10 14 -1 -1 0020100202000020002000000001210000000003020000000202000000001000000001000000002000000000000003000000001010000000001001100 1
2 0 546866 599984 3 15 5 17 -1 -1 0020100202000020002000000001210000000003020000000202000000001000000001000000002001000000000003000000001010000000001000100 1
1 0 535218 599984 12 12 12 14 -1 -1 0020100200000020002000000001210200000003020000000202000000001000000001000000002001000000000003000000001010000000001000100 1
2 0 535218 599983 4 16 6 18 -1 -1 0020100200000020002000000001210200000003020000000202000000001000000001000000002001000000000003000000001001000000001000100 1
1 0 518447 599983 12 14 4 10 -1 -1 0020100200000020000000000001210200000003020200000202000000001000000001000000002001000000000003000000001001000000001000100 1
2 0 518447 599982 5 17 7 19 -1 -1 0020100200000021000000000001210200000003020200000202000000001000000001000000002001000000000003000000001000000000001000100 1
1 0 508787 599982 13 15 12 14 -1 -1 0020100200000021000000000001210000000003020200000202002000001000000001000000002001000000000003000000001000000000001000100 1
2 0 508787 599981 6 18 8 20 -1 -1 0020100200000021000000000001210000000003020200000202002000001000000001000000002001000000000003000000001001000000000000100 1
1 0 498124 599981 12 14 4 14 -1 -1 0020100200000021000000000001210000000003020000000202002000001000200001000000002001000000000003000000001001000000000000100 1
2 0 498124 599980 10 8 11 9 -1 -1 0020100200000021010000000001210000000003020000000202002000001000200001000000002001000000000003000000001000000000000000100 1
1 0 491251 599980 10 14 9 13 -1 -1 0020100200000021010000000001210000000003020000000202002000001000200001000000000001000000002003000000001000000000000000100 1
2 0 491251 599979 11 9 12 10 -1 -1 0020100200000021010000000001210000000003020000000202002000001000200001100000000000000000002003000000001000000000000000100 1
1 0 485127 599979 5 13 3 15 -1 -1 0020100200000021010000000001210000000003020000000202002000001000200001100000000000000000000003000000001200000000000000100 1
2 0 485127 599978 12 10 13 9 -1 -1 0020100201000021010000000001200000000003020000000202002000001000200001100000000000000000000003000000001200000000000000100 1
1 0 479705 599978 9 13 5 13 -1 -1 0020100201000021010000000001200000000003020000000202002000001000200001100000000000000000000003000000001000000002000000100 1
2 0 479705 599977 13 9 14 10 -1 -1 0020100201000021010000000001210000000003020000000202002000001000200001000000000000000000000003000000001000000002000000100 1
1 0 473455 599977 4 14 3 13 -1 -1 0020100201000021010000000001210000000003020000000202002000001000200001000000000000000000000003000000001000000000000200100 1
2 0 473455 599976 14 10 16 12 -1 -1 0020100211000021000000000001210000000003020000000202002000001000200001000000000000000000000003000000001000000000000200100 1
1 0 469835 599976 4 10 3 9 -1 -1 0020100211000021000000000001210000000003020000000202002000001000200001000000000000000000000003000000001000000000000000102 1
2 0 469835 599975 8 20 9 19 -1 -1 0020101211000020000000000001210000000003020000000202002000001000200001000000000000000000000003000000001000000000000000102 1
1 0 464740 599975 5 9 4 10 -1 -1 0020101211000020000000000001210000000003020000000202002000001000000001000200000000000000000003000000001000000000000000102 1
2 0 464740 599975 3 11 9 9 -1 -1 0020101211000021000000000000210000000003020000000202002000001000000001000200000000000000000003000000001000000000000000102 1
1 0 459966 599975 5 13 3 11 -1 -1 0020101011000021000000000000210000000003020000000202002000001000000021000200000000000000000003000000001000000000000000102 1
2 0 459966 599974 9 9 10 10 -1 -1 0020101111000021000000000000200000000003020000000202002000001000000021000200000000000000000003000000001000000000000000102 1
1 0 456433 599974 12 8 11 9 -1 -1 0020101111000021000000000000200000000003020000000202002000001000000001000200000200000000000003000000001000000000000000102 1
2 0 456433 599974 10 10 12 8 -1 -1 0020101111000021000000000000200000000003020000000202002000001000000001000200000200000000001003000000000000000000000000102 1
1 0 453252 599974 9 11 9 13 -1 -1 0020101111000021000000000000200000000003020000000202002000001000000001000200000000000000001003000000002000000000000000102 1
2 0 453252 599973 7 13 9 15 -1 -1 0020101111000021000000000000200000000003020000000202002000001000000000100200000000000000001003000000002000000000000000102 1
1 0 449066 599973 9 13 5 13 -1 -1 0020101111000021000000000000200000000003020000000200002000001000000000120200000000000000001003000000002000000000000000102 1
2 0 449066 599972 5 11 9 11 -1 -1 0020101111000021000000000000210000000003020000000200002000001000000000020200000000000000001003000000002000000000000000102 1
1 0 443909 599972 5 13 4 12 -1 -1 0020101111000021000000000000010000000003020000000200002000001000000002020200000000000000001003000000002000000000000000102 1
2 0 443909 599971 12 8 13 9 -1 -1 0020101111000021100000000000000000000003020000000200002000001000000002020200000000000000001003000000002000000000000000102 1
1 0 440106 599971 15 11 14 10 -1 -1 0020101111000021100000000000000000000003020000000200002000001000000002020200000000000000001003000000000000000002000000102 1
2 0 440106 599970 13 9 15 11 -1 -1 0020101111000021100000000000000000000003020000000200002000001000000002020200000000000000001003000000000000000002000100002 1
1 0 437461 599970 4 12 0 12 -1 -1 0020101111000021100000000000000000000003020000000200002000001000000002020200000000000000001003000000000000000000000100202 1
2 0 437461 599962 9 15 10 16 -1 -1 1020101111000021000000000000000000000003020000000200002000001000000002020200000000000000001003000000000000000000000100202 1
1 0 434730 599962 11 9 10 10 -1 -1 1020101111000021000000000000000000000003020000000200002000001000000002000200000000200000001003000000000000000000000100202 1
2 0 434730 599962 10 16 12 14 -1 -1 1020101111000021000000000000000000000003020000000200002000001000000002000200000100200000000003000000000000000000000100202 1
1 0 431974 599962 14 10 13 11 -1 -1 1020101111000021000000000000000000000003020000000200002000001000000002000200000100000000000003000000000002000000000100202 1
2 0 431974 599961 9 11 11 9 -1 -1 1020101111000021000000000000000000000003020000000200002000001000000002000200000100000000000003000000000002000000100000202 1
1 0 429388 599961 10 10 9 11 -1 -1 1020101111000021000000000000000000000003020000000200002000001000000000000200000100000000002003000000000002000000100000202 1
2 0 429388 599960 12 14 13 15 -1 -1 1020101111000021000000000000000000000003020000000200002000001000000001000200000000000000002003000000000002000000100000202 1
1 0 426340 599960 9 11 5 15 -1 -1 1020101111000021000000000000000000000003020000000200002000001000000001000200000000000000002003000000000000000000102000202 1
2 0 426340 599959 13 15 14 14 -1 -1 1020101111000021000000000000001000000003020000000200002000001000000000000200000000000000002003000000000000000000102000202 1
1 0 422889 599959 5 15 4 14 -1 -1 1020101111000021000000000000001000000003020000000200002000001000000000000200000000000000002003000000000000000000100002202 1
2 0 422889 599959 14 14 15 13 -1 -1 1020101111000021010000000000000000000003020000000200002000001000000000000200000000000000002003000000000000000000100002202 1
1 0 420045 599959 13 11 12 12 -1 -1 1020101111000021010000000000000000000003020000000200002000001000000000000200000000000000002003000000000000000000100000222 1
2 0 420045 599958 11 9 12 10 -1 -1 1020101111000021010000000000000000000003020000000200002000001000000000000200000000000000002003000000000010000000000000222 1
1 0 417616 599958 8 12 7 11 -1 -1 1020101111000021010000000000000000000003020000000200002000001000000000000200000000000000000003000000000210000000000000222 1
2 0 417616 599957 12 10 13 11 -1 -1 1020101111000021010000000000000000000003020000000210002000000000000000000200000000000000000003000000000210000000000000222 1
1 0 415120 599957 7 11 5 9 -1 -1 1020101111000021010000000000000000000003020000000210002000000000000000000200000000000000000003000000000010000000200000222 1
2 0 415120 599956 13 11 14 10 -1 -1 1020101111000021010000000001000000000003020000000200002000000000000000000200000000000000000003000000000010000000200000222 1
1 0 413086 599956 12 12 11 13 -1 -1 1020101111000021010000000001000000000003020000000200002000000000000000000200000000000000000003000000000010000000000200222 1
2 0 413086 599956 9 19 10 18 -1 -1 1020101111000021010000000001000000000003020000000200002000000000000000000200000000000000000013000000000000000000000200222 1
1 0 410531 599956 11 13 9 19 -1 -1 1020101111000021010000000001000000000003020000000200002000000000000000000000000000020000000013000000000000000000000200222 1
2 0 410531 599955 10 18 11 17 -1 -1 1020101111000021010000000001000000000003020000000200002000000000000000000100000000020000000003000000000000000000000200222 1
1 0 408183 599955 9 19 8 18 -1 -1 1020101111000021010000000001000000000003020000000200002000000000000000000100000000000000000003200000000000000000000200222 1
2 0 408183 599954 7 19 9 17 -1 -1 1020101111000021010000000001000000000003020000000200002000000001000000000000000000000000000003200000000000000000000200222 1
1 0 405927 599954 8 18 7 17 -1 -1 1020101111000021010000000001000000000003020000000200000000000001000000002000000000000000000003200000000000000000000200222 1
2 0 405927 599953 11 17 12 16 -1 -1 1020101111000021010000000001000000000003020000000200010000000000000000002000000000000000000003200000000000000000000200222 1
1 0 404007 599953 7 17 6 16 -1 -1 1020101111000021010000000001000000000003020000000200010000000000000000002000000000000000000003000000000000200000000200222 1
2 0 404007 599952 12 16 13 15 -1 -1 1020101111000021010000000001000000000003021000000200000000000000000000002000000000000000000003000000000000200000000200222 1
1 0 401547 599952 6 16 5 15 -1 -1 1020101111000021010000000001000000000003021000000200000000000000000000002000000000000000000003000000000000000000002200222 1
2 0 401547 599952 13 15 14 14 -1 -1 1020101111000021010000000001001000000003020000000200000000000000000000002000000000000000000003000000000000000000002200222 1
1 0 399791 599952 3 13 2 14 -1 -1 1020101111000021010000000001001000000003020000000200000000000000000000002000000000000000000003000000000000000000000202222 1
2 0 399791 599951 9 17 10 16 -1 -1 1020111101000021010000000001001000000003020000000200000000000000000000002000000000000000000003000000000000000000000202222 1
1 0 397895 599951 5 15 1 11 -1 -1 1020111101000021010000000001001000000003020000000200000000000000000000000000000000200000000003000000000000000000000202222 1
2 0 397895 599950 10 16 12 14 -1 -1 1120111101000021010000000001000000000003020000000200000000000000000000000000000000200000000003000000000000000000000202222 1
1 0 396754 599950 4 14 3 13 -1 -1 1120111101000021010000000001000000000003020000000200000000000000000000000000000000000000000003000000000002000000000202222 1
2 0 396754 599949 12 14 13 15 -1 -1 1120111111000021000000000001000000000003020000000200000000000000000000000000000000000000000003000000000002000000000202222 1
1 0 396223 599949 3 9 2 10 -1 -1 1120111111000021000000000001000000000003020000000200000000000000000000000000000000000000000003000000000000000000002202222 1
2 0 396223 599949 7 9 8 10 -1 -1 1121110111000021000000000001000000000003020000000200000000000000000000000000000000000000000003000000000000000000002202222 1
1 0 395579 599949 4 10 3 9 -1 -1 1121110111000021000000000001000000000003020000000000000000020000000000000000000000000000000003000000000000000000002202222 1
