1322292136000
googolhex
kingfish
1 0 599551 600000 13 11 12 10 -1 -1 2222222222000000000000000000000000000000000000000000000000000000000000000000000000000000000000000000000000000001111111111 2
2 0 599551 599901 2 14 4 12 -1 -1 2222222222000000000000000000000000000000000000000000000000000000000000000000000000000000000000000000000100000001011111111 2
1 0 598862 599901 13 15 11 9 -1 -1 2222202222000000200000000000000000000000000000000000000000000000000000000000000000000000000000000000000100000001011111111 2
2 0 598862 599900 0 12 4 16 -1 -1 2222202222000000200000000000000000000000000000000000000000000000000000000000000000000000001000000000000100000001010111111 2
1 0 597840 599900 14 14 10 10 -1 -1 0222202222000000202000000000000000000000000000000000000000000000000000000000000000000000001000000000000100000001010111111 2
2 0 597840 599899 3 11 5 13 -1 -1 0222202222000000202000000000000000000000000000000000000000000000000000000000000100000000001000000000000100000001010110111 2
1 0 595437 599899 16 12 12 12 -1 -1 0222202022000000202000000000020000000000000000000000000000000000000000000000000100000000001000000000000100000001010110111 2
2 0 595437 599898 2 12 6 12 -1 -1 0222202022000000202000000000020000000000000000000000000000000000000000000000000100000000001000000000000110000001010110110 2
1 0 591185 599898 15 13 11 13 -1 -1 0222002022000000202000000000020000000000200000000000000000000000000000000000000100000000001000000000000110000001010110110 2
2 0 591185 599897 3 13 7 13 -1 -1 0222002022000000202000000000020000000000200000000000000000000000000000000000000100000000001010000000000110000001010110100 2
1 0 583881 599897 14 12 10 8 -1 -1 0222002002000000202000000000020000000000200000000002000000000000000000000000000100000000001010000000000110000001010110100 2
2 0 583881 599720 4 12 8 12 -1 -1 0222002002000000202000000000020000000000200000000002000000000000000000000000001100000000001010000000000110000001010100100 2
1 0 577568 599720 13 13 9 9 -1 -1 0222002002000000002000000000020000000000200000000002000000002000000000000000001100000000001010000000000110000001010100100 2
2 0 577568 593766 3 9 4 10 -1 -1 0222002002000000002000000000020000000000200000000002000000002000000010000000001100000000001010000000000110000001000100100 2
1 0 571973 593766 12 12 12 8 -1 -1 0222000002000002002000000000020000000000200000000002000000002000000010000000001100000000001010000000000110000001000100100 2
2 0 571973 590953 1 11 5 15 -1 -1 0222000002000002002000000000020000000000200000000002000000002000000010000000001100000000001010000000001100000001000100100 2
1 0 569104 590953 11 13 10 12 -1 -1 0022000002000002002000000000022000000000200000000002000000002000000010000000001100000000001010000000001100000001000100100 2
2 0 569104 584957 5 13 11 11 -1 -1 0022000002000002002000000000022000000000200000000002000000002000000010000000001110000000001000000000001100000001000100100 2
1 0 567802 584957 9 9 8 8 -1 -1 0022000002000002002000000000002000000000200000000002000000002000000010000000001110000000001200000000001100000001000100100 2
2 0 567802 581470 3 15 7 11 -1 -1 0022000002000002002000000000002000000000200000000002000000102000000000000000001110000000001200000000001100000001000100100 2
1 0 566559 581470 13 9 9 9 -1 -1 0022000000000002002000000000002000000000200000000022000000102000000000000000001110000000001200000000001100000001000100100 2
2 0 566559 576626 11 11 13 9 -1 -1 0022000000000002002000000000002000000000200000000022000000102000000010000000001110000000001200000000001100000000000100100 2
1 0 564944 576626 14 10 13 11 -1 -1 0022000000000002002000000000002000000000200000000022000000102000000010000000001110000000001000000000001100000002000100100 2
2 0 564944 571592 4 16 6 14 -1 -1 0022000000000002002000000000002000000000200000000022000000102000000010000000001110000000001000000000001100000002100000100 2
1 0 562657 571592 15 11 14 10 -1 -1 0022000000000002000000000000002000000000220000000022000000102000000010000000001110000000001000000000001100000002100000100 2
2 0 562657 567496 2 10 3 9 -1 -1 0022000000000002000000000000002000000000220000000022000000102000000010000000001110000000001000000000001100000002100100000 2
1 0 561036 567496 11 9 9 11 -1 -1 0020002000000002000000000000002000000000220000000022000000102000000010000000001110000000001000000000001100000002100100000 2
2 0 561036 562354 7 13 11 9 -1 -1 0020002000000002000000000000002000000000220000000022000000102000000011000000001110000000000000000000001100000002100100000 2
1 0 553652 562354 10 12 8 10 -1 -1 0020002000000002000000000000002000000000220000000020000000102000000011000000001110000000002000000000001100000002100100000 2
2 0 553652 559349 3 9 7 13 -1 -1 0020002000000002000000000000002000000000220000000020000000112000000011000000001100000000002000000000001100000002100100000 2
1 0 550660 559349 14 10 12 12 -1 -1 0020000000000002000000000000002000000000220000000022000000112000000011000000001100000000002000000000001100000002100100000 2
2 0 550660 555421 1 13 2 12 -1 -1 0020000000000002000000000000002000000000220000000022000000112000000011000000001100000000002000000000001110000002100000000 2
1 0 546437 555421 9 11 7 9 -1 -1 0000200000000002000000000000002000000000220000000022000000112000000011000000001100000000002000000000001110000002100000000 2
2 0 546437 551529 8 12 9 13 -1 -1 0000200000000002000000000000002000000000220000000122000000112000000010000000001100000000002000000000001110000002100000000 2
1 0 539321 551529 12 12 11 11 -1 -1 0000200000000002000000000000002000000000220000000122000000110000000010200000001100000000002000000000001110000002100000000 2
2 0 539321 548164 6 14 10 14 -1 -1 0000200000000002000000000000002000000000220000000122000000110000000010200000001100000000002100000000001100000002100000000 2
1 0 530812 548164 12 10 10 12 -1 -1 0000200000000002000000000000002000000000200000000122000000110000000010200000001102000000002100000000001100000002100000000 2
2 0 530812 543632 6 12 8 14 -1 -1 0000200000000002000000000000002000000000200000000122000000110000000010200000001112000000002100000000001000000002100000000 2
1 0 521861 543632 10 12 9 11 -1 -1 0000200000000002000000000000002000000000000000000122000000110200000010200000001112000000002100000000001000000002100000000 2
2 0 521861 537602 7 13 11 13 -1 -1 0000200000000002000000000000002000000000000000000122000000110200000011200000001102000000002100000000001000000002100000000 2
1 0 510908 537602 10 10 6 10 -1 -1 0000200000000002000000000000002000000000000000000120000000110200000011200000001102000000002120000000001000000002100000000 2
2 0 510908 530241 8 14 12 14 -1 -1 0000200000000002000000000000002000000001000000000120000000110200000011200000001002000000002120000000001000000002100000000 2
1 0 502507 530241 13 11 14 10 -1 -1 0000200000000002000000000000002000000001000000000120000000110000000011200000001002000000002120000000001002000002100000000 2
2 0 502507 524738 9 13 13 13 -1 -1 0000200000000002000000000000002000000001000000000120000000110000000011200000001002000000002120000000001002000002000100000 2
1 0 495913 524738 6 10 5 11 -1 -1 0000200000000002000000000000002000000001000000000120000000110000000011000000001002000000002120000000001002000002020100000 2
2 0 495913 518778 7 11 8 12 -1 -1 0000200000000002000000000000102000000000000000000120000000110000000011000000001002000000002120000000001002000002020100000 2
1 0 489041 518778 8 8 4 12 -1 -1 0000200000000002000000000000102000000000000000000100000000112000000011000000001002000000002120000000001002000002020100000 2
2 0 489041 513450 8 12 10 10 -1 -1 0000200000000002100000000000102000000000000000000100000000012000000011000000001002000000002120000000001002000002020100000 2
1 0 484385 513450 14 10 13 11 -1 -1 0000200000000002100000000000102000000000000000000100000000010000000011000000001202000000002120000000001002000002020100000 2
2 0 484385 506946 10 14 14 14 -1 -1 0000200000000002100000000000102000000000000000000100000000010000000011000000001202000000002120000000001002000002120000000 2
1 0 478225 506946 13 11 12 10 -1 -1 0000200000000002100000000000102000000000000000000100000000010000000011000000001200000000002120000000001002000002120002000 2
2 0 478225 501278 11 9 13 11 -1 -1 0000200000000002100000000000102000000000000000000100000000010000000011000000001200000000002120000000001102000002020002000 2
1 0 473069 501278 12 10 11 9 -1 -1 0000200000000002100000000000102000000000000000000100000000010000000011000000001200000000000120000000001102000002220002000 2
2 0 473069 494514 11 13 15 13 -1 -1 0000200000000002100000000000102000000000000000000100000000010000000011000000001200000000001120000000001002000002220002000 2
1 0 473067 494514 5 11 1 11 -1 -1 0000200000000002100000000000102000000000000000000100000000010000000011000000001200000000001100000000001002000002220002020 2
2 0 473067 490355 2 12 3 11 -1 -1 0100200000000002100000000000002000000000000000000100000000010000000011000000001200000000001100000000001002000002220002020 2
1 0 473066 490355 4 12 0 12 -1 -1 0100000200000002100000000000002000000000000000000100000000010000000011000000001200000000001100000000001002000002220002020 2
2 0 473066 486897 3 11 5 9 -1 -1 1100000200000002000000000000002000000000000000000100000000010000000011000000001200000000001100000000001002000002220002020 2
1 0 473066 486897 11 9 9 7 4 8 1100000000000002000000000002002000000000000000000100000000010000000011000000001200000000001100000000001002000002220002020 2
2 0 473066 480363 10 10 14 10 -1 -1 1100000000000032000000000002002000000000000000000100000000010000000111000000001200000000000100000000001002000002220002020 2
1 0 473065 480363 10 8 8 6 5 11 1100000000000032000000000002002000000000000000000100000000010000000111000000001000000000000100000000001002000002220202020 2
2 0 473065 473222 12 14 14 12 -1 -1 1100000000000032000000000002302000000000000000000100000001010000000111000000000000000000000100000000001002000002220202020 2
1 0 473065 473222 9 9 7 7 -1 -1 1100000000000032000000000002302000000000000000000100000001010000000111000000000000000000000100000000001000000002220222020 2
2 0 473065 471084 4 10 6 12 -1 -1 1100000000000032000000000002302000000000000000001100000001010000000101000000000000000000000100000000001000000002220222020 2
1 0 473064 471084 8 10 4 10 -1 -1 1100000000000030000000000002302000000000200000001100000001010000000101000000000000000000000100000000001000000002220222020 2
2 0 473064 468732 5 9 7 11 -1 -1 1100000000000031000000000002302000000000200000001100000001000000000101000000000000000000000100000000001000000002220222020 2
1 0 473063 468732 9 7 7 5 -1 -1 1100000000000031000000000000302000000000200000001120000001000000000101000000000000000000000100000000001000000002220222020 2
2 0 473063 464861 6 12 12 10 -1 -1 1100000000000031000000000000302000000000200000011120000001000000000001000000000000000000000100000000001000000002220222020 2
1 0 473062 464861 12 8 4 12 -1 -1 1100000000000031000000000000302000000000000000011120000001000000000001000000000000000000000100000000001200000002220222020 2
2 0 473062 461979 5 15 6 14 -1 -1 1100000000000031100000000000302000000000000000011120000001000000000001000000000000000000000100000000000200000002220222020 2
1 0 473061 461979 8 6 6 12 -1 -1 1100000000000031100000000000300000000000020000011120000001000000000001000000000000000000000100000000000200000002220222020 2
2 0 473061 459447 6 14 12 12 -1 -1 1100000000000031100000000000300000000000120000011120000000000000000001000000000000000000000100000000000200000002220222020 2
1 0 473061 459447 11 11 10 10 -1 -1 1100000000000031100000000000300000000000100000011120000000000000000001000000000000000000000100000000000220000002220222020 2
2 0 473061 458414 7 11 8 12 -1 -1 1100000000000031100000000000300000000000100000011120000000000000000001000000000100000000000000000000000220000002220222020 2
1 0 473060 458414 7 7 3 11 -1 -1 1100000000000031100000000000300000000000100000011100000000002000000001000000000100000000000000000000000220000002220222020 2
2 0 473060 457333 8 12 9 13 -1 -1 1100000100000031100000000000300000000000100000010100000000002000000001000000000100000000000000000000000220000002220222020 2
1 0 473060 457333 10 10 8 12 -1 -1 1100000100000031100000000000300000000000100000010100000000000000000001200000000100000000000000000000000220000002220222020 2
2 0 473060 456566 9 13 10 12 -1 -1 1100000100000031100000000000300000000000100000010100000000001000000001200000000000000000000000000000000220000002220222020 2
1 0 473060 456566 9 11 7 13 -1 -1 1100000100000031100000000000300000000000100000010100000000001000000001000000000020000000000000000000000220000002220222020 2
2 0 473060 454025 10 12 11 11 -1 -1 1100000100000031100000000000300000000000100000010101000000001000000000000000000020000000000000000000000220000002220222020 2
1 0 473059 454025 8 12 6 14 -1 -1 1100000100000031100000000000300000000000100000010101000000001000000000000000000000000000000200000000000220000002220222020 2
2 0 473059 452783 13 13 13 15 -1 -1 1100000100000031100000000000300000000000110000010101000000000000000000000000000000000000000200000000000220000002220222020 2
1 0 473058 452783 7 13 5 15 -1 -1 1100000100000031100000000000300000000000110000010101000000000000000000000000000000000000000200000000000220000002202222020 2
2 0 473058 452164 11 11 13 13 -1 -1 1100000100000031100000000000301000000000110000010100000000000000000000000000000000000000000200000000000220000002202222020 2
1 0 473057 452164 6 12 4 14 -1 -1 1100000100000031100000000000301000000000110000010100000000000000000000000000000000000000000000000000000220000002222222020 2
2 0 473057 451402 13 9 15 11 -1 -1 1100000100000031110000000000301000000000010000010100000000000000000000000000000000000000000000000000000220000002222222020 2
1 0 473057 451402 6 14 4 16 -1 -1 1100000100000031110000000000301000000000010000010100000000000000000000000000000000000000000000000000000220000000222222220 2
2 0 473057 451079 12 10 13 9 -1 -1 1100000100000031111000000000301000000000000000010100000000000000000000000000000000000000000000000000000220000000222222220 2
1 0 473057 451079 5 15 3 13 -1 -1 1100000100000031111000000000301000000000000000010100000000000000000000000000000000000000000000000000000020000002222222220 2
2 0 473057 450822 14 10 16 12 -1 -1 1100000110000031111000000000300000000000000000010100000000000000000000000000000000000000000000000000000020000002222222220 2
1 0 473056 450822 4 14 2 12 -1 -1 1100000110000031111000000000300000000000000000010100000000000000000000000000000000000000000000000000000020000002222022222 2
2 0 473056 450514 12 12 14 10 -1 -1 1100100110000031101000000000300000000000000000010100000000000000000000000000000000000000000000000000000020000002222022222 2
