1322290990000
kingfish
googolhex
1 0 599821 600000 14 10 12 12 -1 -1 2222222222000000000000000000000000000000000000000000000000000000000000000000000000000000000000000000000000000001111111111 1
2 0 599821 599671 3 13 4 14 -1 -1 2222222222000000000000000000000000000000000000000000000000000000000000000000000000000000000000000000000010000001111011111 1
1 0 599820 599671 16 12 12 8 -1 -1 2222222202000000020000000000000000000000000000000000000000000000000000000000000000000000000000000000000010000001111011111 1
2 0 599820 599014 3 9 5 15 -1 -1 2222222202000000020000000000000000000000000000000000000000000000000000000000000000000000000000000000001010000001111011110 1
1 0 599817 599014 13 13 11 11 -1 -1 2222220202000000020000000000002000000000000000000000000000000000000000000000000000000000000000000000001010000001111011110 1
2 0 599817 597977 5 15 6 16 -1 -1 2222220202000000020000000000002000000000000000000000000000000000000000000000000000000000000100000000001010000001101011110 1
1 0 599816 597977 14 12 10 12 -1 -1 2222220202000000020000000000000000000000002000000000000000000000000000000000000000000000000100000000001010000001101011110 1
2 0 599816 597209 2 10 4 12 -1 -1 2222220202000000020000000000000000000000002000000000000000000000000000000000000010000000000100000000001010000001101001110 1
1 0 599815 597209 13 11 9 11 -1 -1 2220220202000000220000000000000000000000002000000000000000000000000000000000000010000000000100000000001010000001101001110 1
2 0 599815 595748 1 11 5 15 -1 -1 2220220202000000220000000000000000000000002000000000000000000000000001000000000010000000000100000000001010000001001001110 1
1 0 599622 595748 12 12 8 12 -1 -1 2020220202000000220000000000002000000000002000000000000000000000000001000000000010000000000100000000001010000001001001110 1
2 0 599622 593334 3 11 7 15 -1 -1 2020220202000000220000000000002000000000002000000000000000001000000001000000000010000000000100000000001000000001001001110 1
1 0 599621 593334 11 11 7 11 -1 -1 2020220002000000220000000000002000000000002000000000200000001000000001000000000010000000000100000000001000000001001001110 1
2 0 599621 589170 4 12 8 16 -1 -1 2020220002000000220000000000002000000000002000000010200000001000000001000000000010000000000000000000001000000001001001110 1
1 0 599620 589170 10 12 6 12 -1 -1 2020220002000000020000000000002000000000002000000010200000001020000001000000000010000000000000000000001000000001001001110 1
2 0 599620 585556 8 16 9 15 -1 -1 2020220002000000020000000000002000000000102000000010200000001020000001000000000000000000000000000000001000000001001001110 1
1 0 595738 585556 8 12 4 16 -1 -1 2020220002000000020000000000002000000000102000000010200000001000000001020000000000000000000000000000001000000001001001110 1
2 0 595738 583722 9 15 10 16 -1 -1 2020220002000000021000000000002000000000102000000010200000000000000001020000000000000000000000000000001000000001001001110 1
1 0 591892 583722 12 8 11 9 -1 -1 2020220002000000021000000000002000000000102000000010200000000000000001000000000000200000000000000000001000000001001001110 1
2 0 591892 582217 7 15 8 16 -1 -1 2020220002000000021000000000002000000000102000000010200000000000000001000000000000200000001000000000000000000001001001110 1
1 0 589211 582217 14 14 6 10 -1 -1 2020220002000000021000000000002000000000102000000010000000000020000001000000000000200000001000000000000000000001001001110 1
2 0 589211 580919 5 15 9 15 -1 -1 2020220002000000021000000000002000000001102000000010000000000020000001000000000000200000001000000000000000000001001000110 1
1 0 586996 580919 15 11 14 10 -1 -1 2020220002000000021000000000000000000001102000000010000000000020000001020000000000200000001000000000000000000001001000110 1
2 0 586996 578862 4 14 5 15 -1 -1 2020220002000000021000000000000000000001102000000010000000000020000001020000000000200000001000000000000000000001001100010 1
1 0 584791 578862 7 11 5 17 -1 -1 2020220002000000001000000000002000000001102000000010000000000020000001020000000000200000001000000000000000000001001100010 1
2 0 584791 577787 5 15 6 14 -1 -1 2020220002000000001000000000002100000001102000000000000000000020000001020000000000200000001000000000000000000001001100010 1
1 0 582357 577787 14 10 8 12 -1 -1 2020220002000000001000000000000100000001122000000000000000000020000001020000000000200000001000000000000000000001001100010 1
2 0 582357 575908 3 15 4 14 -1 -1 2020220002000000001000000000000100000001122000000000000000001020000001020000000000200000001000000000000000000001001000010 1
1 0 579325 575908 5 17 3 15 -1 -1 2020220000000000021000000000000100000001122000000000000000001020000001020000000000200000001000000000000000000001001000010 1
2 0 579325 567283 6 14 7 15 -1 -1 2020220001000000021000000000000000000001122000000000000000001020000001020000000000200000001000000000000000000001001000010 1
1 0 574836 567283 9 11 1 11 -1 -1 2020220001000000021000000000000000000001102000000000200000001020000001020000000000200000001000000000000000000001001000010 1
2 0 574836 560156 7 15 11 15 -1 -1 2120220001000000021000000000000000000001102000000000200000001020000000020000000000200000001000000000000000000001001000010 1
1 0 572438 560156 6 10 5 11 -1 -1 2120220001000000021000000000000000000001102000000000000000001020000000020000000000200000001002000000000000000001001000010 1
2 0 572438 552259 8 16 16 12 -1 -1 2120220001000000021000000000100000000000102000000000000000001020000000020000000000200000001002000000000000000001001000010 1
1 0 569862 552259 6 12 4 10 -1 -1 2120220001000000021000000000100000000000102000000000000000001000000000020000000000200000001002000000000000000001001000012 1
2 0 569862 546023 2 12 3 13 -1 -1 2120220001000001021000000000100000000000002000000000000000001000000000020000000000200000001002000000000000000001001000012 1
1 0 567808 546023 15 13 14 14 -1 -1 2120020021000001021000000000100000000000002000000000000000001000000000020000000000200000001002000000000000000001001000012 1
2 0 567808 540288 11 15 12 16 -1 -1 2120020021000001021000000000100000000000002000000000000000001000000000020000000000200000001002000000000000000001001001002 1
1 0 565892 540288 4 16 4 12 -1 -1 2120020021000001021000000000100000000000002000000000000000001000000000020000000000200000001000000000000000200001001001002 1
2 0 565892 536938 2 14 4 16 -1 -1 2120020021000001120000000000100000000000002000000000000000001000000000020000000000200000001000000000000000200001001001002 1
1 0 563973 536938 13 15 11 17 -1 -1 2120000021000001122000000000100000000000002000000000000000001000000000020000000000200000001000000000000000200001001001002 1
2 0 563973 531937 3 13 5 15 -1 -1 2120000021000001122000000000100000000000002000000000000000001000000000020000000000200000001000100000000000200001000001002 1
1 0 561371 531937 5 11 3 13 -1 -1 2120000001000001122000000000102000000000002000000000000000001000000000020000000000200000001000100000000000200001000001002 1
2 0 561371 530848 12 16 13 15 -1 -1 2120000011000001122000000000002000000000002000000000000000001000000000020000000000200000001000100000000000200001000001002 1
1 0 557786 530848 11 17 11 15 -1 -1 2120000011000001122000000000002000000000002000000000000000001000000000020000000000200000001000100000000000000001002001002 1
2 0 557786 529819 6 16 7 15 -1 -1 2120000011000001122000000000002000000000002000000000000000001000000000020000000000200000001001000000000000000001002001002 1
1 0 554473 529819 14 14 6 14 -1 -1 2120000011000001122000000000002000000000000000000000200000001000000000020000000000200000001001000000000000000001002001002 1
2 0 554473 527052 7 15 8 16 -1 -1 2120000011000001122000000000002000000000010000000000200000001000000000020000000000200000001001000000000000000001002000002 1
1 0 549944 527052 11 15 3 11 -1 -1 2120000011000001122000000000002000000000010000000000000000001020000000020000000000200000001001000000000000000001002000002 1
2 0 549944 525840 4 14 5 13 -1 -1 2120000111000001122000000000002000000000010000000000000000001020000000020000000000200000001000000000000000000001002000002 1
1 0 548252 525840 4 10 2 12 -1 -1 2120000111000001102000000000022000000000010000000000000000001020000000020000000000200000001000000000000000000001002000002 1
2 0 548252 523945 5 13 11 15 -1 -1 2120100111000000102000000000022000000000010000000000000000001020000000020000000000200000001000000000000000000001002000002 1
1 0 546717 523945 4 12 2 14 -1 -1 2120100111000000102000000000002000000000010000000000000000001020000000020000000000200000001002000000000000000001002000002 1
2 0 546717 522198 11 15 12 16 -1 -1 2120110111000000002000000000002000000000010000000000000000001020000000020000000000200000001002000000000000000001002000002 1
1 0 545087 522198 13 9 12 8 -1 -1 2120110111000000002000000000002000000000010000000000000000001020000000020000000000200000001000000000000000200001002000002 1
2 0 545087 522197 5 15 9 11 -1 -1 2120110111000000002000000000002000000000010000000000000000001020000000020000000000200000001000000000001000200000002000002 1
1 0 544082 522197 12 8 10 10 -1 -1 2120110111000000002000000000000000000000010000000000000000001020000002020000000000200000001000000000001000200000002000002 1
2 0 544082 522197 0 12 4 12 6 8 2120110111000000002000000000000000000000010000000000000000001020000002020000000100200000001000000000000000200000002000002 1
1 0 541805 522197 8 12 7 11 -1 -1 0120110111000000202000000000000000000030010000000000000000001020000002020000000100200000001000000000000000200000002000002 1
2 0 541805 522197 12 16 14 14 10 14 0120110111000000202000000000000000000030010000000010000000000020000002020000000100200000001000000000000000200000002000002 1
1 0 539944 522197 10 10 6 10 -1 -1 0120110111000000202000000000000000000030010000000010000000000020000002020000000103200000001000000000000000000000002002002 1
2 0 539944 522197 13 15 15 13 -1 -1 0120110111000000202000000000000000000031010000000010000000000020000002020000000003200000001000000000000000000000002002002 1
1 0 538338 522197 7 11 5 9 -1 -1 0120110111000000202000000000000000000031010000000010000000000020000002020000000003200000001000000000000000000000000002022 1
2 0 538338 522196 9 15 11 13 -1 -1 0120110111000000202000000001000000000031010000000000000000000020000002020000000003200000001000000000000000000000000002022 1
1 0 536934 522196 6 10 4 8 -1 -1 0120110111000000202000000001000000000031010000000000000000000020000002000000000003200000001020000000000000000000000002022 1
2 0 536934 522196 10 16 12 14 -1 -1 0120110111000010202000000001000000000030010000000000000000000020000002000000000003200000001020000000000000000000000002022 1
1 0 535678 522196 4 8 3 9 -1 -1 0120110111000010202000000001000000000030010000000000000000000020000002000000000003000000001020000000000002000000000002022 1
2 0 535678 522195 11 13 13 15 -1 -1 0120111111000000202000000001000000000030010000000000000000000020000002000000000003000000001020000000000002000000000002022 1
1 0 534122 522195 5 9 4 8 -1 -1 0120111111000000202000000001000000000030010000000000000000000020000002000000000003000000001000000000000002000000002002022 1
2 0 534122 522195 12 14 13 13 -1 -1 0120111111000010202000000000000000000030010000000000000000000020000002000000000003000000001000000000000002000000002002022 1
1 0 533297 522195 4 8 0 12 -1 -1 0120111111000010202000000000000000000030010000000000000000000020000002000000000003000000001000000000000000000000022002022 1
2 0 533297 522194 13 13 14 12 -1 -1 1120111111000000202000000000000000000030010000000000000000000020000002000000000003000000001000000000000000000000022002022 1
1 0 532624 522194 6 14 5 13 -1 -1 1120111111000000202000000000000000000030010000000000000000000020000002000000000003000000001000000000000000000000002022022 1
2 0 532624 522194 4 12 6 14 -1 -1 1120111111000000202000000000010000000030000000000000000000000020000002000000000003000000001000000000000000000000002022022 1
1 0 531915 522194 5 13 4 12 -1 -1 1120111111000000002000000000010000000030020000000000000000000020000002000000000003000000001000000000000000000000002022022 1
2 0 531915 522193 14 12 15 11 -1 -1 1120111111000000102000000000000000000030020000000000000000000020000002000000000003000000001000000000000000000000002022022 1
1 0 531471 522193 4 12 2 10 -1 -1 1120111111000000102000000000000000000030020000000000000000000020000002000000000003000000001000000000000000000000002002222 1
