1322296232000
droptable
kingfish
1 0 594899 600000 13 9 12 10 -1 -1 2222222222000000000000000000000000000000000000000000000000000000000000000000000000000000000000000000000000000001111111111 2
2 0 594899 599824 2 14 4 12 -1 -1 2222222222000000000000000000000000000000000000000000000000000000000000000000000000000000000000000000000100000000111111111 2
1 0 589897 599824 15 11 11 11 -1 -1 2222202222000000200000000000000000000000000000000000000000000000000000000000000000000000000000000000000100000000111111111 2
2 0 589897 599822 0 12 4 16 -1 -1 2222202222000000200000000000000000000000000000000000000000000000000000000000000000000000000100000000000100000000111111011 2
1 0 584876 599822 14 14 10 10 -1 -1 0222202222000000202000000000000000000000000000000000000000000000000000000000000000000000000100000000000100000000111111011 2
2 0 584876 599819 3 11 5 13 -1 -1 0222202222000000202000000000000000000000000000000000000000000000000000000000000100000000000100000000000100000000111110011 2
1 0 579874 599819 13 11 11 13 -1 -1 0222202022000000202000000000020000000000000000000000000000000000000000000000000100000000000100000000000100000000111110011 2
2 0 579874 599817 2 12 6 12 -1 -1 0222202022000000202000000000020000000000000000000000000000000000000000000000000100000000000110000000000100000000011110011 2
1 0 574862 599817 16 12 10 14 -1 -1 0222002022000000202000000000020000000000200000000000000000000000000000000000000100000000000110000000000100000000011110011 2
2 0 574862 599815 3 13 7 13 -1 -1 0222002022000000202000000000020000000000200000000000000000000000000000000000000101000000000110000000000100000000011110010 2
1 0 569723 599815 10 14 9 13 -1 -1 0222002002000000202000000000020000000000200000000002000000000000000000000000000101000000000110000000000100000000011110010 2
2 0 569723 586577 4 12 14 14 -1 -1 0222002002000000202000000000020000000000200000000002000000000000000000100000000100000000000110000000000100000000011110010 2
1 0 554836 586577 15 13 13 11 -1 -1 0222002002000000002000000000020000000000200000000002000000000000000000100000000100000000000110000000000100000000011112010 2
2 0 554836 580771 5 13 6 14 -1 -1 0222002002000000002000000000020000000000200000000002000000000000000000100000000100000000000110000000000100000000111112000 2
1 0 539705 580771 14 12 8 14 -1 -1 0222002002000000002000000000000000000000220000000002000000000000000000100000000100000000000110000000000100000000111112000 2
2 0 539705 575453 6 14 12 12 -1 -1 0222002002000000002000000000000000000000220000000002000000000100000000100000000100000000000110000000000100000000111102000 2
1 0 528450 575453 13 11 9 15 -1 -1 0222002002000000002000000000000000000000200000000002000000000100000000100000000100000000000110000000000120000000111102000 2
2 0 528450 570342 4 16 5 15 -1 -1 0222002002000000002000000000000000000000200000000002000000000100000000110000000100000000000110000000000120000000011102000 2
1 0 517453 570342 13 15 9 11 -1 -1 0222002002000000000000000000002000000000200000000002000000000100000000110000000100000000000110000000000120000000011102000 2
2 0 517453 565352 2 10 8 12 -1 -1 0222002002000000000000000000002000000000200000000002000000000100000001110000000100000000000110000000000120000000010102000 2
1 0 510677 565352 12 10 8 10 -1 -1 0220002002000000000000000000002000000000200000000002000000002100000001110000000100000000000110000000000120000000010102000 2
2 0 510677 561423 6 12 7 11 -1 -1 0220002002000000000000000000002000000000200000000002000000012100000001110000000100000000000110000000000020000000010102000 2
1 0 500615 561423 14 10 13 11 -1 -1 0220002002000000000000000000002000000000000000000022000000012100000001110000000100000000000110000000000020000000010102000 2
2 0 500615 559721 1 11 0 12 -1 -1 0220002002000000000000000000002000000000000000000022000000012100000001110000000100000000000110000000000020000000110002000 2
1 0 493893 559721 11 11 9 9 -1 -1 2020002002000000000000000000002000000000000000000022000000012100000001110000000100000000000110000000000020000000110002000 2
2 0 493893 556641 3 9 4 10 -1 -1 2020002002000000000000000000002000000000000000000022000000012100000011110000000100000000000010000000000020000000110002000 2
1 0 488390 556641 13 11 12 10 -1 -1 2020000002000002000000000000002000000000000000000022000000012100000011110000000100000000000010000000000020000000110002000 2
2 0 488390 553699 12 12 13 11 -1 -1 2020000002000002000000000000002000000000000000000022000000012100000011110000000100000000000010000000000120000000010002000 2
1 0 476153 553699 8 10 7 9 -1 -1 2020000002000002000000000000002000000000000000000022000000012100000011110000000100000000000010000000000100000000210002000 2
2 0 476153 549206 0 12 6 14 -1 -1 2020000002000002000000000000002000000000000000000122000000002100000011110000000100000000000010000000000100000000210002000 2
1 0 464326 549206 11 13 10 14 -1 -1 0020000002000002000000000000002000000000020000000122000000002100000011110000000100000000000010000000000100000000210002000 2
2 0 464326 545602 3 15 4 14 -1 -1 0020000002000002000000000000002000000000020000000122000000002100000011110000000101000000000000000000000100000000210002000 2
1 0 458094 545602 8 14 6 16 -1 -1 0020000000000002020000000000002000000000020000000122000000002100000011110000000101000000000000000000000100000000210002000 2
2 0 458094 540332 5 15 5 13 -1 -1 0020000000000002020000000000002000000000021000000122000000002000000011110000000101000000000000000000000100000000210002000 2
1 0 451424 540332 13 13 11 11 -1 -1 0020000000000002020000000000020000000000021000000122000000002000000011110000000101000000000000000000000100000000210002000 2
2 0 451424 534691 4 14 10 12 -1 -1 0020000000000002020000000000020000000000021000000122000000002000000011110000000101000000000100000000000100000000200002000 2
1 0 445875 534691 9 15 8 16 -1 -1 0020000000000002000000000000020000000000021000000122000000002000000011110000000121000000000100000000000100000000200002000 2
2 0 445875 526063 5 13 9 17 -1 -1 0020000000000002000000000000020000000000021000000122000000002010000011100000000121000000000100000000000100000000200002000 2
1 0 438008 526063 9 11 5 15 -1 -1 0020000000000002000000000000000000000000021000000122000000002010000011102000000121000000000100000000000100000000200002000 2
2 0 438008 515926 14 14 13 13 -1 -1 0020000000000002000000000000001000000000021000000122000000002010000010102000000121000000000100000000000100000000200002000 2
1 0 426376 515926 9 13 8 14 -1 -1 0020000000000002000000000000001000000000021000000122000000002010000010102000000121000000000100000000000100000000220000000 2
2 0 426376 505135 7 11 11 15 -1 -1 0020000000000002000000000000001000000000021000000122000000002110000010002000000121000000000100000000000100000000220000000 2
1 0 413593 505135 11 11 5 13 -1 -1 0020000000000002000000000000001000000000021000000102000000002110000010002000000121000000000102000000000100000000220000000 2
2 0 413593 492365 9 17 13 9 -1 -1 0020000000000002000000000000011000000000021000000102000000002110000010002000000121000000000002000000000100000000220000000 2
1 0 402075 492365 12 10 11 11 -1 -1 0020000000000002000000000000011000000000021000000102000000002110000010000000000121000000000002000000000100000002220000000 2
2 0 402075 485458 10 12 12 14 -1 -1 0020000000000002000000000000011000000000021000000102000000002110000010000000000121000000000102000000000000000002220000000 2
1 0 393613 485458 8 14 6 8 -1 -1 0020000000000002000000000000011000000000021000000102000000002110000010000000000101000000000102000000000002000002220000000 2
2 0 393613 473112 7 13 13 15 -1 -1 0020000000000002000000000000011000000010021000000102000000002010000010000000000101000000000102000000000002000002220000000 2
1 0 388500 473112 10 10 6 10 -1 -1 0020000000000002000000000000011000000010021000000100000000002010000010000000000101000000000102000000000002000002222000000 2
2 0 388500 466504 4 10 5 9 -1 -1 0020000000000002000000000000011000000011021000000100000000002010000010000000000001000000000102000000000002000002222000000 2
1 0 383502 466504 11 11 10 10 -1 -1 0020000000000000000000000002011000000011021000000100000000002010000010000000000001000000000102000000000002000002222000000 2
2 0 383502 460323 5 9 9 13 -1 -1 0020000000000000000000000002011000000011021000000100000000002010000010000000000101000000000002000000000002000002222000000 2
1 0 378501 460323 6 10 5 9 -1 -1 0020000000000000000000000000011000000011021000000100000000002010000010200000000101000000000002000000000002000002222000000 2
2 0 378501 454820 13 13 14 12 -1 -1 0020000000000000000000000001011000000010021000000100000000002010000010200000000101000000000002000000000002000002222000000 2
1 0 373501 454820 10 10 4 8 -1 -1 0020000000000000000000000001011000000010021000000100000000002010000010200000000101000000000002000000000002000002202020000 2
2 0 373501 449056 11 15 15 11 -1 -1 0020000000000010000000000001011000000010021000000100000000002010000010200000000001000000000002000000000002000002202020000 2
1 0 366779 449056 7 9 3 9 -1 -1 0020000000000010000000000001011000000010021000000100000000002010000010200000000001000000000000000000000002000002202020200 2
2 0 366779 445810 6 14 7 13 -1 -1 0020001000000010000000000001011000000010021000000000000000002010000010200000000001000000000000000000000002000002202020200 2
1 0 361780 445810 10 14 9 15 -1 -1 0020001000000010000000000001011000000010001000000002000000002010000010200000000001000000000000000000000002000002202020200 2
2 0 361780 440383 7 13 9 11 -1 -1 0020001000000010000000000001011000000010001000000002000000002010000010210000000000000000000000000000000002000002202020200 2
1 0 356778 440383 5 15 4 16 -1 -1 0020001000000010000000000001011000000010001000000000000000002010000012210000000000000000000000000000000002000002202020200 2
2 0 356778 436949 1 13 2 12 -1 -1 0020001000000010001000000001010000000010001000000000000000002010000012210000000000000000000000000000000002000002202020200 2
1 0 351778 436949 6 8 4 10 -1 -1 0000201000000010001000000001010000000010001000000000000000002010000012210000000000000000000000000000000002000002202020200 2
2 0 351778 432863 8 12 10 14 -1 -1 0000201000000011001000000001010000000000001000000000000000002010000012210000000000000000000000000000000002000002202020200 2
1 0 346781 432863 5 9 1 13 -1 -1 0000201000000011001000000001010000000000001000000000000000000010000012210000000002000000000000000000000002000002202020200 2
2 0 346781 429386 2 12 3 11 -1 -1 0010201000000011001000000000010000000000001000000000000000000010000012210000000002000000000000000000000002000002202020200 2
1 0 341781 429386 4 10 2 12 -1 -1 0010001200000011001000000000010000000000001000000000000000000010000012210000000002000000000000000000000002000002202020200 2
2 0 341781 425635 9 11 10 12 -1 -1 0010101200000010001000000000010000000000001000000000000000000010000012210000000002000000000000000000000002000002202020200 2
1 0 336779 425635 9 9 8 10 -1 -1 0010101200000010001000000000010000000000001000000000000000000010000010210000000022000000000000000000000002000002202020200 2
2 0 336779 421923 9 13 13 13 -1 -1 0010101200000010001000000000010000000000001000000000000000010010000000210000000022000000000000000000000002000002202020200 2
1 0 331779 421923 8 10 7 9 -1 -1 0010101200000010001000000000010000000000001000000000000000010010000000010000000022000000000000000000000002000002222020200 2
2 0 331779 419115 10 12 11 13 -1 -1 0010101200000010001000000000010000000000001000000100000000000010000000010000000022000000000000000000000002000002222020200 2
1 0 326778 419115 9 15 5 15 -1 -1 0010101200000010001000000000010000000000001000000100000000000010000000010000000002000000000020000000000002000002222020200 2
2 0 326778 417090 10 14 16 12 -1 -1 0010101200000010001000000000011000000000001000000100000000000010000000000000000002000000000020000000000002000002222020200 2
1 0 321780 417090 6 16 4 14 -1 -1 0010101200000010001000000000011000000000001000000100000000000010000000000000000000000000000020000000000002000002222020202 2
2 0 321780 415834 13 15 14 14 -1 -1 0010101200000010011000000000011000000000000000000100000000000010000000000000000000000000000020000000000002000002222020202 2
1 0 316777 415834 4 8 0 12 -1 -1 0010101200000010011000000000011000000000000000000100000000000010000000000000000000000000000020000000000002000002220022202 2
2 0 316777 414862 3 11 4 12 -1 -1 1010101200000000011000000000011000000000000000000100000000000010000000000000000000000000000020000000000002000002220022202 2
1 0 311777 414862 5 13 3 11 -1 -1 1010101000000000211000000000011000000000000000000100000000000010000000000000000000000000000020000000000002000002220022202 2
2 0 311777 413558 11 13 15 13 -1 -1 1010101100000000211000000000001000000000000000000100000000000010000000000000000000000000000020000000000002000002220022202 2
1 0 306768 413558 7 9 6 10 -1 -1 1010101100000000211000000000001000000000000000000100000000000010000000000000000000000000000000000000000002000002220022222 2
2 0 306768 412709 4 12 5 13 -1 -1 1010101100000000211000000000001000000001000000000000000000000010000000000000000000000000000000000000000002000002220022222 2
1 0 301753 412709 5 15 1 11 -1 -1 1010101100000000011000000000021000000001000000000000000000000010000000000000000000000000000000000000000002000002220022222 2
2 0 301753 411710 5 13 6 14 -1 -1 1110101100000000011000000000020000000001000000000000000000000010000000000000000000000000000000000000000002000002220022222 2
1 0 296753 411710 4 16 2 14 -1 -1 1110101100000000011000000000000000000001020000000000000000000010000000000000000000000000000000000000000002000002220022222 2
2 0 296753 410897 6 14 7 13 -1 -1 1110111100000000010000000000000000000001020000000000000000000010000000000000000000000000000000000000000002000002220022222 2
1 0 291756 410897 8 16 7 15 -1 -1 1110111100000000010000000000000000000001000000000002000000000010000000000000000000000000000000000000000002000002220022222 2
2 0 291756 410290 7 13 8 12 -1 -1 1110111100000000010000000000000000000001000000000002100000000000000000000000000000000000000000000000000002000002220022222 2
1 0 286755 410290 7 15 6 14 -1 -1 1110111100000000010000000000000000000001000000000000100000002000000000000000000000000000000000000000000002000002220022222 2
2 0 286755 409557 12 14 13 15 -1 -1 1110111100000000010000000000000000000001010000000000000000002000000000000000000000000000000000000000000002000002220022222 2
1 0 281756 409557 6 14 5 13 -1 -1 1110111100000000010000000000000000000001010000000000000000002000000000000000000000000000000000000000000000000002222022222 2
2 0 281756 409172 8 12 9 13 -1 -1 1110111100000000010000000000010000000001000000000000000000002000000000000000000000000000000000000000000000000002222022222 2
1 0 276754 409172 6 10 5 11 -1 -1 1110111100000000010000000000010000000001000000000000000000000000000000200000000000000000000000000000000000000002222022222 2
2 0 276754 408833 9 13 10 12 -1 -1 1110111100000000010000000000110000000000000000000000000000000000000000200000000000000000000000000000000000000002222022222 2
1 0 271753 408833 5 11 3 13 -1 -1 1110111100000000010000000000110000000000000000000000000000000000000000000000000020000000000000000000000000000002222022222 2
2 0 271753 408560 10 12 11 13 -1 -1 1110111110000000010000000000010000000000000000000000000000000000000000000000000020000000000000000000000000000002222022222 2
1 0 260662 408560 5 13 3 15 -1 -1 1110111110000000010000000000010000000000000000000000000000000000000000000000000000000000000020000000000000000002222022222 2
2 0 260662 408286 11 13 12 12 -1 -1 1110111111000000010000000000000000000000000000000000000000000000000000000000000000000000000020000000000000000002222022222 2
1 0 230676 408286 3 9 2 10 -1 -1 1110111111000000010000000000000000000000000000000000000000000000000000000000000000000000000000000000000020000002222022222 2
2 0 230676 408115 12 12 12 8 -1 -1 1111110111000000010000000000000000000000000000000000000000000000000000000000000000000000000000000000000020000002222022222 2
1 0 225674 408115 3 13 3 9 -1 -1 1111110111000000010000000000000000000000000000000000000000000000000000000000000000000000000000000000002000000002222022222 2
2 0 225674 408018 12 8 14 10 -1 -1 1111111101000000010000000000000000000000000000000000000000000000000000000000000000000000000000000000002000000002222022222 2
