1322293924000
ccplus
kingfish
1 0 599859 600000 14 10 12 8 -1 -1 2222222222000000000000000000000000000000000000000000000000000000000000000000000000000000000000000000000000000001111111111 2
2 0 599859 599906 2 14 4 12 -1 -1 2222222222000000000000000000000000000000000000000000000000000000000000000000000000000000000000000000001000000001111011111 2
1 0 599818 599906 12 8 11 9 8 10 2222202222000000200000000000000000000000000000000000000000000000000000000000000000000000000000000000001000000001111011111 2
2 0 599818 599905 0 12 4 16 -1 -1 2222202222000000200000000000000000000000000000000000000000030000000000000000000000000000001000000000000000000001111011111 2
1 0 599788 599905 14 12 10 8 5 13 0222202222000000202000000000000000000000000000000000000000030000000000000000000000000000001000000000000000000001111011111 2
2 0 599788 599785 2 12 6 12 -1 -1 0222202222000000202000000000030000000000000000000000000000030000000000000000001000000000001000000000000000000001111001111 2
1 0 599760 599785 16 12 12 8 -1 -1 0222002222000000202000000000030000000000200000000000000000030000000000000000001000000000001000000000000000000001111001111 2
2 0 599760 599784 3 13 7 13 -1 -1 0222002222000000202000000000030000000000200000000000000000030000000000000000001000000000001000000000001000000001111001110 2
1 0 599726 599784 15 11 14 10 -1 -1 0222002202000000202000000000030000000000200000000002000000030000000000000000001000000000001000000000001000000001111001110 2
2 0 599726 599783 4 12 8 12 -1 -1 0222002202000000202000000000030000000000200000000002000000030000000000000000001000000000001000000000001000000001111101010 2
1 0 599691 599783 13 9 7 11 -1 -1 0222002202000000002000000000030000000000200000000002000000032000000000000000001000000000001000000000001000000001111101010 2
2 0 599691 595454 8 12 9 13 -1 -1 0222002202000000002000000000030000000000200000000012000000032000000000000000001000000000001000000000001000000000111101010 2
1 0 599652 595454 15 13 15 11 -1 -1 0222002202000000002000000000030000000000200000000012000000030000000000200000001000000000001000000000001000000000111101010 2
2 0 599652 591445 2 10 10 14 -1 -1 0222002202000000002000000000030000000000200000000012000000030000000000200000001000000000001000000000001000000000111101100 2
1 0 599603 591445 15 11 9 9 -1 -1 0220002202000000002000000000030000000000200000000012000000030000000000200000001002000000001000000000001000000000111101100 2
2 0 599603 585524 4 16 10 10 -1 -1 0220002202000000002000000000030000000000200000000012000000030000000010200000001002000000001000000000001000000000111101000 2
1 0 599566 585524 14 10 12 12 -1 -1 0220002202000000000000000000030000000000200000000012000000030000000010200000001202000000001000000000001000000000111101000 2
2 0 599566 579860 7 13 11 13 -1 -1 0220002202000000000000000000030000000000200000000012000000030000000010200000001202000000001000000000001010000000111001000 2
1 0 599524 579860 11 9 5 11 -1 -1 0220002202000000000000000000030000000000200000000010000000030000000010200000001202000000001020000000001010000000111001000 2
2 0 599524 571972 1 11 2 10 -1 -1 0220002202000000000000000000130000000000200000000010000000030000000010200000001202000000000020000000001010000000111001000 2
1 0 599471 571972 14 14 14 12 -1 -1 0022002202000000000000000000130000000000200000000010000000030000000010200000001202000000000020000000001010000000111001000 2
2 0 599471 566824 9 13 11 15 -1 -1 0022002202000000000000000000130000000000200000000010000000030000000010200000001202000000000020000000001010000000111010000 2
1 0 599426 566824 14 12 10 12 -1 -1 0022002202000000000000000000130000000000200000000010000000030000000010000000001202000000000022000000001010000000111010000 2
2 0 599426 562444 2 10 8 12 -1 -1 0022002202000000000000000000130000000000200000000010000000030000000010000000001212000000000022000000001010000000111000000 2
1 0 599384 562444 7 11 6 10 -1 -1 0020002202000000000000000000130000000000200000000010000000032000000010000000001212000000000022000000001010000000111000000 2
2 0 599384 558892 6 12 7 11 -1 -1 0020002202000000000000000000130000000001200000000000000000032000000010000000001212000000000022000000001010000000111000000 2
1 0 599340 558892 6 10 2 10 -1 -1 0020002202000000000000000000130000000001000000000020000000032000000010000000001212000000000022000000001010000000111000000 2
2 0 599340 555398 7 11 11 11 -1 -1 0021002202000000000000000000130000000000000000000020000000032000000010000000001212000000000022000000001010000000111000000 2
1 0 599307 555398 9 9 8 8 -1 -1 0021002202000000000000000000130000000000000000000000000000032000000010000000001212000000000222000000001010000000111000000 2
2 0 599307 551723 11 15 13 9 -1 -1 0021002202000000000000000000130000000000000000000000000000132000000000000000001212000000000222000000001010000000111000000 2
1 0 599277 551723 13 11 12 10 -1 -1 0021002202000000000000000000130000000000000000000000000000132000000000000000001212000000000220000000001010000002111000000 2
2 0 599277 547638 11 13 13 11 -1 -1 0021002202000000000000000000130000000000000000000000000000132000000000000000001212000000000220000000001110000002011000000 2
1 0 599251 547638 13 13 12 14 -1 -1 0021002202000000000000000000130000000000000000000000000000132000000000000000001212000000000200000000001110000002211000000 2
2 0 599251 543619 10 14 11 13 -1 -1 0021002202000000000000000000130000000000000000000000000000132000000000000000001212000000000200000000001111000002201000000 2
1 0 599226 543619 12 12 10 14 -1 -1 0021002202000000000000000000130000000000000000000000000000132000000000000000001210000000000220000000001111000002201000000 2
2 0 599226 538711 10 10 14 14 -1 -1 0021002202000000000000000000130000000000000000000000000000132000000000000000001211000000000220000000001101000002201000000 2
1 0 599190 538711 13 15 13 13 -1 -1 0021002202000000000000000000130000000000000000000000000000132000000000000000001011000000000220000000001101000002201002000 2
2 0 599190 535049 8 12 9 13 -1 -1 0021002202000000000000000000130000000000000000000000000000132000000000000000001011000000000220000000001101000002210002000 2
1 0 599149 535049 10 12 8 14 -1 -1 0021002202000000000000000000130000000000000000000000000000130000000000200000001011000000000220000000001101000002210002000 2
2 0 599149 531083 1 13 2 12 -1 -1 0021002202000000000000000000130000000000000000000000000000130100000000200000001001000000000220000000001101000002210002000 2
1 0 599094 531083 10 14 8 16 -1 -1 0001202202000000000000000000130000000000000000000000000000130100000000200000001001000000000220000000001101000002210002000 2
2 0 599094 525565 11 13 15 13 -1 -1 0001202202000000000000000000130000000000000000000000000000130110000000200000001000000000000220000000001101000002210002000 2
1 0 599048 525565 13 13 11 15 -1 -1 0001202202000000000000000000130000000000000000000000000000130110000000200000001000000000000200000000001101000002210002020 2
2 0 599048 518848 11 11 12 12 -1 -1 0001202202000000000000000000130000000000000000000000000000130110000000200000001000000000000201000000001101000002200002020 2
1 0 599005 518848 12 14 10 16 -1 -1 0001202202000000000000000000130000000000000000000000000000130110000000200000001000000000000001000000001121000002200002020 2
2 0 599005 516287 2 12 6 12 -1 -1 0001202202000000000000000000130000000000000000000000000000130110000000200000001000100000000001000000001120000002200002020 2
1 0 598947 516287 12 10 11 9 -1 -1 0001002202000000000000000000130000000000200000000000000000130110000000200000001000100000000001000000001120000002200002020 2
2 0 598947 510127 3 11 4 12 -1 -1 0001002202000000000000000000130000000000200000000000000000130110000000200000001000100000001001000000001020000002200002020 2
1 0 598870 510127 11 15 7 15 -1 -1 0001002002000000200000000000130000000000200000000000000000130110000000200000001000100000001001000000001020000002200002020 2
2 0 598870 504827 6 12 7 11 -1 -1 0001002002000000200000000000130000000000200000000000100000130110000000200000001000100000001000000000001020000002200002020 2
1 0 598812 504827 12 8 10 10 -1 -1 0001002002000000200000000000130000000000000000000020100000130110000000200000001000100000001000000000001020000002200002020 2
2 0 598812 499680 4 12 10 14 -1 -1 0001002002000000200000000000130000000000000000000020100000130110000000200000001100100000001000000000000020000002200002020 2
1 0 598751 499680 8 8 4 12 -1 -1 0001002002000000000000000000130000000000000000000020100000130110000000200000001102100000001000000000000020000002200002020 2
2 0 598751 495669 7 11 13 13 -1 -1 0001002002000000100000000000130000000000000000000020100000030110000000200000001102100000001000000000000020000002200002020 2
1 0 598696 495669 8 14 6 16 -1 -1 0001002002000000100000000000130000000000000000000000100000030110000000200000001102100000001000000000000020000002220002020 2
2 0 598696 490147 9 13 11 15 -1 -1 0001002002000000100000000000130000000000001000000000100000030010000000200000001102100000001000000000000020000002220002020 2
1 0 598637 490147 5 11 6 10 -1 -1 0001002002000000100000000000130000000000001000000000100000030010000000000000001102100000001002000000000020000002220002020 2
2 0 598637 486720 3 9 4 10 -1 -1 0001002002000000100000000000030000000001001000000000100000030010000000000000001102100000001002000000000020000002220002020 2
1 0 598571 486720 8 16 6 14 -1 -1 0001000002000002100000000000030000000001001000000000100000030010000000000000001102100000001002000000000020000002220002020 2
2 0 598571 482359 4 10 5 11 -1 -1 0001000002000002100000000000030000000001011000000000100000030000000000000000001102100000001002000000000020000002220002020 2
1 0 598526 482359 6 16 4 14 -1 -1 0001000002000000100000000000230000000001011000000000100000030000000000000000001102100000001002000000000020000002220002020 2
2 0 598526 478968 5 11 9 11 -1 -1 0001000002000000110000000000230000000001010000000000100000030000000000000000001102100000001002000000000020000002220002020 2
1 0 598479 478968 10 10 8 8 -1 -1 0001000002000000110000000000030000000001010000000000100000030000000002000000001102100000001002000000000020000002220002020 2
2 0 598479 474783 10 14 12 16 -1 -1 0001000002000000110000000000030000000001010000000000100000130000000002000000001002100000001002000000000020000002220002020 2
1 0 598419 474783 4 12 3 11 -1 -1 0001000002000000110000000000030000000001010000000000100000130000000002000000001000100000001002000000000020200002220002020 2
2 0 598419 470420 12 16 13 15 -1 -1 0001000102000000010000000000030000000001010000000000100000130000000002000000001000100000001002000000000020200002220002020 2
1 0 598354 470420 6 14 2 14 -1 -1 0001000102000000010000000000030000000001010000000000100000130000000002000000001000100000001002000000000020000002222002020 2
2 0 598354 466203 12 12 14 10 -1 -1 0001010102000000010000000000030000000001000000000000100000130000000002000000001000100000001002000000000020000002222002020 2
1 0 598294 466203 11 9 1 11 -1 -1 0001010102000000010000000000030000000001000000000000100000130000000002000000001000100000001002000000000000000002222202020 2
2 0 598294 463915 9 11 11 9 -1 -1 0101010102000000010000000000030000000001000000000000100000130000000002000000001000100000000002000000000000000002222202020 2
1 0 598242 463915 10 16 9 15 -1 -1 0101010102000000010000000000030000000001000000000000100000130000000000000000001000100000002002000000000000000002222202020 2
2 0 598242 461980 3 15 4 16 -1 -1 0101010102000000010000000000030000000001000000000000100000130000000000010000001000000000002002000000000000000002222202020 2
1 0 598188 461980 10 8 6 16 -1 -1 0101010100000000012000000000030000000001000000000000100000130000000000010000001000000000002002000000000000000002222202020 2
2 0 598188 458554 4 16 12 16 -1 -1 0101010100000000012000000000030000000001001000000000100000130000000000010000000000000000002002000000000000000002222202020 2
1 0 598151 458554 9 15 8 16 -1 -1 0101010100000000010000000000030000000001001000000000100000130000000000010000000000000000002002000000000000200002222202020 2
2 0 598151 457328 11 9 12 10 -1 -1 0101010100000000010000000000030000000001001000000000100000130010000000000000000000000000002002000000000000200002222202020 2
1 0 598116 457328 8 16 4 16 -1 -1 0101010100000000010000000000030000000001001000000000100000130010000000000000000000000000000002000000000200200002222202020 2
2 0 598116 456223 12 10 14 12 -1 -1 0101010100000000011000000000030000000001001000000000100000130000000000000000000000000000000002000000000200200002222202020 2
1 0 598089 456223 8 8 7 9 -1 -1 0101010100000000011000000000030000000001001000000000100000130000000000000000000000000000000002000000000000200002222222020 2
2 0 598089 455553 11 15 12 14 -1 -1 0101010100000000011000000000030000000001001000000100100000030000000000000000000000000000000002000000000000200002222222020 2
1 0 598064 455553 7 15 1 13 -1 -1 0101010100000000011000000000030000000001001000000100100000030000000000000000000000000000000000000000000002200002222222020 2
2 0 598064 455054 12 16 12 12 -1 -1 0111010100000000011000000000030000000001001000000100000000030000000000000000000000000000000000000000000002200002222222020 2
1 0 598042 455054 7 9 3 9 -1 -1 0111010100000000011000000000030000000001001000000100000000030000000000000000000000000000000000000000000022000002222222020 2
2 0 598042 454436 13 9 15 11 -1 -1 0111011100000000011000000000030000000001001000000000000000030000000000000000000000000000000000000000000022000002222222020 2
1 0 598024 454436 2 10 0 12 -1 -1 0111011100000000011000000000030000000001001000000000000000030000000000000000000000000000000000000000000022000000222222220 2
2 0 598024 453756 14 10 16 12 -1 -1 1110011100000000011000000000030000000001001000000000000000030000000000000000000000000000000000000000000022000000222222220 2
1 0 598006 453756 4 16 2 10 -1 -1 1110011100000000011000000000030000000001001000000000000000030000000000000000000000000000000000000000000022000000222022222 2
2 0 598006 453329 12 12 14 10 -1 -1 1111011100000000010000000000030000000001001000000000000000030000000000000000000000000000000000000000000022000000222022222 2
1 0 597994 453329 3 11 2 12 -1 -1 1111011100000000010000000000030000000001001000000000000000030000000000000000000000000000000000000000000002000000222222222 2
2 0 597994 453135 12 14 12 12 -1 -1 1111111000000000010000000000030000000001001000000000000000030000000000000000000000000000000000000000000002000000222222222 2
1 0 597986 453135 4 14 3 13 -1 -1 1111111000000000010000000000030000000001001000000000000000030000000000000000000000000000000000000000000020000000222222222 2
2 0 597986 452992 12 12 12 10 -1 -1 1111111010000000000000000000030000000001001000000000000000030000000000000000000000000000000000000000000020000000222222222 2
1 0 597977 452992 6 10 5 11 -1 -1 1111111010000000000000000000030000000001001000000000000000030000000000000000000000000000000000000000000200000000222222222 2
2 0 597977 452871 12 10 13 9 -1 -1 1111111010000000000000000000130000000000001000000000000000030000000000000000000000000000000000000000000200000000222222222 2
