1322295292000
brogrammers
kingfish
1 0 599912 600000 14 12 10 12 11 11 2222222222000000000000000000000000000000000000000000000000000000000000000000000000000000000000000000000000000001111111111 2
2 0 599912 599910 2 10 4 12 -1 -1 2222222222000000000000000000000000000000000000000000000000000000000000000000000010000000000300000000000000000001111101111 2
1 0 599910 599910 14 14 10 14 11 9 2220222222000000200000000000000000000000000000000000000000000000000000000000000010000000000300000000000000000001111101111 2
2 0 599910 599909 0 12 4 8 -1 -1 2220222222000000200000000000000000000000000000000000000000000000000000000000000011000000003300000000000000000001111100111 2
1 0 599909 599909 16 12 10 10 -1 -1 0220222222000020200000000000000000000000000000000000000000000000000000000000000011000000003300000000000000000001111100111 2
2 0 599909 599908 2 12 4 10 -1 -1 0220222222000020200000000000000000000000000000000000000000000000000000000000000111000000003300000000000000000001111100110 2
1 0 599908 599908 14 10 12 8 -1 -1 0220022222000022200000000000000000000000000000000000000000000000000000000000000111000000003300000000000000000001111100110 2
2 0 599908 599907 3 9 5 11 -1 -1 0220022222000022200000000000000000000000000000000000000000000000000000000000000111000000003300000000001000000001111000110 2
1 0 599907 599907 13 9 11 7 -1 -1 0220020222000022200000000000200000000000000000000000000000000000000000000000000111000000003300000000001000000001111000110 2
2 0 599907 599906 4 10 6 12 -1 -1 0220020222000022200000000000200000000000000000000000000000000000000000000000000111000000013300000000001000000000111000110 2
1 0 599907 599906 12 8 10 6 -1 -1 0220020222000020200000000000200000000000200000000000000000000000000000000000000111000000013300000000001000000000111000110 2
2 0 599907 599706 3 11 7 11 -1 -1 0220020222000020200000000000200000000000200000000000000000000000000000000000010111000000013300000000000000000000111000110 2
1 0 599906 599706 11 7 9 5 -1 -1 0220020022000020200000000000200000000000200000000020000000000000000000000000010111000000013300000000000000000000111000110 2
2 0 599906 599705 4 12 8 12 -1 -1 0220020022000020200000000000200000000000200000000020000000000000001000000000010111000000003300000000000000000000111000110 2
1 0 599905 599705 10 6 8 4 -1 -1 0220020022000020000000000000200000000000200000000020000000002000001000000000010111000000003300000000000000000000111000110 2
2 0 599905 595594 2 14 4 12 -1 -1 0220020022000020000000000000200000000000200000000020000010002000001000000000000111000000003300000000000000000000111000110 2
1 0 599904 595594 15 13 14 12 -1 -1 0220000022000020200000000000200000000000200000000020000010002000001000000000000111000000003300000000000000000000111000110 2
2 0 599904 590761 5 11 11 13 -1 -1 0220000022000020200000000000200000000000200000000020000010002000001000000000000111000000003300000000000000000000111010100 2
1 0 599903 590761 14 12 10 8 -1 -1 0220000022000020200000000000000000000000200000000020000010002000001000000000000111000000003320000000000000000000111010100 2
2 0 599903 586726 7 11 11 15 -1 -1 0220000022000020200000000000000000000000200000000020000010002000001000000000001111000000003320000000000000000000111000100 2
1 0 599902 586726 15 11 14 12 -1 -1 0220000022000020200000000000000000000000200000000000000010002000001000000000001111000000003322000000000000000000111000100 2
2 0 599902 580800 3 13 7 13 -1 -1 0220000022000020200000000000000000000000200000000000000010002000001000000000001111000000003322000000000000000000111010000 2
1 0 599901 580800 14 12 10 16 -1 -1 0220000002000020200000000000000000000000200000000002000010002000001000000000001111000000003322000000000000000000111010000 2
2 0 599901 578588 1 11 2 12 -1 -1 0220000002000020200000000000000000000000200000000002000010002000001000000000001111100000003322000000000000000000111000000 2
1 0 599900 578588 13 15 12 14 -1 -1 0020200002000020200000000000000000000000200000000002000010002000001000000000001111100000003322000000000000000000111000000 2
2 0 599900 575686 1 13 9 13 -1 -1 0020200002000020200000000000000000000000200000000002000010002000001000000000001111100000003322000000000001000000110000000 2
1 0 599899 575686 10 12 8 14 -1 -1 0000200002000020200000000000000000000000200000000002000010002000001000200000001111100000003322000000000001000000110000000 2
2 0 599899 570934 7 13 11 17 -1 -1 0000200002000020200000000000000000000000200000000002000010002100001000200000001101100000003322000000000001000000110000000 2
1 0 599898 570934 12 14 10 12 -1 -1 0000200002000020200000000000000000000000200000000000000010002100001000200000001101100000003322200000000001000000110000000 2
2 0 599898 567354 2 12 3 13 -1 -1 0000200002000020200000000000000000000000200000000000000010002100001000200000001111100000003322200000000000000000110000000 2
1 0 599897 567354 13 13 12 14 -1 -1 0000000022000020200000000000000000000000200000000000000010002100001000200000001111100000003322200000000000000000110000000 2
2 0 599897 562136 11 15 13 13 -1 -1 0000000022000020200000000000000000000000200000000000000010002100001000200000001111100000003322200000000001000000100000000 2
1 0 599896 562136 13 11 12 10 -1 -1 0000000022000020200000000000000000000000200000000000000010002100001000200000001111100000003320200000000001000000120000000 2
2 0 599896 555785 9 13 11 15 -1 -1 0000000022000020200000000000000000000000200000000000000010002100001000200000001111100000003320200000000101000000020000000 2
1 0 599895 555785 10 12 9 13 -1 -1 0000000022000020200000000000000000000000200000000000000010002100001000000000001111100000003322200000000101000000020000000 2
2 0 599895 552537 3 15 7 11 -1 -1 0000000022000020200000000000000000000000200000000000000010002100001000100000001101100000003322200000000101000000020000000 2
1 0 599895 552537 12 14 10 12 -1 -1 0000000020000020200000000000000000000000200000000020000010002100001000100000001101100000003322200000000101000000020000000 2
2 0 599895 547730 3 13 9 15 -1 -1 0000000020000020200000000000000000000000200000000020000010002100001000100000001111100000003322200000000100000000020000000 2
1 0 599894 547730 10 14 8 16 -1 -1 0000000000000020200000000000000000000000200000000020000010002100001000120000001111100000003322200000000100000000020000000 2
2 0 599894 539794 11 17 12 16 -1 -1 0000000000000020200000000000000000000000200000000020000010002110001000120000001110100000003322200000000100000000020000000 2
1 0 599893 539794 9 13 7 15 -1 -1 0000000000000020200000000000000000000000200000000020000010002110001000120000001110100000003322000000000100200000020000000 2
2 0 599893 529095 9 15 13 11 -1 -1 0000000000000020200000000000000000000000200000000020100010002110001000020000001110100000003322000000000100200000020000000 2
1 0 599892 529095 8 16 6 14 -1 -1 0000000000000020200000000000000000000000200000000020100010002110001000000000001110100000003322000000000100200000220000000 2
2 0 599892 521305 4 12 5 11 -1 -1 0000000000000020200000000000000000000000210000000020100010002100001000000000001110100000003322000000000100200000220000000 2
1 0 599891 521305 8 14 6 16 -1 -1 0000000000000020000000000000200000000000210000000020100010002100001000000000001110100000003322000000000100200000220000000 2
2 0 599891 511467 5 11 9 11 -1 -1 0000000000000020000000000000200000000000211000000020100010002000001000000000001110100000003322000000000100200000220000000 2
1 0 599890 511467 10 12 8 14 -1 -1 0000000000000020000000000000000000000000211000000020100010002000001002000000001110100000003322000000000100200000220000000 2
2 0 599890 502808 6 12 10 12 -1 -1 0000000000000020000000000000000000000000211000000020100010002100001002000000001100100000003322000000000100200000220000000 2
1 0 599889 502808 8 14 6 12 -1 -1 0000000000000020000000000000000000000000011000000020100010002100001002000000001120100000003322000000000100200000220000000 2
2 0 599889 495638 7 11 9 13 -1 -1 0000000000000020000000000000000000000000111000000020100010002000001002000000001120100000003322000000000100200000220000000 2
1 0 599888 495638 7 15 5 13 -1 -1 0000000000000020000000000000000000000000111000000000100010002000001002200000001120100000003322000000000100200000220000000 2
2 0 599888 489203 9 11 13 15 -1 -1 0000000000000020000000000000010000000000111000000000000010002000001002200000001120100000003322000000000100200000220000000 2
1 0 599887 489203 6 12 4 14 -1 -1 0000000000000020000000000000010000000000111000000000000010002000001000200000001120100000003322000000000100200000222000000 2
2 0 599887 483743 8 12 14 14 -1 -1 0000000000000020010000000000010000000000011000000000000010002000001000200000001120100000003322000000000100200000222000000 2
1 0 599886 483743 10 10 8 12 -1 -1 0000000000000020010000000000010000000000011000000000000010000000001000200000001120100000003322000000000100200000222002000 2
2 0 599886 477618 9 13 10 14 -1 -1 0000000000000020010000000000010000000000011000000000000010001000001000200000001020100000003322000000000100200000222002000 2
1 0 599885 477618 6 14 4 12 -1 -1 0000000000000020010000000000010000000000011000000000000010001000001000000000001022100000003322000000000100200000222002000 2
2 0 599885 474307 10 12 14 12 -1 -1 0000000000000020110000000000010000000000001000000000000010001000001000000000001022100000003322000000000100200000222002000 2
1 0 599884 474307 12 10 10 12 -1 -1 0000000000000020110000000000010000000000001000000000000010001000001000000000001002100000003322000000000100200000222022000 2
2 0 599884 471681 10 14 14 10 -1 -1 0000000000000020110000000000010000000000001000000000000010001000001000000000001012100000003322000000000000200000222022000 2
1 0 599883 471681 5 13 3 15 -1 -1 0000000000000020110000000000010000000000001000000000000010001000001000000000001010100000003322000000000000200000222222000 2
2 0 599883 468625 4 8 5 9 -1 -1 0000000001000020110000000000000000000000001000000000000010001000001000000000001010100000003322000000000000200000222222000 2
1 0 599882 468625 4 12 2 14 -1 -1 0000000001000000110000000002000000000000001000000000000010001000001000000000001010100000003322000000000000200000222222000 2
2 0 599882 465634 11 13 12 14 -1 -1 0000010001000000010000000002000000000000001000000000000010001000001000000000001010100000003322000000000000200000222222000 2
1 0 599881 465634 3 15 1 13 -1 -1 0000010001000000010000000002000000000000001000000000000010001000001000000000001010100000003302000000000002200000222222000 2
2 0 599881 462934 13 13 13 9 -1 -1 0010010000000000010000000002000000000000001000000000000010001000001000000000001010100000003302000000000002200000222222000 2
1 0 599880 462934 2 14 0 12 -1 -1 0010010000000000010000000002000000000000001000000000000010001000001000000000001010100000003302000000000002200002202222000 2
2 0 599880 460759 11 15 15 11 -1 -1 1010000000000000010000000002000000000000001000000000000010001000001000000000001010100000003302000000000002200002202222000 2
1 0 599880 460759 10 8 9 7 -1 -1 1010000000000000010000000002000000000000001000000000000010001000001000000000001010100000003300000000000002200002202222200 2
2 0 599880 457963 12 14 13 13 -1 -1 1010000000000000010000000002000000000000001000000000000010001000001100000000000010100000003300000000000002200002202222200 2
1 0 599879 457963 10 12 8 6 -1 -1 1010000000000000010000000002000000000000001000000000000010001000001100000000000010100000003300000000000000200002222222200 2
2 0 599879 457184 5 9 6 10 -1 -1 1010000000000000010000000002000000000000001000000000000011001000001100000000000000100000003300000000000000200002222222200 2
1 0 599878 457184 9 7 7 5 -1 -1 1010000000000000010000000000000000000002001000000000000011001000001100000000000000100000003300000000000000200002222222200 2
2 0 599878 456445 6 10 7 11 -1 -1 1010000000000000010000000000000000000002001000010000000011001000001000000000000000100000003300000000000000200002222222200 2
1 0 599878 456445 9 5 7 7 -1 -1 1010000000000000010000000000000000000000001000010020000011001000001000000000000000100000003300000000000000200002222222200 2
2 0 599878 455730 7 11 9 13 -1 -1 1010000000000000010000000000000000000000001000011020000011001000000000000000000000100000003300000000000000200002222222200 2
1 0 599878 455730 8 4 6 6 -1 -1 1010000000000000010000000000000000000000001000011000000011001000000000200000000000100000003300000000000000200002222222200 2
2 0 599878 454817 9 13 10 12 -1 -1 1010000000000000010000000000000000000100001000011000000001001000000000200000000000100000003300000000000000200002222222200 2
1 0 599877 454817 8 6 6 8 -1 -1 1010000000000000010000000000000000000100001000011000000001001000000000000000000020100000003300000000000000200002222222200 2
2 0 599877 453654 14 12 15 13 -1 -1 1010000000000000010000000000000000000110001000011000000000001000000000000000000020100000003300000000000000200002222222200 2
1 0 599876 453654 7 7 5 9 -1 -1 1010000000000000010000000000000000000110001000011000000000001000000000000000000020100000003300000000000000200002222202220 2
2 0 599876 452688 10 12 14 12 -1 -1 1010000000000000010000000001000000000110001000010000000000001000000000000000000020100000003300000000000000200002222202220 2
1 0 599876 452688 7 5 5 11 -1 -1 1010000000000000010000000001000000000110001000010000000000001000000000000000000000100000003300000000000000200002222222220 2
2 0 599876 452200 14 14 16 12 -1 -1 1010000000000000010000000001100000000110001000000000000000001000000000000000000000100000003300000000000000200002222222220 2
1 0 599875 452200 6 6 4 8 -1 -1 1010000000000000010000000001100000000110001000000000000000001000000000000000000000100000003300000000000000200002222220222 2
2 0 599875 451541 12 16 14 14 -1 -1 1010000000000010010000000001100000000010001000000000000000001000000000000000000000100000003300000000000000200002222220222 2
