1322288275000
droptable
kingfish
1 0 596790 600000 13 11 12 10 -1 -1 2222222222000000000000000000000000000000000000000000000000000000000000000000000000000000000000000000000000000001111111111 1
2 0 596790 599906 2 14 4 12 -1 -1 2222222222000000000000000000000000000000000000000000000000000000000000000000000000000000000000000000000100000001011111111 1
1 0 591543 599906 14 14 12 8 -1 -1 2222202222000000200000000000000000000000000000000000000000000000000000000000000000000000000000000000000100000001011111111 1
2 0 591543 599905 0 12 4 16 -1 -1 2222202222000000200000000000000000000000000000000000000000000000000000000000000000000000000000000000001100000001011110111 1
1 0 581664 599905 13 9 11 11 -1 -1 0222202222000000202000000000000000000000000000000000000000000000000000000000000000000000000000000000001100000001011110111 1
2 0 581664 599904 3 11 5 13 -1 -1 0222202222000000202000000000000000000000000000000000000000000000000000000000000000000000000100000000001100000000011110111 1
1 0 560288 599904 13 15 11 13 -1 -1 0222202022000000202000000000020000000000000000000000000000000000000000000000000000000000000100000000001100000000011110111 1
2 0 560288 599903 2 12 6 12 -1 -1 0222202022000000202000000000020000000000000000000000000000000000000000000000000000000000000110000000001100000000010110111 1
1 0 551467 599903 16 12 10 10 -1 -1 0222002022000000202000000000020000000000200000000000000000000000000000000000000000000000000110000000001100000000010110111 1
2 0 551467 599901 3 13 7 13 -1 -1 0222002022000000202000000000020000000000200000000000000000000000000000000000000100000000000110000000001100000000010110110 1
1 0 526720 599901 15 13 9 11 -1 -1 0222002002000000202000000000020000000000200000000002000000000000000000000000000100000000000110000000001100000000010110110 1
2 0 526720 594624 4 12 8 12 -1 -1 0222002002000000202000000000020000000000200000000002000000000000000001000000000100000000000110000000001100000000010110100 1
1 0 520079 594624 11 11 9 13 -1 -1 0222002002000000002000000000020000000000200000000002000000002000000001000000000100000000000110000000001100000000010110100 1
2 0 520079 587520 6 12 12 14 -1 -1 0222002002000000002000000000020000000000200000000002000000002000000001100000000100000000000010000000001100000000010110100 1
1 0 511153 587520 14 12 13 11 -1 -1 0222002002000000002000000000020000000000000000000002000000002000000001100000000100000000000010000000001102000000010110100 1
2 0 511153 580829 3 9 4 10 -1 -1 0222002002000000002000000000020000000000000000000002000000002000000001100000000100000000000010000000001102000000110100100 1
1 0 499516 580829 9 13 8 14 -1 -1 0222000002000002002000000000020000000000000000000002000000002000000001100000000100000000000010000000001102000000110100100 1
2 0 499516 578467 1 11 5 11 -1 -1 0222000002000002002000000000020000000000000000000002000000002100000001000000000100000000000010000000001102000000110100100 1
1 0 491342 578467 15 11 9 13 -1 -1 0022000002000002002000000000220000000000000000000002000000002100000001000000000100000000000010000000001102000000110100100 1
2 0 491342 571536 4 10 6 12 -1 -1 0022000002000002002000000000220000000000000000000002000000002100000001100000000100000000000010000000001102000000110100000 1
1 0 486505 571536 12 8 10 14 -1 -1 0022000002000000002000000000220000000000200000000002000000002100000001100000000100000000000010000000001102000000110100000 1
2 0 486505 565256 5 13 7 11 -1 -1 0022000002000000002000000000220000000000200000000002000000002100000001100000000101000000000010000000000102000000110100000 1
1 0 483588 565256 14 10 12 12 -1 -1 0022000002000000002000000000200000000000200000000022000000002100000001100000000101000000000010000000000102000000110100000 1
2 0 483588 561730 3 15 5 17 -1 -1 0022000002000000002000000000200000000000200000000022000000002100000001100000000101000000000010000000000112000000110000000 1
1 0 480484 561730 10 14 9 15 -1 -1 0022000000000000002000000000200200000000200000000022000000002100000001100000000101000000000010000000000112000000110000000 1
2 0 480484 558529 4 16 6 18 -1 -1 0022000000000000002000000000200200000000200000000022000000002100000001110000000100000000000010000000000112000000110000000 1
1 0 476997 558529 13 13 9 9 -1 -1 0022000000000000000000000000200200000000200200000022000000002100000001110000000100000000000010000000000112000000110000000 1
2 0 476997 553309 5 17 7 19 -1 -1 0022000000000000000000000000200200000000200200000022000000002100000011110000000100000000000010000000000112000000100000000 1
1 0 473063 553309 9 11 8 10 -1 -1 0022000000000000000000000000200000000000200200000022002000002100000011110000000100000000000010000000000112000000100000000 1
2 0 473063 547337 7 13 11 9 -1 -1 0022000000000000000000000000200000000000200200000022002000012100000010110000000100000000000010000000000112000000100000000 1
1 0 470960 547337 9 15 7 13 -1 -1 0022000000000000000000000000200000000000200200000020002000012100000010110000000100000000002010000000000112000000100000000 1
2 0 470960 543607 1 13 2 12 -1 -1 0022000000000000000000000000200000000000200200000021002000012100000010100000000100000000002010000000000112000000100000000 1
1 0 468153 543607 8 10 7 9 -1 -1 0002200000000000000000000000200000000000200200000021002000012100000010100000000100000000002010000000000112000000100000000 1
2 0 468153 538289 6 12 10 8 -1 -1 0002200000000000000000000000200000000000200200000121002000002100000010100000000100000000002010000000000112000000100000000 1
1 0 456389 538289 10 10 9 11 -1 -1 0002200000000000000000000000200000000000000200000121002000002100000010100000002100000000002010000000000112000000100000000 1
2 0 456389 533266 5 11 6 12 -1 -1 0002200000000000000000000000200000000000000200000121002000002100000011100000002000000000002010000000000112000000100000000 1
1 0 450728 533266 8 14 6 8 -1 -1 0002200000000000000000000000000000000000200200000121002000002100000011100000002000000000002010000000000112000000100000000 1
2 0 450728 527881 12 14 13 13 -1 -1 0002200000000000000000000000000000000010200200000121002000002000000011100000002000000000002010000000000112000000100000000 1
1 0 444331 527881 6 8 5 9 -1 -1 0002200000000000000000000000000000000010200200000121002000002000000011100000002000000000002010000000000110000000120000000 1
2 0 444331 521514 6 12 12 14 -1 -1 0002200000000000000000000001000000000000200200000121002000002000000011100000002000000000002010000000000110000000120000000 1
1 0 434410 521514 5 9 4 10 -1 -1 0002200000000000000000000001000000000000000200000121002000002000000011100000002000000000002010000000000112000000120000000 1
2 0 434410 518161 2 10 3 9 -1 -1 0002200000000001000000000000000000000000000200000121002000002000000011100000002000000000002010000000000112000000120000000 1
1 0 431675 518161 9 11 8 10 -1 -1 0000202000000001000000000000000000000000000200000121002000002000000011100000002000000000002010000000000112000000120000000 1
2 0 431675 513141 10 8 11 7 -1 -1 0000202000000001000000000000000000000000000200000121002000012000000010100000002000000000002010000000000112000000120000000 1
1 0 420706 513141 8 10 6 12 -1 -1 0000202000000001000000000000000000000000000200000121002000012000000010100000000000000000022010000000000112000000120000000 1
2 0 420706 507655 11 9 11 5 -1 -1 0000202000000001000000000000000000000000100200000121002000002000000010100000000000000000022010000000000112000000120000000 1
1 0 417383 507655 12 12 10 14 -1 -1 0000202000000001000000000000000000000000100200000121002000002000000010100000000000000000220010000000000112000000120000000 1
2 0 417383 500264 12 14 14 12 -1 -1 0000202000000001000000000000000000000000100200000121002000002000000010100000000001000000220010000000000102000000120000000 1
1 0 410411 500264 11 13 10 12 -1 -1 0000202000000001000000000000000000000000100200000121002000002000000010100000000001000000220010000000000100000000120020000 1
2 0 410411 495972 6 18 8 20 -1 -1 0000202000000001000000000000000000000000100200000121002000002000000010100000000011000000220000000000000100000000120020000 1
1 0 404321 495972 13 11 11 9 -1 -1 0000202000000001000000000000000000000000100000000121002000002000200010100000000011000000220000000000000100000000120020000 1
2 0 404321 489404 11 7 13 9 -1 -1 0000202000000001000000000000000000000000100000000121002000002000200010100000000011000000221000000000000100000000020020000 1
1 0 388817 489404 6 12 5 13 -1 -1 0000202000000001000000000000000000000000100000000121002000002000200010100000000011000000201000000000000100000002020020000 1
2 0 388817 483035 8 12 14 14 -1 -1 0000202000000001000000000000010000000000000000000121002000002000200010100000000011000000201000000000000100000002020020000 1
1 0 375954 483035 12 10 4 14 -1 -1 0000202000000001000000000000010000000000000000000121002000000000200010100000000011000000201000000000000100000002020022000 1
2 0 375954 477714 3 9 5 11 -1 -1 0000202000000001010000000000010000000000000000000121002000000000200010100000000011000000201000000000000000000002020022000 1
1 0 356521 477714 11 9 10 10 -1 -1 0000200000000001010000000000210000000000000000000121002000000000200010100000000011000000201000000000000000000002020022000 1
2 0 356521 473616 5 11 6 10 -1 -1 0000200000000001010000000000210000000000000000000121002000000000200010100000000111000000200000000000000000000002020022000 1
1 0 332013 473616 10 14 4 8 -1 -1 0000200000000001010000000000010000000002000000000121002000000000200010100000000111000000200000000000000000000002020022000 1
2 0 332013 469084 7 19 9 21 -1 -1 0000200000000011010000000000010000000002000000000121002000000000200010100000000110000000200000000000000000000002020022000 1
1 0 315964 469084 10 12 8 10 -1 -1 0000200000000011010000000000010000000002000000000121000000000000200010100020000110000000200000000000000000000002020022000 1
2 0 315964 465426 6 10 10 14 -1 -1 0000200000000011010000000000010000000002000000000121000000010000200010100020000100000000200000000000000000000002020022000 1
1 0 302439 465426 10 10 4 16 -1 -1 0000200000000011010000000000010000000000000000000121000000010000200010100020000102000000200000000000000000000002020022000 1
2 0 302439 462134 8 20 10 22 -1 -1 0000200000000011011000000000010000000000000000000121000000010000200010100020000002000000200000000000000000000002020022000 1
1 0 272449 462134 9 13 8 12 -1 -1 0000200000000011011000000000010000000000000000000121000000010000000010100020000002000200200000000000000000000002020022000 1
2 0 272449 459225 7 11 11 15 -1 -1 0000200000000011011000000000010000000000000000000121000000011000000010000020000002000200200000000000000000000002020022000 1
1 0 242459 459225 8 12 6 14 -1 -1 0000200000000011011000000000010000000000000000000101000000011000000010000020000002000200200002000000000000000002020022000 1
2 0 242459 456532 9 21 11 23 -1 -1 0000200000000011011000000000010000000000010000000101000000010000000010000020000002000200200002000000000000000002020022000 1
1 0 212466 456532 7 13 5 15 -1 -1 0000200000000011011000000000010000000000010000000101000000010000000010000000000002000200200002000200000000000002020022000 1
2 0 212466 453617 10 14 12 16 -1 -1 0000200000000011011000000000011000000000010000000100000000010000000010000000000002000200200002000200000000000002020022000 1
1 0 212463 453617 5 15 1 11 -1 -1 0000200000000011011000000000011000000000010000000100000000010000000010000000000000000200200002000200000000200002020022000 1
2 0 212463 450267 12 16 13 15 -1 -1 0100200000000011011000000000010000000000010000000100000000010000000010000000000000000200200002000200000000200002020022000 1
1 0 212455 450267 9 9 7 11 -1 -1 0100200000000011011000000000010000000000010000000100000000010000000010000000000000000200200002000200000000000002022022000 1
2 0 212455 448357 2 12 3 13 -1 -1 0100200000000011011000000000010000000000010000000110000000010000000000000000000000000200200002000200000000000002022022000 1
1 0 212452 448357 7 9 3 9 11 11 0100000020000011011000000000010000000000010000000110000000010000000000000000000000000200200002000200000000000002022022000 1
2 0 212452 446581 3 13 9 11 -1 -1 0100001020000011011000000000010000000000010000000010000000010000000000000000000000000200200302000200000000000002022022000 1
1 0 212450 446581 4 8 0 12 -1 -1 0100001000000011011000000000010000000000010000000010000000010000000002000000000000000200200302000200000000000002022022000 1
2 0 212450 444046 10 22 12 24 -1 -1 1100001000000001011000000000010000000000010000000010000000010000000002000000000000000200200302000200000000000002022022000 1
1 0 212448 444046 6 14 2 10 -1 -1 1100001000000001011000000000010000000000010000000010000000010000000002000000000000000000200302000200000000000022022022000 1
2 0 212448 443011 9 11 10 12 -1 -1 1101001000000001011000000000010000000000000000000010000000010000000002000000000000000000200302000200000000000022022022000 1
1 0 212446 443011 8 10 6 12 -1 -1 1101001000000001011000000000010000000000000000000010000000010000000000000000000020000000200302000200000000000022022022000 1
2 0 212446 441782 10 12 12 10 -1 -1 1101001000000001011000000000010000000000100000000010000000000000000000000000000020000000200302000200000000000022022022000 1
1 0 212444 441782 5 13 3 15 -1 -1 1101001000000001011000000000010000000000100000000010000000000000000000000000000000000000200302000200000200000022022022000 1
2 0 212444 440078 12 10 13 11 -1 -1 1101001001000001011000000000000000000000100000000010000000000000000000000000000000000000200302000200000200000022022022000 1
1 0 212443 440078 4 16 2 14 -1 -1 1101001001000001011000000000000000000000100000000010000000000000000000000000000000000000200302000200000000000022222022000 1
2 0 212443 439177 11 5 12 6 -1 -1 1101011001000001010000000000000000000000100000000010000000000000000000000000000000000000200302000200000000000022222022000 1
1 0 212442 439177 3 15 1 13 -1 -1 1101011001000001010000000000000000000000100000000010000000000000000000000000000000000000000302000200020000000022222022000 1
2 0 212442 438430 11 15 12 14 -1 -1 1111011000000001010000000000000000000000100000000010000000000000000000000000000000000000000302000200020000000022222022000 1
1 0 212441 438430 7 11 3 15 -1 -1 1111011000000001010000000000000000000000100000000010000000000000000000000000000000000000000300000200020002000022222022000 1
2 0 212441 437794 11 23 12 22 -1 -1 1111011001000001010000000000000000000000100000000000000000000000000000000000000000000000000300000200020002000022222022000 1
1 0 212440 437794 4 10 3 11 -1 -1 1111011001000001010000000000000000000000100000000000000000000000000000000000000000000000000300000000020002000222222022000 1
2 0 212440 437093 12 24 12 20 -1 -1 1111011101000000010000000000000000000000100000000000000000000000000000000000000000000000000300000000020002000222222022000 1
1 0 212439 437093 3 11 2 12 -1 -1 1111011101000000010000000000000000000000100000000000000000000000000000000000000000000000000300000000020002002202222022000 1
2 0 212439 436436 12 22 12 18 -1 -1 1111111001000000010000000000000000000000100000000000000000000000000000000000000000000000000300000000020002002202222022000 1
1 0 212438 436436 4 14 3 13 -1 -1 1111111001000000010000000000000000000000100000000000000000000000000000000000000000000000000300000000020002022002222022000 1
2 0 212438 435767 13 13 15 11 -1 -1 1111111011000000000000000000000000000000100000000000000000000000000000000000000000000000000300000000020002022002222022000 1
1 0 212437 435767 6 12 5 11 -1 -1 1111111011000000000000000000000000000000100000000000000000000000000000000000000000000000000300000000020002022002202022200 1
2 0 212437 435402 12 20 16 12 -1 -1 1111111011000000000000000000100000000000000000000000000000000000000000000000000000000000000300000000020002022002202022200 1
1 0 212436 435402 5 11 4 12 -1 -1 1111111011000000000000000000100000000000000000000000000000000000000000000000000000000000000300000000020002020002202022202 1
2 0 212436 435293 12 14 13 13 -1 -1 1111111011000000100000000000000000000000000000000000000000000000000000000000000000000000000300000000020002020002202022202 1
1 0 212436 435293 4 12 3 11 -1 -1 1111111011000000100000000000000000000000000000000000000000000000000000000000000000000000000300000000020000020002222022202 1
