1322295489000
kingfish
artificialwintelligence
1 0 599815 600000 14 10 12 12 -1 -1 2222222222000000000000000000000000000000000000000000000000000000000000000000000000000000000000000000000000000001111111111 2
2 0 599815 599602 2 12 4 14 -1 -1 2222222222000000000000000000000000000000000000000000000000000000000000000000000000000000000000000000000010000001111011111 2
1 0 599813 599602 16 12 12 8 -1 -1 2222022222000000020000000000000000000000000000000000000000000000000000000000000000000000000000000000000010000001111011111 2
2 0 599813 598997 3 13 5 15 -1 -1 2222022222000000020000000000000000000000000000000000000000000000000000000000000000000000000000000000001010000001111011110 2
1 0 599812 598997 13 13 11 11 -1 -1 2222022202000000020000000000002000000000000000000000000000000000000000000000000000000000000000000000001010000001111011110 2
2 0 599812 598565 2 10 4 16 -1 -1 2222022202000000020000000000002000000000000000000000000000000000000000000000000000000000000100000000001010000001101011110 2
1 0 599811 598565 14 12 10 12 -1 -1 2220022202000000022000000000002000000000000000000000000000000000000000000000000000000000000100000000001010000001101011110 2
2 0 599811 597129 4 14 6 16 -1 -1 2220022202000000022000000000002000000000000000000000000000000000000000000000000010000000000100000000001010000001101001110 2
1 0 599810 597129 13 11 9 11 -1 -1 2220022202000000002000000000002000000000002000000000000000000000000000000000000010000000000100000000001010000001101001110 2
2 0 599810 596131 0 12 4 8 -1 -1 2220022202000000002000000000002000000000002000000000000000000000000001000000000010000000000100000000001010000001001001110 2
1 0 599615 596131 12 12 8 12 -1 -1 0220022202000020002000000000002000000000002000000000000000000000000001000000000010000000000100000000001010000001001001110 2
2 0 599615 594051 3 15 7 15 -1 -1 0220022202000020002000000000002000000000002000000000000000001000000001000000000010000000000100000000001000000001001001110 2
1 0 599614 594051 11 11 7 11 -1 -1 0220022200000020002000000000002000000000002000000000200000001000000001000000000010000000000100000000001000000001001001110 2
2 0 599614 592264 7 15 8 16 -1 -1 0220022200000020002000000000002000000000002000000010200000001000000001000000000010000000000000000000001000000001001001110 2
1 0 599613 592264 10 12 6 12 -1 -1 0220022200000020002000000000002000000000002000000010000000001020000001000000000010000000000000000000001000000001001001110 2
2 0 599613 590397 1 13 9 17 -1 -1 0220022200000020002000000000002000000000102000000010000000001020000001000000000000000000000000000000001000000001001001110 2
1 0 599610 590397 9 11 5 11 -1 -1 0200022200000020002000000000002000000000102000000010000000001020000001002000000000000000000000000000001000000001001001110 2
2 0 599610 588386 1 11 2 10 -1 -1 0200022200000020002000000000102000000000102000000010000000001020000000002000000000000000000000000000001000000001001001110 2
1 0 594326 588386 7 11 1 13 -1 -1 0002022200000020002000000000102000000000102000000010000000001020000000002000000000000000000000000000001000000001001001110 2
2 0 594326 586175 5 15 9 15 -1 -1 0012022200000020002000000000102000000000102000000000000000001020000000002000000000000000000000000000001000000001001001110 2
1 0 591394 586175 6 12 2 12 -1 -1 0012022200000020002000000000100000000000102000000000000000001020000000022000000000000000000000000000001000000001001001110 2
2 0 591394 584129 2 10 6 10 -1 -1 0012122200000020002000000000100000000000002000000000000000001020000000022000000000000000000000000000001000000001001001110 2
1 0 587251 584129 13 9 11 7 -1 -1 0010122200000020002000000000100000000002002000000000000000001020000000022000000000000000000000000000001000000001001001110 2
2 0 587251 581831 2 14 3 15 -1 -1 0010122200000020002000000000100000000002002000000000000000001020000000022000000000000000010000000000001000000000001001110 2
1 0 581129 581831 12 8 10 6 -1 -1 0010102202000020002000000000100000000002002000000000000000001020000000022000000000000000010000000000001000000000001001110 2
2 0 581129 580978 9 17 10 16 -1 -1 0010102202000020002000000000100000000002002000000000000000001020000000022000010000000000010000000000000000000000001001110 2
1 0 577544 580978 11 7 9 5 -1 -1 0010102202000020002000000000100000000002002000000000000000001020000000020000010000200000010000000000000000000000001001110 2
2 0 577544 579796 6 10 7 9 -1 -1 0010102202000020002000000000100000000002002000000000000000001020001000020000010000200000000000000000000000000000001001110 2
1 0 573481 579796 5 11 4 12 -1 -1 0010102202000020002000000000100000000000002000000200000000001020001000020000010000200000000000000000000000000000001001110 2
2 0 573481 578674 3 15 11 15 -1 -1 0010102202000020102000000000000000000000002000000200000000001020001000020000010000200000000000000000000000000000001001110 2
1 0 568966 578674 14 14 10 14 -1 -1 0010102200000020102000000000000000000000002000000200000000001020001000020000010000200000000002000000000000000000001001110 2
2 0 568966 576542 3 9 4 10 -1 -1 0010102200000020102000000000000000000000002000000200000000001020001000020000010001200000000002000000000000000000001000110 2
1 0 563256 576542 9 5 9 7 -1 -1 0010100200000022102000000000000000000000002000000200000000001020001000020000010001200000000002000000000000000000001000110 2
2 0 563256 575130 3 11 5 9 -1 -1 0010100200000022102000000000000000000000002000000200000000001020000100020000010001200000000002000000000000000000001000110 2
1 0 559705 575130 10 6 6 10 -1 -1 0010100000000022102000000002000000000000002000000200000000001020000100020000010001200000000002000000000000000000001000110 2
2 0 559705 572640 4 10 8 10 -1 -1 0010100000000022102000000002000000000001002000000200000000001020000100020000000001200000000002000000000000000000001000110 2
1 0 557162 572640 4 12 3 11 -1 -1 0010100000000020102000000002000000000001002000000200000000021020000100020000000001200000000002000000000000000000001000110 2
2 0 557162 568376 5 9 9 9 -1 -1 0010100100000020002000000002000000000001002000000200000000021020000100020000000001200000000002000000000000000000001000110 2
1 0 549015 568376 9 7 7 13 -1 -1 0010100100000020002000000000000000000001002000000200000000021020000120020000000001200000000002000000000000000000001000110 2
2 0 549015 566199 8 10 10 8 -1 -1 0010100100000020002000000000000000000001002000000201000000021020000020020000000001200000000002000000000000000000001000110 2
1 0 541672 566199 15 13 14 14 -1 -1 0010100100000020002000000000000000000001002000000201000000001020000020020000002001200000000002000000000000000000001000110 2
2 0 541672 564752 4 8 5 9 -1 -1 0010100100000020002000000000000000000001002000000201000000001020000020020000002001200000000002000000000000000000001001100 2
1 0 533634 564752 6 10 4 8 -1 -1 0010100100000000002000000002000000000001002000000201000000001020000020020000002001200000000002000000000000000000001001100 2
2 0 533634 563403 5 9 6 10 -1 -1 0010100100000010002000000002000000000000002000000201000000001020000020020000002001200000000002000000000000000000001001100 2
1 0 527544 563403 10 14 9 13 -1 -1 0010100100000010002000000000000000000002002000000201000000001020000020020000002001200000000002000000000000000000001001100 2
2 0 527544 560732 9 15 11 9 -1 -1 0010100100000010002000000000000000000002002000000201000000001020000020120000002000200000000002000000000000000000001001100 2
1 0 520750 560732 9 13 3 15 -1 -1 0010100100000010002000000000000000000002002000000201000000001020000020100000002000200000002002000000000000000000001001100 2
2 0 520750 558634 4 16 5 15 -1 -1 0010100101000010002000000000000000000002002000000201000000001020000020000000002000200000002002000000000000000000001001100 2
1 0 514674 558634 8 12 0 12 -1 -1 0010100101000010000000000000002000000002002000000201000000001020000020000000002000200000002002000000000000000000001001100 2
2 0 514674 556880 6 10 12 8 -1 -1 1010100101000010000000000000002000000002002000000201000000000020000020000000002000200000002002000000000000000000001001100 2
1 0 508859 556880 14 14 10 14 -1 -1 1010100101000010000000000000002000000000002000000201000000000020000020000000002000200000002002000000002000000000001001100 2
2 0 508859 554140 5 15 11 17 -1 -1 1010100101000010000000000000002000000000002000000201000000000020000020000000002001200000002002000000002000000000001000100 2
1 0 505958 554140 4 8 3 9 -1 -1 1010100101000010000000000000000000000000002000000201000000000020000020000000002001200000002002200000002000000000001000100 2
2 0 505958 551862 9 9 13 9 -1 -1 1010101101000000000000000000000000000000002000000201000000000020000020000000002001200000002002200000002000000000001000100 2
1 0 502406 551862 7 13 6 12 -1 -1 1010101101000000000000000000000000000000002000000201000000000020000000000000002001200000002002200000002000000002001000100 2
2 0 502406 550318 6 16 7 15 -1 -1 1010101101000000000000000000000000000000102000000200000000000020000000000000002001200000002002200000002000000002001000100 2
1 0 497329 550318 10 14 9 13 -1 -1 1010101101000000000000000000000000000000100000000200200000000020000000000000002001200000002002200000002000000002001000100 2
2 0 497329 548729 11 15 12 16 -1 -1 1010101101000000000000000000000000000000100000000200200000000020000000100000002000200000002002200000002000000002001000100 2
1 0 493949 548729 9 13 8 12 -1 -1 1010101101000000000000000000000000000000100000000200200000000020000000100000002000200000002000200000002000200002001000100 2
2 0 493949 547277 7 15 11 15 -1 -1 1010101101000000000000000000000000000000100000000200200000001020000000000000002000200000002000200000002000200002001000100 2
1 0 490533 547277 13 15 12 14 -1 -1 1010101101000000000000000000000000000000100000000200000000001020000000000000002000200000002002200000002000200002001000100 2
2 0 490533 545991 11 17 13 15 -1 -1 1010101101000000000000000000000000000000100000000200000000001020000000000000002000200000002002200000002001200002000000100 2
1 0 487450 545991 12 14 11 13 -1 -1 1010101101000000000000000000000000000000100000000200000000001020000000000000002000200000002002000000002001200002002000100 2
2 0 487450 544592 7 9 8 8 -1 -1 1010101101000000000000000000000000000000100000000200000000001020000000000000002000200000002012000000002000200002002000100 2
1 0 481367 544592 11 13 7 17 -1 -1 1010101101000000000000000000000000000000100000000000000000201020000000000000002000200000002012000000002000200002002000100 2
2 0 481367 542496 10 16 12 14 -1 -1 1010101101000000000000000000000000000000100000000000010000201020000000000000002000200000002002000000002000200002002000100 2
1 0 479044 542496 7 17 6 16 -1 -1 1010101101000000000000000000000000000000100000000000010000201020000000000000002000000000002002000000002002200002002000100 2
2 0 479044 540859 8 8 9 9 -1 -1 1010101101000000000000000000000000000000101000000000000000201020000000000000002000000000002002000000002002200002002000100 2
1 0 474646 540859 6 16 5 15 -1 -1 1010101101000000000000000000000000000000101000000000000000001020000020000000002000000000002002000000002002200002002000100 2
2 0 474646 538902 9 9 11 7 -1 -1 1010101101000000000000000000001000000000100000000000000000001020000020000000002000000000002002000000002002200002002000100 2
1 0 472920 538902 5 15 4 14 -1 -1 1010101101000000000000000000001000000000100000000000000000001020000000000000002000000000022002000000002002200002002000100 2
2 0 472920 536931 10 8 12 10 -1 -1 1010101101000000010000000000000000000000100000000000000000001020000000000000002000000000022002000000002002200002002000100 2
1 0 470765 536931 4 14 3 13 -1 -1 1010101101000000010000000000000000000000100000000000000000001020000000000000000000000000022002000000002202200002002000100 2
2 0 470765 535977 12 8 16 12 -1 -1 1010101111000000000000000000000000000000100000000000000000001020000000000000000000000000022002000000002202200002002000100 2
1 0 467790 535977 15 11 14 12 -1 -1 1010101111000000000000000000000000000000100000000000000000001020000000000000000000000000022002000000000202200002002000102 2
2 0 467790 533888 11 15 15 11 -1 -1 1010101111000000000000000000000000000000100000000000000000001020000000000000000000000000022002000000000202200002002010002 2
1 0 465457 533888 6 12 5 11 -1 -1 1010101111000000000000000000000000000000100000000000000000001020000000000000000000000000022000000000000202200002002010202 2
2 0 465457 530973 11 9 15 13 -1 -1 1010101111000000000000000000100000000000000000000000000000001020000000000000000000000000022000000000000202200002002010202 2
1 0 463891 530973 8 12 7 11 -1 -1 1010101111000000000000000000100000000000000000000000000000001020000000000000000000000000020000000000000202200002002010222 2
2 0 463891 529092 8 16 9 17 -1 -1 1010101111000000000000000000100000000000000000000010000000000020000000000000000000000000020000000000000202200002002010222 2
1 0 462112 529092 7 11 6 10 -1 -1 1010101111000000000000000000100000000000000000000010000000000000000000002000000000000000020000000000000202200002002010222 2
2 0 462112 527607 9 17 10 16 -1 -1 1010101111000000000000000000100000000001000000000000000000000000000000002000000000000000020000000000000202200002002010222 2
1 0 460782 527607 6 10 2 14 -1 -1 1010101111000000000000000000100000000001000000000000000000000000000000000000000000200000020000000000000202200002002010222 2
2 0 460782 526833 12 16 14 14 -1 -1 1010111111000000000000000000100000000000000000000000000000000000000000000000000000200000020000000000000202200002002010222 2
1 0 460061 526833 5 11 4 12 -1 -1 1010111111000000000000000000100000000000000000000000000000000000000000000000000000200000020000000000000202000002002012222 2
2 0 460061 526194 10 16 11 15 -1 -1 1010111111000000100000000000000000000000000000000000000000000000000000000000000000200000020000000000000202000002002012222 2
1 0 459528 526194 14 12 13 13 -1 -1 1010111111000000100000000000000000000000000000000000000000000000000000000000000000000000020002000000000202000002002012222 2
2 0 459528 525579 11 7 12 8 -1 -1 1010111111000000100000000000000000000000000000000000000000000000000000000000000000000000020002000000000202000002012002222 2
1 0 459175 525579 0 12 1 11 -1 -1 1010111111000000100000000000000000000000000000000000000000000000000000000000000000000000000002000000002202000002012002222 2
2 0 459175 524972 12 8 14 10 -1 -1 0110111111000000100000000000000000000000000000000000000000000000000000000000000000000000000002000000002202000002012002222 2
1 0 458775 524972 4 12 0 12 -1 -1 0110111111000000100000000000000000000000000000000000000000000000000000000000000000000000000002000000000202000002012202222 2
2 0 458775 524427 12 14 14 12 -1 -1 1110111111000000000000000000000000000000000000000000000000000000000000000000000000000000000002000000000202000002012202222 2
1 0 458458 524427 13 13 12 12 -1 -1 1110111111000000000000000000000000000000000000000000000000000000000000000000000000000000000002000000000200000002012222222 2
2 0 458458 523913 11 15 12 14 -1 -1 1110111111000000000000000000000000000000000000000000000000000000000000000000000000000000000002000000000210000002002222222 2
1 0 458172 523913 12 12 11 13 -1 -1 1110111111000000000000000000000000000000000000000000000000000000000000000000000000000000000000000000000212000002002222222 2
2 0 458172 523578 12 10 13 11 -1 -1 1110111111000000000000000000000000000000000000000000000000000000000000000000000000000000000010000000000202000002002222222 2
1 0 457988 523578 11 13 10 12 -1 -1 1110111111000000000000000000000000000000000000000000000000000000000000000000000000000000000010000000000002000002202222222 2
2 0 457988 523358 12 14 13 13 -1 -1 1110111111000000000000000000000000000000000000000000000000000000000000000000000010000000000000000000000002000002202222222 2
