1322289427000
droptable
kingfish
1 0 591267 600000 13 13 12 14 -1 -1 2222222222000000000000000000000000000000000000000000000000000000000000000000000000000000000000000000000000000001111111111 2
2 0 591267 599903 2 14 4 12 -1 -1 2222222222000000000000000000000000000000000000000000000000000000000000000000000000000000000000000000000001000001101111111 2
1 0 583019 599903 14 14 12 12 -1 -1 2222202222000000200000000000000000000000000000000000000000000000000000000000000000000000000000000000000001000001101111111 2
2 0 583019 599902 0 12 4 16 -1 -1 2222202222000000200000000000000000000000000000000000000000000000000000000000000000000000000000000000000011000001101110111 2
1 0 574093 599902 15 11 11 11 -1 -1 0222202222000000202000000000000000000000000000000000000000000000000000000000000000000000000000000000000011000001101110111 2
2 0 574093 599901 3 11 5 13 -1 -1 0222202222000000202000000000000000000000000000000000000000000000000000000000000000000000000100000000000011000001101110011 2
1 0 561217 599901 12 12 10 10 -1 -1 0222202022000000202000000000020000000000000000000000000000000000000000000000000000000000000100000000000011000001101110011 2
2 0 561217 599900 2 12 6 12 -1 -1 0222202022000000202000000000020000000000000000000000000000000000000000000000000100000000000100000000000001000001101110011 2
1 0 552134 599900 16 12 14 14 -1 -1 0222002022000000202000000000020000000000200000000000000000000000000000000000000100000000000100000000000001000001101110011 2
2 0 552134 599899 3 13 7 13 -1 -1 0222002022000000202000000000020000000000200000000000000000000000000000000000000100000000000100000000000001000001101111010 2
1 0 542199 599899 13 15 9 11 -1 -1 0222002002000000202000000000020000000000200000000002000000000000000000000000000100000000000100000000000001000001101111010 2
2 0 542199 596347 1 11 2 12 -1 -1 0222002002000000202000000000020000000000200000000002000000000000000001000000000100000000000100000000000001000001100111010 2
1 0 531609 596347 14 12 10 8 -1 -1 0022202002000000202000000000020000000000200000000002000000000000000001000000000100000000000100000000000001000001100111010 2
2 0 531609 590865 5 13 6 14 -1 -1 0022202002000000202000000000020000000000200000000002000000000000000001000000001100000000000100000000000001000001100101010 2
1 0 523134 590865 11 11 9 9 -1 -1 0022202002000000202000000000000000000000220000000002000000000000000001000000001100000000000100000000000001000001100101010 2
2 0 523134 588604 1 13 7 15 -1 -1 0022202002000000202000000000000000000000220000000002000000000000000011000000001100000000000000000000000001000001100101010 2
1 0 509575 588604 13 11 12 12 -1 -1 0002202002000000202000000000000000000000220000000002200000000000000011000000001100000000000000000000000001000001100101010 2
2 0 509575 585937 6 14 8 12 -1 -1 0002202002000000202000000000000000000000220000000002200000000000000011000000001100000000000000000000000011000001000101010 2
1 0 500743 585937 14 10 13 11 -1 -1 0002202002000000202000000000000000000000200000000002200000002000000011000000001100000000000000000000000011000001000101010 2
2 0 500743 579896 6 12 8 10 -1 -1 0002202002000000202000000000000000000000200000000002200000002000000011000000001100000000000000000000000011000001100001010 2
1 0 494595 579896 13 9 11 15 -1 -1 0002202002000000202000000000000000000000000000000002200000022000000011000000001100000000000000000000000011000001100001010 2
2 0 494595 577009 2 10 3 11 -1 -1 0002202002000000202000000000000000000000000000000002200000022000000011000000001100000000000001000000000011000000100001010 2
1 0 486647 577009 15 13 11 13 -1 -1 0000202202000000202000000000000000000000000000000002200000022000000011000000001100000000000001000000000011000000100001010 2
2 0 486647 573400 3 9 5 11 -1 -1 0000202202000000202000000000000000000000000000000002200000022000000011000000001100000000000011000000000011000000100001000 2
1 0 475931 573400 9 11 7 9 -1 -1 0000200202000000202000000000200000000000000000000002200000022000000011000000001100000000000011000000000011000000100001000 2
2 0 475931 568030 2 12 8 14 -1 -1 0000200202000000202000000000200000000000000000000102200000022000000010000000001100000000000011000000000011000000100001000 2
1 0 464856 568030 10 10 6 10 -1 -1 0000000202000000202000000000200000000000000000000102200000022200000010000000001100000000000011000000000011000000100001000 2
2 0 464856 564059 3 11 7 11 -1 -1 0000000202000000202000000000200000000001000000000102200000022200000010000000001000000000000011000000000011000000100001000 2
1 0 461080 564059 14 14 13 13 -1 -1 0000000002000000202000000000200000000001000000000122200000022200000010000000001000000000000011000000000011000000100001000 2
2 0 461080 557571 7 15 6 16 -1 -1 0000000002000000202000000000200000000001000000000122200000022200000010000000001000000000000011000000000011000000110000000 2
1 0 455956 557571 12 14 10 12 -1 -1 0000000002000000202000000000200000000001002000000122000000022200000010000000001000000000000011000000000011000000110000000 2
2 0 455956 552918 3 15 9 13 -1 -1 0000000002000000202000000000200000000001002000000122000000022200000010000000001010000000000011000000000010000000110000000 2
1 0 452793 552918 11 13 9 11 -1 -1 0000000000000000202000000000200000000001002000000122000000022200000010200000001010000000000011000000000010000000110000000 2
2 0 452793 545364 8 12 12 16 -1 -1 0000000000000000202000000000200000000001002000000122000000022200000011200000001010000000000001000000000010000000110000000 2
1 0 450927 545364 7 9 6 8 -1 -1 0000000000000000202000000000200000000001002000000122000000020200000011200000001010000000000001000000000010200000110000000 2
2 0 450927 532706 7 13 9 15 -1 -1 0000000000000000202000000000200000000011002000000022000000020200000011200000001010000000000001000000000010200000110000000 2
1 0 440344 532706 13 11 11 13 -1 -1 0000000000000000202000000000200000000011002000000020000000020200000011220000001010000000000001000000000010200000110000000 2
2 0 440344 519561 8 14 14 12 -1 -1 0000000000000000202000000000200000000011002000000020000000020200000011220000001010000000000011000000000010200000010000000 2
1 0 432871 519561 12 12 10 10 -1 -1 0000000000000000202000000000200000000011002000000020000000020000000011220000001010000000000011000000000010200000010020000 2
2 0 432871 510457 9 15 10 14 -1 -1 0000000000000000202000000000200000000011002000000020000000020000000011220000001110000000000011000000000000200000010020000 2
1 0 426645 510457 10 10 8 8 -1 -1 0000000000000000202000000000200000000011002000000020000000020000000011200000001112000000000011000000000000200000010020000 2
2 0 426645 505707 5 11 7 9 -1 -1 0000000000000000202000000000200000000011002000000020000000120000000011200000001012000000000011000000000000200000010020000 2
1 0 422274 505707 10 12 8 14 -1 -1 0000000000000000202000000000000000000011002000000220000000120000000011200000001012000000000011000000000000200000010020000 2
2 0 422274 498239 10 14 14 14 -1 -1 0000000000000000202000000000000000000011002000000220000000120100000011200000001002000000000011000000000000200000010020000 2
1 0 417585 498239 6 10 5 9 -1 -1 0000000000000000202000000000000000000011002000000220000000120100000011200000001000000000000011000000000000200000010022000 2
2 0 417585 491683 12 16 13 15 -1 -1 0000000000000000202000000001000000000010002000000220000000120100000011200000001000000000000011000000000000200000010022000 2
1 0 410511 491683 8 8 4 8 -1 -1 0000000000000000202000000001000000000010002000000220000000120100000011200000001000000000000011000000000000000000012022000 2
2 0 410511 484050 7 11 8 12 -1 -1 0000000000000010202000000001000000000010002000000220000000020100000011200000001000000000000011000000000000000000012022000 2
1 0 402779 484050 9 11 7 13 -1 -1 0000000000000010202000000001000000000010002000000200000000022100000011200000001000000000000011000000000000000000012022000 2
2 0 402779 475105 6 16 7 15 -1 -1 0000000000000010202000000001000000000010002000000201000000022100000010200000001000000000000011000000000000000000012022000 2
1 0 395061 475105 11 15 10 14 -1 -1 0000000000000010202000000001000000000010000000000201200000022100000010200000001000000000000011000000000000000000012022000 2
2 0 395061 465663 7 15 7 11 -1 -1 0000000000000010202000000001000000000010000000000201200000022100000010200000001001000000000010000000000000000000012022000 2
1 0 390366 465663 6 8 4 10 -1 -1 0000000000000010202000000001000000000010000000000221000000022100000010200000001001000000000010000000000000000000012022000 2
2 0 390366 460641 7 9 11 9 -1 -1 0000000000000011202000000001000000000000000000000221000000022100000010200000001001000000000010000000000000000000012022000 2
1 0 387271 460641 11 13 9 11 -1 -1 0000000000000011202000000001000000000000000000000021000000022100000010200000001001000000002010000000000000000000012022000 2
2 0 387271 455423 9 13 11 15 -1 -1 0000000000000011202000000001000000000000000000000021000000022100000011200000001001000000002000000000000000000000012022000 2
1 0 383955 455423 5 9 3 11 -1 -1 0000000000000011202000000001000000000000000000000021000000022100000011000000001001000000002002000000000000000000012022000 2
2 0 383955 450268 8 12 12 8 -1 -1 0000000100000011202000000000000000000000000000000021000000022100000011000000001001000000002002000000000000000000012022000 2
1 0 379794 450268 3 11 2 10 -1 -1 0000000100000011202000000000000000000000000000000021000000020100000011000000001001000000002002000000002000000000012022000 2
2 0 379794 445218 4 16 5 15 -1 -1 0001000000000011202000000000000000000000000000000021000000020100000011000000001001000000002002000000002000000000012022000 2
1 0 377330 445218 8 14 6 12 -1 -1 0001000000000011200000000000002000000000000000000021000000020100000011000000001001000000002002000000002000000000012022000 2
2 0 377330 441793 5 15 6 14 -1 -1 0001000000000011200000000000002000000000100000000021000000020000000011000000001001000000002002000000002000000000012022000 2
1 0 375533 441793 13 13 12 14 -1 -1 0001000000000011200000000000000000000000120000000021000000020000000011000000001001000000002002000000002000000000012022000 2
2 0 375533 439142 4 12 5 11 -1 -1 0001000000000011200000000000000000000000120000000021000000020000000011000000001001000000002002000000002001000000002022000 2
1 0 371284 439142 12 14 10 12 -1 -1 0001000000000011000000000000200000000000120000000021000000020000000011000000001001000000002002000000002001000000002022000 2
2 0 371284 435147 6 14 10 10 -1 -1 0001000000000011000000000000200000000000120000000021000000020000000011000000001011000000002002000000002000000000002022000 2
1 0 362120 435147 9 11 7 9 -1 -1 0001000000000011000000000000200000000000100000000021000000020000000011000000001211000000002002000000002000000000002022000 2
2 0 362120 430665 11 15 13 9 -1 -1 0001000000000011000000000000200000000000100000000121000000020000000010000000001211000000002002000000002000000000002022000 2
1 0 359888 430665 4 10 3 11 -1 -1 0001000000000011000000000000200000000000100000000121000000020000000010000000001211000000002000000000002000000002002022000 2
2 0 359888 427750 5 11 6 10 -1 -1 0001000100000010000000000000200000000000100000000121000000020000000010000000001211000000002000000000002000000002002022000 2
1 0 355629 427750 10 12 9 13 -1 -1 0001000100000010000000000000000000000002100000000121000000020000000010000000001211000000002000000000002000000002002022000 2
2 0 355629 422092 12 8 12 10 -1 -1 0001000100000010000000000000000000000002100000000121000000020000000010100000001201000000002000000000002000000002002022000 2
1 0 349755 422092 3 11 2 12 -1 -1 0001000100000010000000000000000000000002100000000121000000020000000010100000001201000000002000000000000200000002002022000 2
2 0 349755 418318 10 10 14 10 -1 -1 0001100000000010000000000000000000000002100000000121000000020000000010100000001201000000002000000000000200000002002022000 2
1 0 343137 418318 10 14 8 8 -1 -1 0001100000000010000000000000000000000002100000000121000000020000000010100000001001000000002000000000000200000002002222000 2
2 0 343137 414625 11 9 15 13 -1 -1 0001100000000010000000000000000000000002100000000121000000120000000010100000001000000000002000000000000200000002002222000 2
1 0 340293 414625 7 13 5 11 -1 -1 0001100000000010000000000000000000000002100000000121000000120000000010100000001000000000000000000000000200000002002222020 2
2 0 340293 411279 8 10 9 11 -1 -1 0001100000000010000000000000100000000002100000000120000000120000000010100000001000000000000000000000000200000002002222020 2
1 0 330153 411279 9 13 8 12 -1 -1 0001100000000010000000000000100000000002100000000120000000100000000012100000001000000000000000000000000200000002002222020 2
2 0 330153 407275 9 11 13 11 -1 -1 0001100000000010000000000000100000000002100000000120000000101000000012000000001000000000000000000000000200000002002222020 2
1 0 312150 407275 6 12 4 10 -1 -1 0001100000000010000000000000100000000002100000000120000000101000000010000000001000000000000000000000000200000002202222020 2
2 0 312150 405260 7 11 9 13 -1 -1 0001100000000011000000000000100000000002000000000120000000101000000010000000001000000000000000000000000200000002202222020 2
1 0 297495 405260 2 12 1 13 -1 -1 0001100000000011000000000000100000000002000000000100000000101000000010200000001000000000000000000000000200000002202222020 2
2 0 297495 403932 6 10 7 11 -1 -1 0011000000000011000000000000100000000002000000000100000000101000000010200000001000000000000000000000000200000002202222020 2
1 0 290351 403932 10 8 6 8 -1 -1 0011000000000011000000000000100000000000000000000120000000101000000010200000001000000000000000000000000200000002202222020 2
2 0 290351 402058 9 13 10 12 -1 -1 0011000000000011000000000000100000000010000000000120000000101000000010200000000000000000000000000000000200000002202222020 2
1 0 276578 402058 8 12 4 12 -1 -1 0011000000000011000000000000100000000010000000000120000000101000000010000000000020000000000000000000000200000002202222020 2
2 0 276578 401020 7 11 8 12 -1 -1 0011000000000011100000000000100000000010000000000120000000100000000010000000000020000000000000000000000200000002202222020 2
1 0 269358 401020 4 12 3 13 -1 -1 0011000000000011100000000000100000000010000000000100000000102000000010000000000020000000000000000000000200000002202222020 2
2 0 269358 399752 8 12 9 13 -1 -1 0011000010000011000000000000100000000010000000000100000000102000000010000000000020000000000000000000000200000002202222020 2
1 0 267837 399752 9 9 3 15 -1 -1 0011000010000011000000000000100000000010000000000100000000100000000010200000000020000000000000000000000200000002202222020 2
2 0 267837 397858 13 9 13 13 -1 -1 0011000011000011000000000000100000000010000000000100000000100000000000200000000020000000000000000000000200000002202222020 2
1 0 267479 397858 8 8 4 16 -1 -1 0011000011000011000000000000100000000010000000000100000000100000000000200000000020000000000000000000000200000000222222020 2
2 0 267479 396550 9 13 15 11 -1 -1 0011000011000011001000000000100000000010000000000100000000000000000000200000000020000000000000000000000200000000222222020 2
1 0 264724 396550 7 9 1 11 -1 -1 0011000011000011001000000000100000000010000000000100000000000000000000000000000020000000000000000000000200000000222222220 2
2 0 264724 395996 10 12 11 13 -1 -1 0111000011000011001000000000100000000010000000000000000000000000000000000000000020000000000000000000000200000000222222220 2
1 0 264075 395996 4 8 0 12 -1 -1 0111000011000011001000000000100000000010000000000000000000000000000000000000000000000000000020000000000200000000222222220 2
2 0 264075 395375 11 13 12 14 -1 -1 1111000011000001001000000000100000000010000000000000000000000000000000000000000000000000000020000000000200000000222222220 2
1 0 263952 395375 5 11 3 9 -1 -1 1111000011000001001000000000100000000010000000000000000000000000000000000000000000000000000000000000000202000000222222220 2
2 0 263952 395060 12 10 13 9 -1 -1 1111001011000001001000000000000000000010000000000000000000000000000000000000000000000000000000000000000202000000222222220 2
1 0 263921 395060 4 16 2 14 -1 -1 1111001011000001001000000000000000000010000000000000000000000000000000000000000000000000000000000000000002000002222222220 2
2 0 263921 394853 14 10 16 12 -1 -1 1111011011000001000000000000000000000010000000000000000000000000000000000000000000000000000000000000000002000002222222220 2
1 0 263910 394853 4 10 3 11 -1 -1 1111011011000001000000000000000000000010000000000000000000000000000000000000000000000000000000000000000002000002222022222 2
2 0 263910 394686 12 14 12 12 -1 -1 1111011111000000000000000000000000000010000000000000000000000000000000000000000000000000000000000000000002000002222022222 2
1 0 233922 394686 6 8 5 9 -1 -1 1111011111000000000000000000000000000010000000000000000000000000000000000000000000000000000000000000000020000002222022222 2
2 0 233922 394597 12 12 14 10 -1 -1 1111011111000000000000000001000000000000000000000000000000000000000000000000000000000000000000000000000020000002222022222 2
