1322294626000
artificialwintelligence
kingfish
1 0 599577 600000 14 12 12 10 -1 -1 2222222222000000000000000000000000000000000000000000000000000000000000000000000000000000000000000000000000000001111111111 2
2 0 599577 599920 2 14 4 12 -1 -1 2222222222000000000000000000000000000000000000000000000000000000000000000000000000000000000000000000000100000001111101111 2
1 0 599035 599920 13 11 11 9 -1 -1 2222202222000000200000000000000000000000000000000000000000000000000000000000000000000000000000000000000100000001111101111 2
2 0 599035 599919 0 12 4 16 -1 -1 2222202222000000200000000000000000000000000000000000000000000000000000000000000000000000001000000000000100000001011101111 2
1 0 598693 599919 14 14 12 8 -1 -1 0222202222000000202000000000000000000000000000000000000000000000000000000000000000000000001000000000000100000001011101111 2
2 0 598693 599918 2 12 4 10 -1 -1 0222202222000000202000000000000000000000000000000000000000000000000000000000000000000000001000000000001100000001011100111 2
1 0 598160 599918 16 12 12 16 -1 -1 0222002222000002202000000000000000000000000000000000000000000000000000000000000000000000001000000000001100000001011100111 2
2 0 598160 599917 3 9 5 11 -1 -1 0222002222000002202000000000000000000000000000000000000000000000000000000000000000000000001000000000001100100001011100110 2
1 0 597639 599917 12 10 10 8 -1 -1 0222000222000002202000000000200000000000000000000000000000000000000000000000000000000000001000000000001100100001011100110 2
2 0 597639 599916 1 11 3 9 -1 -1 0222000222000002202000000000200000000000000000000000000000000000000000000000001000000000001000000000001000100001011100110 2
1 0 596564 599916 13 9 9 9 -1 -1 0022002222000002202000000000200000000000000000000000000000000000000000000000001000000000001000000000001000100001011100110 2
2 0 596564 599771 3 11 5 13 -1 -1 0022002222000002202000000000200000000000000000000000000000000000000010000000001000000000001000000000001000100000011100110 2
1 0 594003 599771 12 8 8 8 -1 -1 0022002022000002202000000000220000000000000000000000000000000000000010000000001000000000001000000000001000100000011100110 2
2 0 594003 599770 3 15 5 9 -1 -1 0022002022000002202000000000220000000000000000000000000000100000000010000000001000000000001000000000000000100000011100110 2
1 0 592413 599770 11 9 7 9 -1 -1 0022002020000002202000000002220000000000000000000000000000100000000010000000001000000000001000000000000000100000011100110 2
2 0 592413 595538 4 10 8 10 -1 -1 0022002020000002202000000002220000000000000000000100000000100000000010000000001000000000000000000000000000100000011100110 2
1 0 591079 595538 15 11 13 9 -1 -1 0022002020000000202000000002220000000000000000000100000000120000000010000000001000000000000000000000000000100000011100110 2
2 0 591079 592367 2 10 6 10 -1 -1 0022002020000000202000000002220000000000000000000100000000120000000010000000001000000000000000000000000000100001011100010 2
1 0 589823 592367 15 13 14 14 -1 -1 0020002020000000202000000002220000000002000000000100000000120000000010000000001000000000000000000000000000100001011100010 2
2 0 589823 590081 1 13 2 12 -1 -1 0020002020000000202000000002220000000002000000000100000000120000000010000000001000000000000000000000000000100001011101000 2
1 0 588462 590081 14 10 13 11 -1 -1 0000202020000000202000000002220000000002000000000100000000120000000010000000001000000000000000000000000000100001011101000 2
2 0 588462 586027 4 12 6 14 -1 -1 0000202020000000202000000002220000000002000000000100000000120000000010000000001000000000000000000000000000100001111001000 2
1 0 586394 586027 7 9 6 8 -1 -1 0000202020000000002000000002220000000002020000000100000000120000000010000000001000000000000000000000000000100001111001000 2
2 0 586394 577716 5 11 9 7 -1 -1 0000202020000000002000000002220000000012020000000000000000120000000010000000001000000000000000000000000000100001111001000 2
1 0 585249 577716 9 9 7 11 -1 -1 0000202020000000002000000002020000000012020000000000000000120000000210000000001000000000000000000000000000100001111001000 2
2 0 585249 571346 5 9 11 7 -1 -1 0000202020000000002000000002020000000012020000000010000000120000000200000000001000000000000000000000000000100001111001000 2
1 0 583369 571346 14 14 12 8 -1 -1 0000202020000000002000000000020000000012020000000010000000120000000200000000001000000000020000000000000000100001111001000 2
2 0 583369 565353 6 10 8 12 -1 -1 0000202020000000002000000000020000000012020000000010000000120000000200000000001000000000020000000000001000100001111000000 2
1 0 579199 565353 10 8 9 9 -1 -1 0000202020000000002000000000020000000010020000000010000000122000000200000000001000000000020000000000001000100001111000000 2
2 0 579199 558093 8 10 14 12 -1 -1 0000202020000000002000000000020000000010020000000010000000122000000210000000000000000000020000000000001000100001111000000 2
1 0 577031 558093 9 9 5 9 -1 -1 0000202020000000002000000000020000000010020000000010000000102000000210000000000000000000020000000000001000100001111020000 2
2 0 577031 551662 2 12 12 10 -1 -1 0000202020000000002000000001020000000010020000000010000000102000000200000000000000000000020000000000001000100001111020000 2
1 0 575585 551662 13 15 11 17 -1 -1 0000002020000000002000000001020000000010020000000010000000102000000200000000000000000000020000000000001200100001111020000 2
2 0 575585 537593 4 16 4 14 -1 -1 0000002020000000002000000001020000000010020000000010000000102000000200000000000000000000020000100000001200100001110020000 2
1 0 572986 537593 11 17 10 16 -1 -1 0000002020000000020000000001020000000010020000000010000000102000000200000000000000000000020000100000001200100001110020000 2
2 0 572986 531101 3 13 9 11 -1 -1 0000002020000000020000000001020000000010020000000010000000102000000200000000000000100000020000000000001200100001110020000 2
1 0 568334 531101 13 11 9 15 -1 -1 0000002000000000020000000001020000000010020000000010000000102000000202000000000000100000020000000000001200100001110020000 2
2 0 568334 520623 4 14 10 8 -1 -1 0000002000000000020000000001020000000010020000000010000000102000000202010000000000100000020000000000001200100001010020000 2
1 0 561800 520623 10 16 4 14 -1 -1 0000002000000000000000000001020000000010020000000010000000102000000202010000002000100000020000000000001200100001010020000 2
2 0 561800 507358 9 7 15 13 -1 -1 0000002000000000010000000001020000000010020000000010000000102000000202010000002000000000020000000000001200100001010020000 2
1 0 555978 507358 13 9 11 11 -1 -1 0000002000000000010000000001020000000010020000000010000000102000000002010000002000000000020000000000001200100001010020020 2
2 0 555978 489975 5 13 7 15 -1 -1 0000002000000000010000000001020000000010020000000010000000102000000002010000002000000000020100000000001200100000010020020 2
1 0 547380 489975 13 13 12 12 -1 -1 0000002000000000010000000001000000000010020000000010200000102000000002010000002000000000020100000000001200100000010020020 2
2 0 547380 475540 9 11 13 11 -1 -1 0000002000000000010000000001000000000010020000000010200000102000000002010000002000000000020100000000001210100000000020020 2
1 0 543114 475540 12 12 11 13 -1 -1 0000002000000000010000000001000000000010020000000010200000102000000000010000002000000000020100000000001210100000200020020 2
2 0 543114 467332 6 14 16 12 -1 -1 0000002000000000010000000001000000000010020000000010200000102000000000010000002000000000020110000000001200100000200020020 2
1 0 538533 467332 12 8 6 14 -1 -1 0000002000000000010000000001000000000010000000000010200000102000000000010000002000000000020110000000001200100000200020022 2
2 0 538533 459151 10 8 12 6 -1 -1 0000002000000000010000000001000000000010010000000010200000102000000000010000002000000000020110000000000200100000200020022 2
1 0 535294 459151 11 13 11 15 -1 -1 0000002000000000010000000001000000000010010000000010200000102000000000010000000000000000020110000000020200100000200020022 2
2 0 535294 454999 12 6 12 8 -1 -1 0000002000000000010000000001000000000010010000000010200000102000000000010000000000000000020101000000020200100000200020022 2
1 0 532475 454999 12 16 8 16 -1 -1 0000002000000000010000000001000000000010010000000010200000102000000000010000000000000000020101000000002200100000200020022 2
2 0 532475 449211 7 15 9 17 -1 -1 0000002000000000010000000001000000000010010000000010200000102010000000010000000000000000020101000000002200000000200020022 2
1 0 528892 449211 6 14 6 16 -1 -1 0000002000000000010000000001000000000010010000000010000000102010000000012000000000000000020101000000002200000000200020022 2
2 0 528892 443228 11 7 13 13 -1 -1 0000002000000000010000000001000000000010001000000010000000102010000000012000000000000000020101000000002200000000200020022 2
1 0 525703 443228 11 15 10 16 -1 -1 0000002000000000010000000001000000000010001000000010000000102010000000012000000000000000000101000000002200000000220020022 2
2 0 525703 438902 8 12 9 13 -1 -1 0000002000000000010000000001000000000010001000000010000000102010000000012000000000100000000100000000002200000000220020022 2
1 0 523478 438902 9 15 3 13 -1 -1 0000002000000000010000000001000000000010001000000010000000100010000000212000000000100000000100000000002200000000220020022 2
2 0 523478 434947 3 9 4 8 -1 -1 0000002010000000010000000001000000000010001000000010000000100010000000202000000000100000000100000000002200000000220020022 2
1 0 519947 434947 10 16 9 15 -1 -1 0000000010000020010000000001000000000010001000000010000000100010000000202000000000100000000100000000002200000000220020022 2
2 0 519947 431160 4 8 10 14 -1 -1 0000000010000020010000000001000000000010001000000010000000100010000000212000000000000000000100000000002200000000220020022 2
1 0 516748 431160 3 13 2 12 -1 -1 0000000010000000010000000001000000000010001000000010000000100010000000212000000002000000000100000000002200000000220020022 2
2 0 516748 428299 9 13 10 12 -1 -1 0000100000000000010000000001000000000010001000000010000000100010000000212000000002000000000100000000002200000000220020022 2
1 0 513005 428299 11 11 9 13 -1 -1 0000100000000000010000000001000000000010001000000010000000100010000000012000000022000000000100000000002200000000220020022 2
2 0 513005 425062 10 12 11 13 -1 -1 0000100000000000010000000001000000000010001000000010000000100010000000112000000022000000000000000000002200000000220020022 2
1 0 509739 425062 9 15 1 11 -1 -1 0000100000000000010000000001000000000010001000000010000000100010000000112000000002000000000020000000002200000000220020022 2
2 0 509739 420844 10 14 14 14 -1 -1 0100100000000000010000000001000000000010001000000010000000100010000000102000000002000000000020000000002200000000220020022 2
1 0 507366 420844 9 13 9 15 -1 -1 0100100000000000010000000001000000000010001000000010000000100010000000102000000000000000000020000000002200000000220022022 2
2 0 507366 419557 9 17 9 13 -1 -1 0100100000000000010000000001000000000010001000000010000000100010000000012000000000000000000020000000002200000000220022022 2
1 0 504985 419557 6 8 4 10 -1 -1 0100100000000000010000000001000000000010001000000010000000100010000000210000000000000000000020000000002200000000220022022 2
2 0 504985 417435 9 13 10 14 -1 -1 0100100000000001010000000001000000000000001000000010000000100010000000210000000000000000000020000000002200000000220022022 2
1 0 503062 417435 5 9 1 13 -1 -1 0100100000000001010000000001000000000000001000000010000000100010000000010000000002000000000020000000002200000000220022022 2
2 0 503062 415831 10 14 14 10 -1 -1 0110100000000001010000000000000000000000001000000010000000100010000000010000000002000000000020000000002200000000220022022 2
1 0 501354 415831 7 11 6 10 -1 -1 0110100000000001010000000000000000000000001000000010000000100010000000010000000000000000000020000000002200000000220222022 2
2 0 501354 414916 11 13 12 14 -1 -1 0110100000000001010000000000000000000001001000000000000000100010000000010000000000000000000020000000002200000000220222022 2
1 0 500369 414916 9 15 3 13 -1 -1 0110100000000001010000000000000000000001001000000000000000100010000000010000000000000000000000000000002202000000220222022 2
2 0 500369 413256 12 8 13 9 -1 -1 0110100010000001010000000000000000000001001000000000000000100010000000000000000000000000000000000000002202000000220222022 2
1 0 499540 413256 8 8 7 9 -1 -1 0110100010000001010000000000000000000001001000000000000000100010000000000000000000000000000000000000000202000002220222022 2
2 0 499540 412634 12 14 13 15 -1 -1 0110100010000001010000000000000000000001001000000100000000000010000000000000000000000000000000000000000202000002220222022 2
1 0 499044 412634 7 9 5 11 -1 -1 0110100010000001010000000000000000000001001000000100000000000010000000000000000000000000000000000000000200000002222222022 2
2 0 499044 412238 12 10 12 12 -1 -1 0110100010000001010000000000100000000001001000000000000000000010000000000000000000000000000000000000000200000002222222022 2
1 0 498427 412238 6 10 0 12 -1 -1 0110100010000001010000000000100000000001001000000000000000000010000000000000000000000000000000000000000020000002222222022 2
2 0 498427 411930 13 9 15 11 -1 -1 1110100010000001010000000000100000000000001000000000000000000010000000000000000000000000000000000000000020000002222222022 2
1 0 498059 411930 8 16 7 15 -1 -1 1110100010000001010000000000100000000000001000000000000000000010000000000000000000000000000000000000000020000000222222222 2
2 0 498059 411704 14 10 13 9 -1 -1 1110100010000001010000000000100000000000001000000000100000000000000000000000000000000000000000000000000020000000222222222 2
1 0 497572 411704 7 15 5 17 -1 -1 1110100010000001010000000000100000000000001000000000100000000000000000000000000000000000000000000000000020000002222022222 2
2 0 497572 411382 12 12 14 10 -1 -1 1110100010000001010000000000100100000000001000000000000000000000000000000000000000000000000000000000000020000002222022222 2
