1322289443000
kingfish
benny
1 0 599804 600000 14 10 12 12 -1 -1 2222222222000000000000000000000000000000000000000000000000000000000000000000000000000000000000000000000000000001111111111 1
2 0 599804 599997 2 12 4 14 11 15 2222222222000000000000000000000000000000000000000000000000000000000000000000000000000000000000000000000010000001111011111 1
1 0 599803 599997 16 12 12 8 -1 -1 2222022222000000020000000000000000000000000000000000000000000000000000000000000000000000000003000000000010000001111011111 1
2 0 599803 599996 3 13 5 15 -1 -1 2222022222000000020000000000000000000000000000000000000000000000000000000000000000000000000003000000001010000001111011110 1
1 0 599803 599996 13 13 11 11 -1 -1 2222022202000000020000000000002000000000000000000000000000000000000000000000000000000000000003000000001010000001111011110 1
2 0 599803 599995 2 14 6 14 9 11 2222022202000000020000000000002000000000000000000000000000000000000000000000000000000000000103000000001010000001101011110 1
1 0 599803 599995 14 12 10 12 -1 -1 2222002202000000020000000000002000000000020000000000000000000000000003000000000000000000000103000000001010000001101011110 1
2 0 599803 599994 3 15 7 15 -1 -1 2222002202000000020000000000002000000000020000000000000000000000000003000000000010000000000103000000001010000001101001110 1
1 0 599547 599994 14 14 8 12 -1 -1 2222002200000000020000000000002000000000020000000000200000000000000003000000000010000000000103000000001010000001101001110 1
2 0 599547 599993 4 14 8 10 -1 -1 2222002200000000020000000000002000000000020000000000200000001000000003000000000010000000000103000000001010000001101000110 1
1 0 596039 599993 11 11 7 11 -1 -1 2222002200000000000000000000002000000000020000000000200000021000000003000000000010000000000103000000001010000001101000110 1
2 0 596039 599992 6 14 8 16 -1 -1 2222002200000000000000000000002000000000020000000010200000021000000003000000000010000000000003000000001010000001101000110 1
1 0 591775 599992 12 8 10 14 -1 -1 2222002200000000000000000000002000000000000000000010200000021020000003000000000010000000000003000000001010000001101000110 1
2 0 591775 599991 7 15 9 17 -1 -1 2222002200000000000000000000002000000000000000000010200000021020000003000000000011000000000003000000000010000001101000110 1
1 0 584609 599991 15 13 14 12 -1 -1 2222002200000000000000000000002000000000000000000010000000021020000003002000000011000000000003000000000010000001101000110 1
2 0 584609 599990 8 10 12 14 -1 -1 2222002200000000000000000000002000000000000000000010000000021020000003002000000011000000000003000000000010000001101010100 1
1 0 578070 599990 13 15 7 17 -1 -1 2222002200000000000000000000002000000000000000000010000000001020000003002000000011000000000003000000000012000001101010100 1
2 0 578070 599989 8 16 10 18 -1 -1 2222002200000000000000000000002000000000000000000010010000001020000003002000000011000000000003000000000012000001100010100 1
1 0 570891 599989 10 12 4 14 -1 -1 2222002200000000000000000000002000000000000000000010010000001000000003002000000011020000000003000000000012000001100010100 1
2 0 570891 599988 2 10 6 14 -1 -1 2222002200000000010000000000002000000000000000000010010000001000000003002000000001020000000003000000000012000001100010100 1
1 0 558678 599988 15 11 11 11 -1 -1 2220002200000000010000000000002000000000020000000010010000001000000003002000000001020000000003000000000012000001100010100 1
2 0 558678 599987 0 12 4 12 -1 -1 2220002200000000010000000000002000000000020000000010010000001000000003002000000001020000000103000000000012000001100010000 1
1 0 537963 599987 14 12 6 16 -1 -1 0220002200000000210000000000002000000000020000000010010000001000000003002000000001020000000103000000000012000001100010000 1
2 0 537963 599985 3 11 7 15 -1 -1 0220002200000000210000000000002000000000021000000010010000001000000003002000000001020000000103000000000012000001100000000 1
1 0 528655 599985 13 9 12 10 -1 -1 0220002000000000210000000000002000000000021000000010210000001000000003002000000001020000000103000000000012000001100000000 1
2 0 528655 599984 6 14 8 16 -1 -1 0220002000000000210000000000002000000000021000000010210000001000000003002000000001020000000103000000000112000000100000000 1
1 0 517683 599984 12 10 6 12 -1 -1 0220002000000000210000000000002000000000001000000010210000001020000003002000000001020000000103000000000112000000100000000 1
2 0 517683 599983 12 14 14 12 -1 -1 0220002000000000210000000000002000000000101000000010210000001020000003002000000001020000000103000000000012000000100000000 1
1 0 507012 599983 4 14 3 15 -1 -1 0220002000000000210000000000002000000000101000000010210000001020000003002000000001020000000103000000000010000000100020000 1
2 0 507012 599982 14 12 15 13 -1 -1 0220002001000000200000000000002000000000101000000010210000001020000003002000000001020000000103000000000010000000100020000 1
1 0 489102 599982 8 12 2 10 -1 -1 0220002001000000200000000000002000000000101000000010210000001020000003002000000001020000000103000000000010000000100000020 1
2 0 489102 599981 8 16 10 10 -1 -1 0221002001000000200000000000002000000000101000000010210000000020000003002000000001020000000103000000000010000000100000020 1
1 0 472682 599981 13 11 9 15 -1 -1 0221002001000000200000000000002000000000101000000010210000000000000003002000000201020000000103000000000010000000100000020 1
2 0 472682 599980 15 13 16 12 -1 -1 0221002001000000200000000000002000000000101000000010210000000000000003012000000201020000000103000000000010000000000000020 1
1 0 455007 599980 10 14 0 12 -1 -1 0221002001000000200000000000002000000000101000000010210000000000000003012000000201020000000103000000000010000000000000002 1
2 0 455007 599979 10 10 12 16 -1 -1 1221002001000000200000000000002000000000101000000010210000000000000003012000000200020000000103000000000010000000000000002 1
1 0 440101 599979 12 12 2 14 -1 -1 1221002001000000200000000000002000000000101000000010210000000000000003012000000000020000000103000000000010200000000000002 1
2 0 440101 599978 10 18 12 12 -1 -1 1221012001000000200000000000002000000000101000000010210000000000000003012000000000020000000103000000000000200000000000002 1
1 0 429905 599978 7 17 3 13 -1 -1 1221012001000000200000000000002000000000101000000010210000000000000003012000000000000000000103000000000020200000000000002 1
2 0 429905 599977 5 15 7 9 -1 -1 1221012011000000200000000000002000000000101000000010200000000000000003012000000000000000000103000000000020200000000000002 1
1 0 425185 599977 7 11 3 11 -1 -1 1221012011000000200000000000000000000000101000000210200000000000000003012000000000000000000103000000000020200000000000002 1
2 0 425185 599976 12 16 13 15 -1 -1 1221012111000000200000000000000000000000101000000200200000000000000003012000000000000000000103000000000020200000000000002 1
1 0 422510 599976 6 16 5 15 -1 -1 1221012111000000200000000000000000000000101000000200200000000000000003012000000000000000000103000000000020000000002000002 1
2 0 422510 599975 13 15 14 14 -1 -1 1221012111000000200000000000001000000000100000000200200000000000000003012000000000000000000103000000000020000000002000002 1
1 0 420167 599975 5 15 4 14 -1 -1 1221012111000000200000000000001000000000100000000200200000000000000003012000000000000000000103000000000020000000000002002 1
2 0 420167 599974 14 14 15 13 -1 -1 1221012111000000210000000000000000000000100000000200200000000000000003012000000000000000000103000000000020000000000002002 1
1 0 418530 599974 4 14 2 12 -1 -1 1221012111000000210000000000000000000000100000000200200000000000000003012000000000000000000103000000000020000000000000022 1
