1322293975000
brogrammers
kingfish
1 0 599903 600000 14 10 12 8 -1 -1 2222222222000000000000000000000000000000000000000000000000000000000000000000000000000000000000000000000000000001111111111 2
2 0 599903 599905 2 14 4 12 -1 -1 2222222222000000000000000000000000000000000000000000000000000000000000000000000000000000000000000000001000000001111011111 2
1 0 599902 599905 16 12 12 12 -1 -1 2222202222000000200000000000000000000000000000000000000000000000000000000000000000000000000000000000001000000001111011111 2
2 0 599902 599904 0 12 4 16 -1 -1 2222202222000000200000000000000000000000000000000000000000000000000000000000000000000000000000000000001010000001111011110 2
1 0 599902 599904 14 12 12 14 8 10 0222202222000000202000000000000000000000000000000000000000000000000000000000000000000000000000000000001010000001111011110 2
2 0 599902 599903 3 11 5 13 -1 -1 0222202222000000202000000000000000000000000000000000000000030000000000000000000000000000000000000000001011000001111001110 2
1 0 599902 599903 14 14 12 16 -1 -1 0222202022000000202000000000020000000000000000000000000000030000000000000000000000000000000000000000001011000001111001110 2
2 0 599902 599902 2 12 6 12 -1 -1 0222202022000000202000000000020000000000000000000000000000030000000000000000000000000000000000000000001011100001111000110 2
1 0 599902 599902 13 13 11 15 -1 -1 0222002022000000202000000000020000000000200000000000000000030000000000000000000000000000000000000000001011100001111000110 2
2 0 599902 599901 3 13 7 13 -1 -1 0222002022000000202000000000020000000000200000000000000000030000000000000000000000000000000001000000001011100001101000110 2
1 0 599902 599901 13 15 11 17 -1 -1 0222002002000000202000000000020000000000200000000002000000030000000000000000000000000000000001000000001011100001101000110 2
2 0 599902 599714 4 12 8 12 -1 -1 0222002002000000202000000000020000000000200000000002000000030000000000000000000000000000000001100000001011100001100000110 2
1 0 599901 599714 13 9 11 11 -1 -1 0222002002000000002000000000020000000000200000000002000000032000000000000000000000000000000001100000001011100001100000110 2
2 0 599901 599713 5 13 9 13 -1 -1 0222002002000000002000000000020000000000200000000002000000032000000000000000000000000000000101100000001011100000100000110 2
1 0 599900 599713 12 14 8 14 7 9 0222002002000000002000000000000000000000200000000002000000032000000000200000000000000000000101100000001011100000100000110 2
2 0 599900 594132 3 9 4 10 -1 -1 0222002002000000002000000000000000000000200000000302000000032100000000200000000000000000000101100000001010100000100000110 2
1 0 599899 594132 13 11 11 13 -1 -1 0222000002000002002000000000000000000000200000000302000000032100000000200000000000000000000101100000001010100000100000110 2
2 0 599899 589447 7 13 9 11 -1 -1 0222000002000002002000000000000000000000200000000302000000032100000000200000000000000000000111100000001010100000000000110 2
1 0 599898 589447 12 16 10 18 -1 -1 0222000002000002002000000000000000000000200000000300000000032100000002200000000000000000000111100000001010100000000000110 2
2 0 599898 585820 1 11 9 15 -1 -1 0222000002000002002000000000000000000000200000000300000000032100000002200000000000010000000111100000001010000000000000110 2
1 0 599897 585820 12 12 8 16 -1 -1 0022000002000002002000000000000000000000200000000300000000032100000002220000000000010000000111100000001010000000000000110 2
2 0 599897 581930 4 16 4 14 -1 -1 0022000002000002002000000000000000000000200000000300000000032110000002220000000000010000000111100000001000000000000000110 2
1 0 599896 581930 11 15 7 15 -1 -1 0022000002000002020000000000000000000000200000000300000000032110000002220000000000010000000111100000001000000000000000110 2
2 0 599896 576816 3 15 9 9 -1 -1 0022000002000002020000000000000000000000200000000300100000032110000002220000000000010000000110100000001000000000000000110 2
1 0 599895 576816 11 17 9 19 -1 -1 0022000000000002020000000000000000000000200000000300100000032110000022220000000000010000000110100000001000000000000000110 2
2 0 599895 571411 9 9 10 8 -1 -1 0022000000000002020000000000000000000000200000000300100000032110000022220100000000010000000110000000001000000000000000110 2
1 0 599894 571411 11 13 9 7 -1 -1 0022000000000002020000000000000000000000200000000300100000032110000002220100002000010000000110000000001000000000000000110 2
2 0 599894 563859 4 14 5 13 -1 -1 0022000000000002020000000000000000000000200000000300100000032110000102220100002000010000000100000000001000000000000000110 2
1 0 599893 563859 8 16 4 8 -1 -1 0022000000000002000000000000020000000000200000000300100000032110000102220100002000010000000100000000001000000000000000110 2
2 0 599893 550926 5 13 13 9 -1 -1 0022000000000012000000000000020000000000200000000300100000032100000102220100002000010000000100000000001000000000000000110 2
1 0 599892 550926 10 18 8 20 -1 -1 0022000000000012000000000000000000000000200000000300100000032100000102220100002000010000000100000000001000000002000000110 2
2 0 599892 540890 8 12 12 12 -1 -1 0022000000000012000000000000000000000000200000000300100000032100100102220100002000000000000100000000001000000002000000110 2
1 0 599891 540890 8 14 6 16 -1 -1 0022000000000012000000000000000000000000200000000300100000030100100102220100002000000000000100000000001020000002000000110 2
2 0 599891 531731 2 10 3 9 -1 -1 0022000000000012000000000000000000000000201000000300100000030000100102220100002000000000000100000000001020000002000000110 2
1 0 599890 531731 7 15 5 17 -1 -1 0020002000000012000000000000000000000000201000000300100000030000100102220100002000000000000100000000001020000002000000110 2
2 0 599890 524838 3 9 7 13 -1 -1 0020002000000012000000000000000100000000201000000300000000030000100102220100002000000000000100000000001020000002000000110 2
1 0 599889 524838 15 11 14 12 -1 -1 0020000000000012000000000000000100000000201000000302000000030000100102220100002000000000000100000000001020000002000000110 2
2 0 599889 513845 6 12 12 10 -1 -1 0020000000000012000000000000000100000000201000000302000000030000100102220100002000000000000100000000001020000002000010010 2
1 0 599888 513845 15 13 11 9 -1 -1 0020000000000012000000000000000100000000001000000302000000030000100102220100002000000000000100000000001220000002000010010 2
2 0 599888 504666 10 8 10 10 -1 -1 0020000000000012000000000000000100000000001000000302000000030000100102220100002000000000001100000000001220000002000010000 2
1 0 599887 504666 11 11 7 7 -1 -1 0020000000000012000000000000000100000000001000000302000000030000100102220100000200000000001100000000001220000002000010000 2
2 0 599887 492156 9 13 15 11 -1 -1 0020000000000012000000000000000100000000001000001302000000030000100102220100000200000000001000000000001220000002000010000 2
1 0 599886 492156 14 12 13 13 -1 -1 0020000000000012000000000000000100000000001000001302000000030000100102020100000200000000001000000000001220000002000010200 2
2 0 599886 482550 12 12 13 11 -1 -1 0020000000000012000000000000000100000000001000001302000000030000100102020100000200000000001000000000001220000002010000200 2
1 0 599885 482550 13 13 12 14 -1 -1 0020000000000012000000000000000100000000001000001302000000030000100102020100000200000000001000000000001200000002210000200 2
2 0 599885 472654 9 15 10 14 -1 -1 0020000000000012000000000000000100000000001000001302000000030000100102020100000200000000001000000000001201000002200000200 2
1 0 599884 472654 12 14 11 15 -1 -1 0020000000000012000000000000000100000000001000001302000000030000100102000100000202000000001000000000001201000002200000200 2
2 0 599884 462257 10 14 12 16 -1 -1 0020000000000012000000000000000100000000001000001302000000030000100102000100000202000000001001000000001200000002200000200 2
1 0 599883 462257 12 8 11 7 -1 -1 0020000000000012000000000000000100000000001000001302000000030000100102000100000200000000001001000000001200200002200000200 2
2 0 599883 456800 10 10 16 12 -1 -1 0020000000000012000000000000000100000000001000001302000000030000100102000100000200000000011001000000000200200002200000200 2
1 0 599882 456800 11 15 10 14 -1 -1 0020000000000012000000000000000100000000001000001302000000030000100102000100000000000000011001000000000200200002200000202 2
2 0 599882 449567 7 13 8 12 -1 -1 0020000000000012000000000000000100000000001000001302000000030000100102000100000001000000011000000000000200200002200000202 2
1 0 599882 449567 11 9 10 8 -1 -1 0020000000000012000000000000000100000000001000001300000000032000100102000100000001000000011000000000000200200002200000202 2
2 0 599882 445925 8 12 14 10 -1 -1 0020000000000012000000000000000100000000001000001300000000032000100102000100001001000000010000000000000200200002200000202 2
1 0 599881 445925 11 7 7 11 -1 -1 0020000000000012000000000000000100000000001000001300000000030000100102000100001001000000010000000000000200200002200200202 2
2 0 599881 444467 4 10 5 11 -1 -1 0020000000000012000000000000000100000000001000001310000000030000100102000100001001000000000000000000000200200002200200202 2
1 0 599880 444467 10 8 6 8 -1 -1 0020000000000010000000000000200100000000001000001310000000030000100102000100001001000000000000000000000200200002200200202 2
2 0 599880 441940 12 10 14 12 -1 -1 0020000000000010000000000000200100000010001000001310000000030000100102000100000001000000000000000000000200200002200200202 2
1 0 599880 441940 7 7 5 13 -1 -1 0020000000000010000000000000200100000010001000001310000000030000100102000100000001000000000000000000000000200002200220202 2
2 0 599880 440018 5 11 6 10 -1 -1 0020000000000010000000000000210100000010001000000310000000030000100102000100000001000000000000000000000000200002200220202 2
1 0 599879 440018 7 11 5 9 -1 -1 0020000000000010000000000000010100000012001000000310000000030000100102000100000001000000000000000000000000200002200220202 2
2 0 599879 435700 6 10 7 11 -1 -1 0020000000000010000000000001010100000012001000000300000000030000100102000100000001000000000000000000000000200002200220202 2
1 0 599878 435700 6 8 4 10 -1 -1 0020000000000010000000000001010100000010001000000320000000030000100102000100000001000000000000000000000000200002200220202 2
2 0 599878 433261 1 13 2 12 -1 -1 0020000000000011000000000001010100000000001000000320000000030000100102000100000001000000000000000000000000200002200220202 2
1 0 599877 433261 5 9 1 13 -1 -1 0000200000000011000000000001010100000000001000000320000000030000100102000100000001000000000000000000000000200002200220202 2
2 0 599877 429481 9 11 10 10 -1 -1 0010200000000011000000000000010100000000001000000320000000030000100102000100000001000000000000000000000000200002200220202 2
1 0 599877 429481 10 14 9 13 -1 -1 0010200000000011000000000000010100000000001000000320000000030000100100000100000201000000000000000000000000200002200220202 2
2 0 599877 426855 7 11 11 11 -1 -1 0010200000000011000000000000010100000000001000000320000000030000100100100100000200000000000000000000000000200002200220202 2
1 0 599877 426855 9 7 8 8 -1 -1 0010200000000011000000000000010100000000001000000300000000030000100100100100000200000000000200000000000000200002200220202 2
2 0 599877 423351 12 16 13 15 -1 -1 0010200000000011000000000000010100000000001000000300000000130000100000100100000200000000000200000000000000200002200220202 2
1 0 599876 423351 8 8 6 10 -1 -1 0010200000000011000000000000010100000000001000000300000000130000100000100100000200000000000200000000000000000002202220202 2
2 0 599876 421663 2 12 3 11 -1 -1 0010200000000011000000000000010100000001001000000300000000030000100000100100000200000000000200000000000000000002202220202 2
1 0 599875 421663 4 10 2 12 -1 -1 0010000200000011000000000000010100000001001000000300000000030000100000100100000200000000000200000000000000000002202220202 2
2 0 599875 419442 10 10 12 12 -1 -1 0010100200000010000000000000010100000001001000000300000000030000100000100100000200000000000200000000000000000002202220202 2
1 0 599874 419442 9 13 8 12 -1 -1 0010100200000010000000000000010100000001001000000300000000030000100000100100000000000000000200000000000020000002202220202 2
2 0 599874 418001 11 11 13 13 -1 -1 0010100200000010000000000000010100000001001000000300000000031000100000000100000000000000000200000000000020000002202220202 2
1 0 599873 418001 9 19 7 21 -1 -1 0010100200000010000000000000010100000001001000000300000000031000100000000100000000000000000000000000000020000002222220202 2
2 0 599873 416888 3 11 4 10 -1 -1 0010100200000010000000000000010100000001001000000300000100031000100000000000000000000000000000000000000020000002222220202 2
1 0 599872 416888 8 12 7 11 -1 -1 0010100000000012000000000000010100000001001000000300000100031000100000000000000000000000000000000000000020000002222220202 2
2 0 599872 416168 4 10 5 11 -1 -1 0010100000000012000000000000010100000001001000000310000100030000100000000000000000000000000000000000000020000002222220202 2
1 0 599871 416168 7 11 5 9 -1 -1 0010100000000010000000000000210100000001001000000310000100030000100000000000000000000000000000000000000020000002222220202 2
2 0 599871 415017 12 12 14 14 -1 -1 0010100000000010000000000001210100000001001000000300000100030000100000000000000000000000000000000000000020000002222220202 2
1 0 599870 415017 6 10 4 12 -1 -1 0010100000000010000000000001210100000001001000000300000100030000100000000000000000000000000000000000000000000002222222202 2
2 0 599870 414256 5 11 7 17 -1 -1 0010100000000010100000000001210100000000001000000300000100030000100000000000000000000000000000000000000000000002222222202 2
1 0 599870 414256 5 13 3 11 -1 -1 0010100000000010100000000001010100000000001000000300020100030000100000000000000000000000000000000000000000000002222222202 2
2 0 599870 413791 7 17 8 16 -1 -1 0010100100000010100000000001000100000000001000000300020100030000100000000000000000000000000000000000000000000002222222202 2
1 0 599869 413791 4 12 0 12 -1 -1 0010100100000010100000000001000100000000001000000300000100030020100000000000000000000000000000000000000000000002222222202 2
2 0 599869 413191 8 16 9 17 -1 -1 1010100100000010000000000001000100000000001000000300000100030020100000000000000000000000000000000000000000000002222222202 2
1 0 599869 413191 8 20 7 19 -1 -1 1010100100000010000000000001000100000000001000000300000100030000100000002000000000000000000000000000000000000002222222202 2
2 0 599869 412654 9 17 10 16 -1 -1 1010100100000010000000000001000100000000001000000300001100030000000000002000000000000000000000000000000000000002222222202 2
1 0 599869 412654 7 21 5 15 -1 -1 1010100100000010000000000001000100000000001000000300001100030000000000000000000000200000000000000000000000000002222222202 2
2 0 599869 412281 10 16 11 15 -1 -1 1010100100000010000000000001001100000000001000000300001000030000000000000000000000200000000000000000000000000002222222202 2
1 0 599868 412281 6 16 4 14 -1 -1 1010100100000010000000000001001100000000001000000300001000030000000000000000000000000000000002000000000000000002222222202 2
2 0 599868 411776 11 15 12 14 -1 -1 1010100100000010010000000001001100000000000000000300001000030000000000000000000000000000000002000000000000000002222222202 2
1 0 599867 411776 5 15 1 11 -1 -1 1010100100000010010000000001001100000000000000000300001000030000000000000000000000000000000000000000000002000002222222202 2
2 0 599867 411398 12 14 12 12 -1 -1 1110100100000010010000000001000100000000000000000300001000030000000000000000000000000000000000000000000002000002222222202 2
1 0 599866 411398 7 19 6 18 -1 -1 1110100100000010010000000001000100000000000000000300001000030000000000000000000000000000000000000000000020000002222222202 2
2 0 599866 411039 13 15 15 13 -1 -1 1110100100000010010000000001000100000000000100000300000000030000000000000000000000000000000000000000000020000002222222202 2
1 0 599865 411039 6 18 2 10 -1 -1 1110100100000010010000000001000100000000000100000300000000030000000000000000000000000000000000000000000020000002220222222 2
2 0 599865 410809 14 14 13 15 -1 -1 1111100100000010010000000001000100000000000000000300000000030000000000000000000000000000000000000000000020000002220222222 2
1 0 599864 410809 5 9 4 10 -1 -1 1111100100000010010000000001000100000000000000000300000000030000000000000000000000000000000000000000000020000002222220222 2
2 0 599864 410555 12 12 14 14 -1 -1 1111100100000011010000000000000100000000000000000300000000030000000000000000000000000000000000000000000020000002222220222 2
