1322294611000
kingfish
eigenbot
1 0 599809 600000 14 10 12 12 -1 -1 2222222222000000000000000000000000000000000000000000000000000000000000000000000000000000000000000000000000000001111111111 2
2 0 599809 591943 3 13 4 14 -1 -1 2222222222000000000000000000000000000000000000000000000000000000000000000000000000000000000000000000000010000001111011111 2
1 0 599807 591943 16 12 12 8 -1 -1 2222222202000000020000000000000000000000000000000000000000000000000000000000000000000000000000000000000010000001111011111 2
2 0 599807 584234 1 11 5 15 -1 -1 2222222202000000020000000000000000000000000000000000000000000000000000000000000000000000000000000000001010000001111011110 2
1 0 599806 584234 13 13 11 11 -1 -1 2022222202000000020000000000002000000000000000000000000000000000000000000000000000000000000000000000001010000001111011110 2
2 0 599806 576524 2 14 6 14 -1 -1 2022222202000000020000000000002000000000000000000000000000000000000000000000000000000000000100000000001010000001101011110 2
1 0 599805 576524 14 12 10 12 -1 -1 2022202202000000020000000000002000000000020000000000000000000000000000000000000000000000000100000000001010000001101011110 2
2 0 599805 568862 6 14 7 13 -1 -1 2022202202000000020000000000002000000000020000000000000000000000000000000000000010000000000100000000001010000001101001110 2
1 0 599804 568862 13 11 9 11 -1 -1 2022202202000000020000000000002000000000000000000002000000000000000000000000000010000000000100000000001010000001101001110 2
2 0 599804 561234 0 12 10 10 -1 -1 2022202202000000020000000000002000000000000000000002000000000000000001000000000010000000000100000000001010000001001001110 2
1 0 596433 561234 11 11 9 13 -1 -1 0022202202000000020000000000002000000000000000000002000000000000000001000000000210000000000100000000001010000001001001110 2
2 0 596433 553554 4 14 5 13 -1 -1 0022202202000000020000000000002000000000000000000002000000000000000001100000000210000000000000000000001010000001001001110 2
1 0 592032 553554 10 12 4 14 -1 -1 0022202202000000000000000000022000000000000000000002000000000000000001100000000210000000000000000000001010000001001001110 2
2 0 592032 546116 3 15 4 16 -1 -1 0022202202000000010000000000022000000000000000000002000000000000000001100000000200000000000000000000001010000001001001110 2
1 0 589793 546116 4 14 3 13 -1 -1 0022202200000000012000000000022000000000000000000002000000000000000001100000000200000000000000000000001010000001001001110 2
2 0 589793 538976 4 16 10 14 -1 -1 0022202210000000002000000000022000000000000000000002000000000000000001100000000200000000000000000000001010000001001001110 2
1 0 585942 538976 15 13 14 12 -1 -1 0022202210000000000000000000022000000000000000000002000000000000000001100000000202000000000000000000001010000001001001110 2
2 0 585942 531892 2 10 8 12 -1 -1 0022202210000000000000000000022000000000000000000002000000000000000001100000000202000000000000000000001010000001001011100 2
1 0 581473 531892 15 11 9 9 -1 -1 0020202210000000000000000000022000000000000000000002000000002000000001100000000202000000000000000000001010000001001011100 2
2 0 581473 524998 3 11 4 10 -1 -1 0020202210000000000000000000022000000000000000000002000000002000000011100000000202000000000000000000001010000001001011000 2
1 0 578108 524998 13 15 9 15 -1 -1 0020202010000002000000000000022000000000000000000002000000002000000011100000000202000000000000000000001010000001001011000 2
2 0 578108 518258 2 12 10 8 -1 -1 0020202010000002000000000000022000000000000000000002000000002000000011110000000202000000000000000000001010000001000011000 2
1 0 572275 518258 9 9 8 10 -1 -1 0020002010000002000000000000022000000000000000000002000000002000000011110000002202000000000000000000001010000001000011000 2
2 0 572275 511672 10 8 9 9 -1 -1 0020002010000002000000000000022000000000000000000002000000012000000001110000002202000000000000000000001010000001000011000 2
1 0 567200 511672 8 10 2 12 -1 -1 0020002010000002000000000000022000000000000000000002000000012000000021110000000202000000000000000000001010000001000011000 2
2 0 567200 505429 9 9 15 11 -1 -1 0020102010000002000000000000022000000000000000000002000000002000000021110000000202000000000000000000001010000001000011000 2
1 0 560633 505429 9 13 7 11 -1 -1 0020102010000002000000000000022000000000000000000002000000002000000001110000000202000000000000000000001010000001000011200 2
2 0 560633 499346 1 13 3 15 -1 -1 0020102010000002000000000000022000000000000000000012000000002000000001010000000202000000000000000000001010000001000011200 2
1 0 555381 499346 13 9 11 7 -1 -1 0000102012000002000000000000022000000000000000000012000000002000000001010000000202000000000000000000001010000001000011200 2
2 0 555381 493477 3 15 4 14 -1 -1 0000102012000002000000000000022000000000000000000012000000002000000001010000000202000000010000000000001010000000000011200 2
1 0 546956 493477 12 8 10 6 -1 -1 0000102010000002020000000000022000000000000000000012000000002000000001010000000202000000010000000000001010000000000011200 2
2 0 546956 487701 4 14 10 16 -1 -1 0000102010000002020000000000022000000000000000000012000000002000000001010000010202000000010000000000000010000000000011200 2
1 0 536435 487701 11 7 10 8 -1 -1 0000102010000002000000000000022000000000000000000012000000002000000001010000010202200000010000000000000010000000000011200 2
2 0 536435 482164 3 9 5 11 -1 -1 0000102010000002000000000000022000000000000000000012000000002000000001010000011202200000000000000000000010000000000011200 2
1 0 530102 482164 10 8 4 14 -1 -1 0000100010000002000000000000222000000000000000000012000000002000000001010000011202200000000000000000000010000000000011200 2
2 0 530102 476994 4 10 10 12 -1 -1 0000100010000002010000000000222000000000000000000012000000002000000001010000010202200000000000000000000010000000000011200 2
1 0 522040 476994 14 14 13 13 -1 -1 0000100010000000010000000000222000000000000000000012000000002000000001010000010222200000000000000000000010000000000011200 2
2 0 522040 472040 5 15 6 14 -1 -1 0000100010000000010000000000222000000000000000000012000000002000000001010000010222200000000000000000000010000000010010200 2
1 0 515321 472040 13 13 9 13 -1 -1 0000100010000000010000000000220000000000020000000012000000002000000001010000010222200000000000000000000010000000010010200 2
2 0 515321 467247 5 13 7 15 -1 -1 0000100010000000010000000000220000000000020000000012000000002000000001110000010222200000000000000000000010000000000010200 2
1 0 507554 467247 7 11 6 10 -1 -1 0000100010000000010000000000200000000000020000000012200000002000000001110000010222200000000000000000000010000000000010200 2
2 0 507554 462799 5 11 5 13 -1 -1 0000100010000000010000000000200000000001020000000002200000002000000001110000010222200000000000000000000010000000000010200 2
1 0 497532 462799 14 12 13 13 -1 -1 0000100010000000010000000000020000000001020000000002200000002000000001110000010222200000000000000000000010000000000010200 2
2 0 497532 458249 10 10 11 11 -1 -1 0000100010000000010000000000020000000001020000000002200000002000000001110000010222200000000000000000000010000000010000200 2
1 0 490126 458249 12 12 10 10 -1 -1 0000100010000000010000000000020000000001020000000002200000002000000001110000010022200000000200000000000010000000010000200 2
2 0 490126 453782 11 11 12 10 -1 -1 0000100010000000010000000000020000000001020000000002200000002000000001110000010122200000000200000000000000000000010000200 2
1 0 481323 453782 4 14 3 15 -1 -1 0000100010000000010000000000020000000001020000000002200000002000000001110000010122200000000000000000000200000000010000200 2
2 0 481323 449471 10 16 11 15 -1 -1 0000100011000000000000000000020000000001020000000002200000002000000001110000010122200000000000000000000200000000010000200 2
1 0 475456 449471 9 15 8 14 -1 -1 0000100011000000000000000000020000000001020000000002200000002000000001110000010122000000000002000000000200000000010000200 2
2 0 475456 445388 7 15 8 16 -1 -1 0000100011000000000000000000020000000001020000000002200000002100000001100000010122000000000002000000000200000000010000200 2
1 0 470178 445388 8 14 4 14 -1 -1 0000100011000000000000000000020000000001020000000002000000002120000001100000010122000000000002000000000200000000010000200 2
2 0 470178 441249 7 13 8 14 -1 -1 0000100011000000010000000000020000000001020000000002000000002020000001100000010122000000000002000000000200000000010000200 2
1 0 463902 441249 9 11 5 11 -1 -1 0000100011000000010000000000020000000001020000000000000000002220000001100000010122000000000002000000000200000000010000200 2
2 0 463902 437276 10 14 9 15 -1 -1 0000100011000000010000000000120000000001020000000000000000002220000000100000010122000000000002000000000200000000010000200 2
1 0 453198 437276 13 13 13 11 -1 -1 0000100011000000010000000000120000000001020000000000000000002220000000120000010120000000000002000000000200000000010000200 2
2 0 453198 433267 12 10 14 12 -1 -1 0000100011000000010000000000120000000001020000000000000000002220000000120000010120000000000002000000000200000000100000200 2
1 0 446259 433267 4 14 4 10 -1 -1 0000100011000000010000000000120000000001020000000000000000002220000000120000010120000000000002000000000000000000100020200 2
2 0 446259 429335 8 16 12 16 -1 -1 0000100011000001000000000000120000000001020000000000000000002220000000120000010120000000000002000000000000000000100020200 2
1 0 435634 429335 9 13 3 11 -1 -1 0000100011000001000000000000120000000001020000000000000000002200000000120000010120000000000002000000000000200000100020200 2
2 0 435634 425727 5 13 11 11 -1 -1 0000100111000001000000000000120000000001020000000000000000002200000000020000010120000000000002000000000000200000100020200 2
1 0 426920 425727 6 10 2 10 -1 -1 0000100111000001000000000000100000000001020000000000000000002200000000020000010120000000000202000000000000200000100020200 2
2 0 426920 422388 6 14 7 13 -1 -1 0001100111000001000000000000100000000000020000000000000000002200000000020000010120000000000202000000000000200000100020200 2
1 0 422159 422388 5 11 1 11 -1 -1 0001100111000001000000000000100000000000000000000002000000002200000000020000010120000000000202000000000000200000100020200 2
2 0 422159 419414 7 13 13 15 -1 -1 0101100111000001000000000000000000000000000000000002000000002200000000020000010120000000000202000000000000200000100020200 2
1 0 418281 419414 4 10 3 9 -1 -1 0101100111000001000000000000000000000000000000000000000000002200000000020000010120000000000202000000000000200000102020200 2
2 0 418281 416706 8 14 12 14 -1 -1 0101101111000000000000000000000000000000000000000000000000002200000000020000010120000000000202000000000000200000102020200 2
1 0 413873 416706 13 11 12 10 -1 -1 0101101111000000000000000000000000000000000000000000000000002000000000020000010120000000000202000000000002200000102020200 2
2 0 413873 414216 12 16 16 12 -1 -1 0101101111000000000000000000000000000000000000000000000000002000000000020000010120000000000202000000000102200000002020200 2
1 0 408458 414216 12 10 11 9 -1 -1 0101101111000000000000000000000000000000000000000000000000002000000000020000010120000000000202000000000102000000002020202 2
2 0 408458 411823 8 12 9 11 -1 -1 0101101111000000000000000000000000000000000000000000000000002000000000020000010120000000001202000000000002000000002020202 2
1 0 404603 411823 10 10 8 12 -1 -1 0101101111000000000000000000000000000000000000000000000000000000000002020000010120000000001202000000000002000000002020202 2
2 0 404603 409454 9 15 10 14 -1 -1 0101101111000000000000000000000000000000000000000000000000001000000002020000010020000000001202000000000002000000002020202 2
1 0 401336 409454 11 9 10 8 -1 -1 0101101111000000000000000000000000000000000000000000000000001000000002000000010022000000001202000000000002000000002020202 2
2 0 401336 407294 10 14 14 10 -1 -1 0101101111000000000000000000000000000000000000000000000000001000000002000000011022000000000202000000000002000000002020202 2
1 0 397773 407294 10 8 9 7 -1 -1 0101101111000000000000000000000000000000000000000000000000001000000002000000011020000000000202000000000002000000002220202 2
2 0 397773 405524 13 15 14 14 -1 -1 0101101111000000000000000000000000000000000000000000000000001000000102000000010020000000000202000000000002000000002220202 2
1 0 396224 405524 10 6 8 8 -1 -1 0101101111000000000000000000000000000000000000000000000000001000000102000000010020000000000202000000000002000000000222202 2
2 0 396224 404000 11 15 13 13 -1 -1 0101101111000000000000000000000000000000000000000000000000101000000102000000000020000000000202000000000002000000000222202 2
1 0 394705 404000 9 7 7 9 -1 -1 0101101111000000000000000000000000000000000000000000000000101000000102000000000020000000000200000000000002000000020222202 2
2 0 394705 402619 9 11 15 13 -1 -1 0101101111000000000000000000000000000000000000000100000000101000000002000000000020000000000200000000000002000000020222202 2
1 0 393357 402619 8 8 6 10 -1 -1 0101101111000000000000000000000000000000000000000100000000101000000000000000000020000000000200000000000002000000020222222 2
2 0 393357 401440 10 12 12 10 -1 -1 0101101111000000000000000000000000000001000000000100000000001000000000000000000020000000000200000000000002000000020222222 2
1 0 392653 401440 7 9 5 11 -1 -1 0101101111000000000000000000000000000001000000000100000000001000000000000000000000000000000200000000000202000000020222222 2
2 0 392653 400466 11 11 13 9 -1 -1 0101101111000000000000000000100000000001000000000000000000001000000000000000000000000000000200000000000202000000020222222 2
1 0 392318 400466 6 10 2 14 -1 -1 0101101111000000000000000000100000000001000000000000000000001000000000000000000000000000000000000000000202000002020222222 2
2 0 392318 399704 12 14 13 15 -1 -1 0101111111000000000000000000100000000000000000000000000000001000000000000000000000000000000000000000000202000002020222222 2
1 0 392160 399704 5 11 4 12 -1 -1 0101111111000000000000000000100000000000000000000000000000001000000000000000000000000000000000000000000200000002022222222 2
2 0 392160 399472 12 10 13 11 -1 -1 0101111111000000100000000000000000000000000000000000000000001000000000000000000000000000000000000000000200000002022222222 2
