1322290531000
artificialwintelligence
kingfish
1 0 599717 600000 14 12 12 10 -1 -1 2222222222000000000000000000000000000000000000000000000000000000000000000000000000000000000000000000000000000001111111111 2
2 0 599717 599915 2 14 4 12 -1 -1 2222222222000000000000000000000000000000000000000000000000000000000000000000000000000000000000000000000100000001111101111 2
1 0 599499 599915 13 11 11 9 -1 -1 2222202222000000200000000000000000000000000000000000000000000000000000000000000000000000000000000000000100000001111101111 2
2 0 599499 599914 0 12 4 16 -1 -1 2222202222000000200000000000000000000000000000000000000000000000000000000000000000000000001000000000000100000001011101111 2
1 0 599113 599914 12 10 10 8 -1 -1 0222202222000000202000000000000000000000000000000000000000000000000000000000000000000000001000000000000100000001011101111 2
2 0 599113 599913 2 12 4 10 -1 -1 0222202222000000202000000000000000000000000000000000000000000000000000000000001000000000001000000000000000000001011101111 2
1 0 598882 599913 14 10 10 6 -1 -1 0222002222000002202000000000000000000000000000000000000000000000000000000000001000000000001000000000000000000001011101111 2
2 0 598882 599912 3 9 5 11 -1 -1 0222002222000002202000000000000000000000000000000000000000000000000000000000011000000000001000000000000000000001011001111 2
1 0 598194 599912 10 6 9 5 -1 -1 0222000222000002202000000000200000000000000000000000000000000000000000000000011000000000001000000000000000000001011001111 2
2 0 598194 599911 1 11 3 9 -1 -1 0222000222000002202000000000200000000000000000000000000000000000001000000000001000000000001000000000000000000001011001111 2
1 0 597600 599911 16 12 8 4 -1 -1 0022002222000002202000000000200000000000000000000000000000000000001000000000001000000000001000000000000000000001011001111 2
2 0 597600 599760 3 11 5 13 -1 -1 0022002222000002202000000000200000000000000000000000000010000000001000000000001000000000001000000000000000000001011001110 2
1 0 597198 599760 14 14 10 6 -1 -1 0022002022000002202000000000220000000000000000000000000010000000001000000000001000000000001000000000000000000001011001110 2
2 0 597198 599759 3 15 5 9 -1 -1 0022002022000002202000000000220000000000000000000000000010000000001000000000011000000000001000000000000000000001011000110 2
1 0 596351 599759 11 9 7 5 -1 -1 0022002020000002202000000002220000000000000000000000000010000000001000000000011000000000001000000000000000000001011000110 2
2 0 596351 599758 2 10 6 10 -1 -1 0022002020000002202000000002220000000000000000010000000010000000001000000000011000000000000000000000000000000001011000110 2
1 0 595354 599758 15 11 14 10 -1 -1 0020002020000002202000000002220000000002000000010000000010000000001000000000011000000000000000000000000000000001011000110 2
2 0 595354 599757 4 10 6 12 -1 -1 0020002020000002202000000002220000000002000000010000000010000000001000000000011000000000000000000000000000000001011100010 2
1 0 594570 599757 15 13 14 14 -1 -1 0020002020000000202000000002220000000002200000010000000010000000001000000000011000000000000000000000000000000001011100010 2
2 0 594570 599756 5 9 7 11 -1 -1 0020002020000000202000000002220000000002200000010000000010000000001000000000011000000000000000000000000000000001011101000 2
1 0 593542 599756 14 14 12 16 -1 -1 0020002020000000202000000000220000000002200000010020000010000000001000000000011000000000000000000000000000000001011101000 2
2 0 593542 599577 4 12 6 14 -1 -1 0020002020000000202000000000220000000002200000010020000010000000001000000000011000000000000000000000000000100001011100000 2
1 0 593029 599577 14 10 13 11 -1 -1 0020002020000000002000000000220000000002220000010020000010000000001000000000011000000000000000000000000000100001011100000 2
2 0 593029 599576 5 11 7 13 -1 -1 0020002020000000002000000000220000000002220000010020000010000000001000000000011000000000000000000000000000100001111000000 2
1 0 592136 599576 10 8 8 6 -1 -1 0020002020000000002000000000020000000002220000010022000010000000001000000000011000000000000000000000000000100001111000000 2
2 0 592136 599575 6 14 8 12 -1 -1 0020002020000000002000000000020000000002220000010022000011000000001000000000010000000000000000000000000000100001111000000 2
1 0 591256 599575 9 5 7 7 -1 -1 0020002020000000002000000000020000000002200000010022000011002000001000000000010000000000000000000000000000100001111000000 2
2 0 591256 599574 6 12 8 10 -1 -1 0020002020000000002000000000020000000002200000011022000011002000000000000000010000000000000000000000000000100001111000000 2
1 0 589617 599574 8 6 2 12 -1 -1 0020002020000000002000000000020000000002000000011022000011022000000000000000010000000000000000000000000000100001111000000 2
2 0 589617 593914 7 11 9 9 -1 -1 0020102020000000002000000000020000000002000000011022000010022000000000000000010000000000000000000000000000100001111000000 2
1 0 588207 593914 7 5 5 15 -1 -1 0020102020000000002000000000020000000002000000011002000010022000000020000000010000000000000000000000000000100001111000000 2
2 0 588207 587499 7 13 11 5 -1 -1 0020102020000000002000000000021000000002000000001002000010022000000020000000010000000000000000000000000000100001111000000 2
1 0 587203 587499 13 15 11 17 -1 -1 0020102020000000002000000000021000000002000000001000000010022000000020000000010000000000200000000000000000100001111000000 2
2 0 587203 582966 3 9 4 10 -1 -1 0020102020000000002000000000021000000002000000001000000010022000000020000000010000000000200000100000000000100001110000000 2
1 0 585392 582966 11 17 10 18 -1 -1 0020100020000002002000000000021000000002000000001000000010022000000020000000010000000000200000100000000000100001110000000 2
2 0 585392 579147 1 13 9 13 -1 -1 0020100020000002002000000000021000000002000000001000000010022000000020000000010000010000200000000000000000100001110000000 2
1 0 583043 579147 13 11 9 19 -1 -1 0000100020000002002000000000021000000002000000001000000010022000000020200000010000010000200000000000000000100001110000000 2
2 0 583043 573539 4 10 5 11 -1 -1 0000100020000002002000000000021000000002000000001000000010022000000020200100010000010000200000000000000000100001010000000 2
1 0 581925 573539 13 13 12 14 -1 -1 0000100020000000002000000000221000000002000000001000000010022000000020200100010000010000200000000000000000100001010000000 2
2 0 581925 563729 9 9 10 10 -1 -1 0000100020000000002000000000221000000002000000001000000010022000000020200100010000010000200000000000000001100001000000000 2
1 0 580771 563729 10 18 8 20 -1 -1 0000100020000000002000000000221000000002000000001000000010022000000000200100010200010000200000000000000001100001000000000 2
2 0 580771 559111 5 13 11 11 -1 -1 0000100020000000002000000000221000000002000000001000000010022000100000200100010200000000200000000000000001100001000000000 2
1 0 579491 559111 7 7 6 6 -1 -1 0000100020000000002000000000201000000002000000001000000010022000100000200100010200000000200200000000000001100001000000000 2
2 0 579491 553731 5 11 13 15 -1 -1 0000100020000000002000000000201000000102000000000000000010022000100000200100010200000000200200000000000001100001000000000 2
1 0 578784 553731 2 12 1 13 -1 -1 0000100020000000002000000000001000000102000000000000000010022000100000200100010200000000200200000000000001100001002000000 2
2 0 578784 549385 8 10 12 10 -1 -1 0010000020000000002000000000001000000102000000000000000010022000100000200100010200000000200200000000000001100001002000000 2
1 0 578050 549385 13 9 12 8 -1 -1 0010000020000000002000000000001000000102000000000000000010002000100000200100010200000000200200000000000201100001002000000 2
2 0 578050 544886 11 11 13 9 -1 -1 0010000020000000002000000000001000000102000000000000000010002000100000200100010200000000200200000000001201100000002000000 2
1 0 577291 544886 8 4 7 5 -1 -1 0010000020000000002000000000001000000102000000000000000010002000100000200100010200000000200000000000001201100002002000000 2
2 0 577291 541930 4 16 6 14 -1 -1 0010000020000000002000000000001000000102000000010000000000002000100000200100010200000000200000000000001201100002002000000 2
1 0 576142 541930 7 5 5 7 -1 -1 0010000020000000000000000000001000000102020000010000000000002000100000200100010200000000200000000000001201100002002000000 2
2 0 576142 538681 6 14 7 13 -1 -1 0010000020000000000000000010001000000102020000000000000000002000100000200100010200000000200000000000001201100002002000000 2
1 0 575252 538681 5 15 4 16 -1 -1 0010000020000000000000000010001000000102000000000002000000002000100000200100010200000000200000000000001201100002002000000 2
2 0 575252 535198 7 13 13 11 -1 -1 0010000020000000001000000010000000000102000000000002000000002000100000200100010200000000200000000000001201100002002000000 2
1 0 574256 535198 6 6 4 8 -1 -1 0010000020000000001000000010000000000102000000000000000000002000100000200100010200000000200000000000001201100002202000000 2
2 0 574256 531138 8 12 9 11 -1 -1 0010000020000010001000000010000000000002000000000000000000002000100000200100010200000000200000000000001201100002202000000 2
1 0 573536 531138 5 7 3 9 -1 -1 0010000020000010001000000010000000000002000000000000000000000000100002200100010200000000200000000000001201100002202000000 2
2 0 573536 528308 9 13 11 11 -1 -1 0010001020000010001000000000000000000002000000000000000000000000100002200100010200000000200000000000001201100002202000000 2
1 0 572585 528308 1 13 1 11 -1 -1 0010001020000010001000000000000000000002000000000000000000000000100002000100010200000000200200000000001201100002202000000 2
2 0 572585 525287 9 11 11 13 -1 -1 0100001020000010001000000000000000000002000000000000000000000000100002000100010200000000200200000000001201100002202000000 2
1 0 571966 525287 12 14 10 8 -1 -1 0100001020000010001000000000000000000002000000000000000000000000100000000100010200000000200220000000001201100002202000000 2
2 0 571966 522567 10 10 14 10 -1 -1 0100001020000010001000000000000000000002000000000000000000000000100000000100011200000000200220000000001200100002202000000 2
1 0 571230 522567 12 8 10 10 -1 -1 0100001020000010001000000000000000000002000000000000000000000000100000000100011000000000200220000000001200100002202200000 2
2 0 571230 520568 11 13 12 12 -1 -1 0100001020000010001000000000000000000002000000000000000000000000100000000100011100000000200220000000000200100002202200000 2
1 0 570528 520568 12 16 11 17 -1 -1 0100001020000010001000000000000000000002000000000000000000000000100000000100011100000000200200000000000220100002202200000 2
2 0 570528 518872 12 10 14 12 -1 -1 0100001020000010001000000000000000000002000000000000000000000000100000000100011100000000200200100000000220000002202200000 2
1 0 569869 518872 4 8 0 12 -1 -1 0100001020000010001000000000000000000002000000000000000000000000100000000100011100000000200200100000000020000002202220000 2
2 0 569869 517102 3 13 4 12 -1 -1 1100001020000000001000000000000000000002000000000000000000000000100000000100011100000000200200100000000020000002202220000 2
1 0 569290 517102 4 16 3 15 -1 -1 1100001000000000201000000000000000000002000000000000000000000000100000000100011100000000200200100000000020000002202220000 2
2 0 569290 515551 11 5 12 6 -1 -1 1100001001000000200000000000000000000002000000000000000000000000100000000100011100000000200200100000000020000002202220000 2
1 0 568621 515551 11 17 10 18 -1 -1 1100001001000000200000000000000000000002000000000000000000000000100000000100011100000000000200100000020020000002202220000 2
2 0 568621 513830 6 10 7 11 -1 -1 1100001001000000200000000000000000000002000000000000000000000000100000000100011100010000000200000000020020000002202220000 2
1 0 567867 513830 8 20 7 19 -1 -1 1100001001000000200000000000000000000000000000000020000000000000100000000100011100010000000200000000020020000002202220000 2
2 0 567867 512629 7 11 8 12 -1 -1 1100001001000000200000000000000000000000000000000020001000000000000000000100011100010000000200000000020020000002202220000 2
1 0 567264 512629 10 18 6 18 -1 -1 1100001001000000200000000000000000000000000000000000001000002000000000000100011100010000000200000000020020000002202220000 2
2 0 567264 511467 8 12 9 11 -1 -1 1100001001000000200000000000000000000000000100000000001000002000000000000100011100000000000200000000020020000002202220000 2
1 0 566160 511467 7 19 5 17 -1 -1 1100001001000000200000000000000000000000000100000000001000000000000002000100011100000000000200000000020020000002202220000 2
2 0 566160 509964 9 11 11 13 -1 -1 1100001001000000200000000000000100000000000100000000000000000000000002000100011100000000000200000000020020000002202220000 2
1 0 565610 509964 6 18 2 14 -1 -1 1100001001000000200000000000000100000000000100000000000000000000000000000100011100000000000220000000020020000002202220000 2
2 0 565610 508026 11 11 13 13 -1 -1 1100011001000000200000000000000100000000000000000000000000000000000000000100011100000000000220000000020020000002202220000 2
1 0 565208 508026 3 15 1 13 -1 -1 1100011001000000200000000000000100000000000000000000000000000000000000000100011100000000000020000000020020000002222220000 2
2 0 565208 507058 13 11 15 13 -1 -1 1110011000000000200000000000000100000000000000000000000000000000000000000100011100000000000020000000020020000002222220000 2
1 0 564171 507058 10 6 9 5 -1 -1 1110011000000000200000000000000100000000000000000000000000000000000000000100011100000000000020000000020020000002022220020 2
2 0 564171 506289 4 12 5 11 -1 -1 1110011000000000200000000000000100000000000000000000000000000000001000000100001100000000000020000000020020000002022220020 2
1 0 563566 506289 10 10 8 4 -1 -1 1110011000000000000000000000200100000000000000000000000000000000001000000100001100000000000020000000020020000002022220020 2
2 0 563566 505481 5 11 6 12 -1 -1 1110011000000000000000000000200100000000000000000000000010000000001000000100001000000000000020000000020020000002022220020 2
1 0 562911 505481 10 8 9 7 -1 -1 1110011000000000000000000000000100000000200000000000000010000000001000000100001000000000000020000000020020000002022220020 2
2 0 562911 504738 6 12 7 11 -1 -1 1110011000000000000000000000000100000000200000000000000010000000001100000100000000000000000020000000020020000002022220020 2
1 0 561988 504738 9 7 7 5 -1 -1 1110011000000000000000000000000100000000000000000020000010000000001100000100000000000000000020000000020020000002022220020 2
2 0 561988 503619 7 11 8 12 -1 -1 1110011000000000000000000000000100000000000000010020000010000000001000000100000000000000000020000000020020000002022220020 2
1 0 561465 503619 9 5 7 7 -1 -1 1110011000000000000000000000000100000000000000010000000010002000001000000100000000000000000020000000020020000002022220020 2
2 0 561465 502800 8 12 9 13 -1 -1 1110011000000000000000000000000100000000000000011000000010002000000000000100000000000000000020000000020020000002022220020 2
1 0 560991 502800 9 19 8 20 -1 -1 1110011000000000000000000000000100000000000000011000000010000000000000200100000000000000000020000000020020000002022220020 2
2 0 560991 501797 9 13 10 14 -1 -1 1110011000000000000000000000000100000000000000011000000010000000100000200000000000000000000020000000020020000002022220020 2
1 0 560403 501797 8 4 6 6 -1 -1 1110011000000000000000000000000100000000000000011000000010000000100000000000000002000000000020000000020020000002022220020 2
2 0 560403 500611 12 12 13 11 -1 -1 1110011000000000000000000000000100000100000000011000000000000000100000000000000002000000000020000000020020000002022220020 2
1 0 559922 500611 7 5 5 7 -1 -1 1110011000000000000000000000000100000100000000011000000000000000100000000000000002000000000020000000020000000002222220020 2
2 0 559922 499837 10 14 16 12 -1 -1 1110011000000000000000000010000100000100000000001000000000000000100000000000000002000000000020000000020000000002222220020 2
1 0 559467 499837 6 6 2 10 -1 -1 1110011000000000000000000010000100000100000000001000000000000000100000000000000000000000000020000000020000000002222220022 2
2 0 559467 499375 11 13 12 12 -1 -1 1111011000000000000000000010000100000000000000001000000000000000100000000000000000000000000020000000020000000002222220022 2
1 0 559278 499375 5 17 4 16 -1 -1 1111011000000000000000000010000100000000000000001000000000000000100000000000000000000000000000000000020020000002222220022 2
2 0 559278 499021 12 12 14 14 -1 -1 1111011000000000001000000010000000000000000000001000000000000000100000000000000000000000000000000000020020000002222220022 2
1 0 559120 499021 4 16 3 15 -1 -1 1111011000000000001000000010000000000000000000001000000000000000100000000000000000000000000000000000020000000002222222022 2
2 0 559120 498837 12 6 12 8 -1 -1 1111011001000000000000000010000000000000000000001000000000000000100000000000000000000000000000000000020000000002222222022 2
1 0 558931 498837 8 20 7 19 -1 -1 1111011001000000000000000010000000000000000000001000000000000000100000000000000000000000000000000000002000000002222222022 2
2 0 558931 498670 13 9 15 11 -1 -1 1111011001000000000000000010000000000000000000001000001000000000000000000000000000000000000000000000002000000002222222022 2
1 0 558788 498670 7 7 6 6 -1 -1 1111011001000000000000000010000000000000000000001000001000000000000000000000000000000000000000000000002000000000222222222 2
2 0 558788 498523 12 8 13 9 -1 -1 1111011001000000000000000010000000000100000000000000001000000000000000000000000000000000000000000000002000000000222222222 2
