1322286995000
progamers
kingfish
1 0 599400 600000 13 9 12 10 -1 -1 2222222222000000000000000000000000000000000000000000000000000000000000000000000000000000000000000000000000000001111111111 1
2 0 599400 599911 2 14 4 12 -1 -1 2222222222000000000000000000000000000000000000000000000000000000000000000000000000000000000000000000000100000000111111111 1
1 0 598335 599911 15 11 11 11 -1 -1 2222202222000000200000000000000000000000000000000000000000000000000000000000000000000000000000000000000100000000111111111 1
2 0 598335 599910 0 12 4 16 -1 -1 2222202222000000200000000000000000000000000000000000000000000000000000000000000000000000000100000000000100000000111111011 1
1 0 595498 599910 13 11 11 13 -1 -1 0222202222000000202000000000000000000000000000000000000000000000000000000000000000000000000100000000000100000000111111011 1
2 0 595498 599909 3 11 5 13 -1 -1 0222202222000000202000000000000000000000000000000000000000000000000000000000000000000000000110000000000100000000011111011 1
1 0 595358 599909 14 14 10 10 -1 -1 0222202022000000202000000000020000000000000000000000000000000000000000000000000000000000000110000000000100000000011111011 1
2 0 595358 599908 2 12 6 12 -1 -1 0222202022000000202000000000020000000000000000000000000000000000000000000000000100000000000110000000000100000000011110011 1
1 0 595029 599908 16 12 10 14 -1 -1 0222002022000000202000000000020000000000200000000000000000000000000000000000000100000000000110000000000100000000011110011 1
2 0 595029 599907 3 13 7 13 -1 -1 0222002022000000202000000000020000000000200000000000000000000000000000000000000101000000000110000000000100000000011110010 1
1 0 594573 599907 15 13 9 11 -1 -1 0222002002000000202000000000020000000000200000000002000000000000000000000000000101000000000110000000000100000000011110010 1
2 0 594573 595192 4 12 8 12 -1 -1 0222002002000000202000000000020000000000200000000002000000000000000001000000000101000000000110000000000100000000011110000 1
1 0 594208 595192 12 10 8 14 -1 -1 0222002002000000002000000000020000000000200000000002000000002000000001000000000101000000000110000000000100000000011110000 1
2 0 594208 586058 5 13 9 13 -1 -1 0222002002000000002000000000020000000000200000000002000000002100000001000000000101000000000110000000000000000000011110000 1
1 0 593823 586058 14 12 8 10 -1 -1 0222002002000000002000000000000000000000200000000002000000002100000001200000000101000000000110000000000000000000011110000 1
2 0 593823 582321 6 12 7 11 -1 -1 0222002002000000002000000000000000000000200000000002000000012100000001200000000101000000000110000000000000000000011100000 1
1 0 593608 582321 14 10 14 12 -1 -1 0222002002000000002000000000000000000000000000000022000000012100000001200000000101000000000110000000000000000000011100000 1
2 0 593608 579859 9 13 10 12 -1 -1 0222002002000000002000000000000000000000000000000022000000012100000001200000000101000000000110000000000000000000011010000 1
1 0 593424 579859 14 12 12 14 -1 -1 0222002002000000002000000000000000000000000000000022000000012100000001000000000121000000000110000000000000000000011010000 1
2 0 593424 578431 3 9 4 10 -1 -1 0222002002000000002000000000000000000000000000000022000000012100000001000000000121000000000110000000000001000000011000000 1
1 0 593360 578431 13 13 9 13 -1 -1 0222000002000002002000000000000000000000000000000022000000012100000001000000000121000000000110000000000001000000011000000 1
2 0 593360 578270 1 11 5 11 -1 -1 0222000002000002002000000000000000000000000000000022000000012100000001100000000121000000000110000000000001000000001000000 1
1 0 593253 578270 11 13 9 15 -1 -1 0022000002000002002000000000200000000000000000000022000000012100000001100000000121000000000110000000000001000000001000000 1
2 0 593253 577693 4 10 6 12 -1 -1 0022000002000002002000000000200000000000000000000022000000012100000001110000000121000000000100000000000001000000001000000 1
1 0 593117 577693 9 13 7 15 -1 -1 0022000002000000002000000000200000000000200000000022000000012100000001110000000121000000000100000000000001000000001000000 1
2 0 593117 568555 6 12 6 14 -1 -1 0022000002000000002000000000200000000000200000000022100000012100000001010000000121000000000100000000000001000000001000000 1
1 0 592969 568555 7 15 5 9 -1 -1 0022000002000000002000000000200000000000020000000022100000012100000001010000000121000000000100000000000001000000001000000 1
2 0 592969 563664 7 11 13 13 -1 -1 0022000002000000002000000001200000000000020000000022000000012100000001010000000121000000000100000000000001000000001000000 1
1 0 592754 563664 13 15 11 9 -1 -1 0022000002000000002000000001200000000000020000000002000000012100000001010000000121000000000100000000000001000000021000000 1
2 0 592754 558338 5 11 5 13 -1 -1 0022000002000000002000000001200000000000020000000002000000012100000001010000000121000000001100000000000001000000020000000 1
1 0 592480 558338 11 11 7 15 -1 -1 0022000002000000002000000001020000000000020000000002000000012100000001010000000121000000001100000000000001000000020000000 1
2 0 592480 556993 5 13 6 12 -1 -1 0022000002000000002000000001020000000000020000000002100000012100000001010000000121000000001000000000000001000000020000000 1
1 0 592359 556993 12 14 11 15 -1 -1 0022000002000000002000000001000000000000220000000002100000012100000001010000000121000000001000000000000001000000020000000 1
2 0 592359 551185 6 12 7 11 -1 -1 0022000002000000002000000001000000000000220000000002100000012100000001010000000121000000001001000000000000000000020000000 1
1 0 592261 551185 7 15 5 13 -1 -1 0022000002000000002000000001000000000000020000000022100000012100000001010000000121000000001001000000000000000000020000000 1
2 0 592261 547214 10 12 14 12 -1 -1 0022000002000000002000000001010000000000020000000022000000012100000001010000000121000000001001000000000000000000020000000 1
1 0 592052 547214 11 15 7 15 -1 -1 0022000002000000002000000001010000000000020000000022000000012100000001010000000101000000001001000000000000000000020020000 1
2 0 592052 545459 3 15 4 14 -1 -1 0022000002000000002000000001010000000000020000000022100000012100000001010000000101000000001000000000000000000000020020000 1
1 0 591888 545459 8 10 6 12 -1 -1 0022000000000000022000000001010000000000020000000022100000012100000001010000000101000000001000000000000000000000020020000 1
2 0 591888 543831 7 11 11 11 -1 -1 0022000000000000022000000001010000000000120000000022100000002100000001010000000101000000001000000000000000000000020020000 1
1 0 591734 543831 9 15 8 16 -1 -1 0022000000000000022000000001010000000000120000000002100000002100000001010000000101000000001200000000000000000000020020000 1
2 0 591734 541532 11 11 12 12 -1 -1 0022000000000000022000000001010000000000120000000002100000002110000001000000000101000000001200000000000000000000020020000 1
1 0 591352 541532 9 11 8 10 -1 -1 0022000000000000022000000001010000000000120000000002100000002110000001000000000101000000001000000000000020000000020020000 1
2 0 591352 536316 8 12 9 11 -1 -1 0022000000000000022000000001010000000000120000000002100000012110000000000000000101000000001000000000000020000000020020000 1
1 0 590722 536316 10 14 9 15 -1 -1 0022000000000000022000000001010000000000120000000002100000010110000002000000000101000000001000000000000020000000020020000 1
2 0 590722 534520 12 12 13 11 -1 -1 0022000000000000022000000001010000000000120000000002100000010110000002010000000100000000001000000000000020000000020020000 1
1 0 590572 534520 11 9 11 11 -1 -1 0022000000000000022000000001010000000000120000000002100000010110000002010000000100000000001000000000000000000000220020000 1
2 0 590572 530001 9 11 9 9 -1 -1 0022000000000000022000000001010000000000120000000002100000010110000002010000000100000000000100000000000000000000220020000 1
1 0 590438 530001 10 10 8 12 -1 -1 0022000000000000022000000001010000000000120000000002100000010110000020010000000100000000000100000000000000000000220020000 1
2 0 590438 528912 4 16 5 15 -1 -1 0022000000000000022000000001010000000000120000000002100000011110000020010000000000000000000100000000000000000000220020000 1
1 0 590366 528912 8 10 7 11 -1 -1 0022000000000000020000000001012000000000120000000002100000011110000020010000000000000000000100000000000000000000220020000 1
2 0 590366 528059 9 9 10 10 -1 -1 0022000000000000020000000001012000000000120000000012100000001110000020010000000000000000000100000000000000000000220020000 1
1 0 590228 528059 11 11 9 9 -1 -1 0022000000000000020000000001012000000000120000000012100000001110000000010000000200000000000100000000000000000000220020000 1
2 0 590228 526999 7 13 11 9 -1 -1 0022000000000000020000000001012000000000120000000012100000001110000010010000000200000000000000000000000000000000220020000 1
1 0 590027 526999 9 15 5 11 -1 -1 0022000000000000020000000001012000000000120000000010100000001110000010010000000200000000002000000000000000000000220020000 1
2 0 590027 524204 5 15 9 11 -1 -1 0022000000000000020000000001112000000000120000000010100000001110000010000000000200000000002000000000000000000000220020000 1
1 0 589901 524204 8 12 4 12 -1 -1 0022000000000000020000000001110000000000120000000010100000001110000012000000000200000000002000000000000000000000220020000 1
2 0 589901 522007 10 10 11 11 -1 -1 0022000000000000120000000001110000000000120000000010100000000110000012000000000200000000002000000000000000000000220020000 1
1 0 589585 522007 8 16 8 12 -1 -1 0022000000000000120000000001110000000000120000000010100000000110000012000000000000000000002200000000000000000000220020000 1
2 0 589585 519558 9 11 10 10 -1 -1 0022000000000000120000000001110000000000120000000010100000001100000012000000000000000000002200000000000000000000220020000 1
1 0 589453 519558 8 12 4 8 -1 -1 0022000000000000120000000001110000000000120000000010100000001100000010000000000200000000002200000000000000000000220020000 1
2 0 589453 516565 4 14 6 8 -1 -1 0022000000000010120000000001110000000000120000000010100000000100000010000000000200000000002200000000000000000000220020000 1
1 0 589293 516565 6 12 4 10 -1 -1 0022000000000010100000000001110000000020120000000010100000000100000010000000000200000000002200000000000000000000220020000 1
2 0 589293 514286 6 14 6 12 -1 -1 0022000000000011100000000001110000000020020000000010100000000100000010000000000200000000002200000000000000000000220020000 1
1 0 588935 514286 9 9 8 10 -1 -1 0022000000000011100000000001110000000020200000000010100000000100000010000000000200000000002200000000000000000000220020000 1
2 0 588935 512692 2 10 3 9 -1 -1 0022000000000011100000000001110000000020200000000010100000010100000000000000000200000000002200000000000000000000220020000 1
1 0 588850 512692 4 8 2 10 -1 -1 0020002000000011100000000001110000000020200000000010100000010100000000000000000200000000002200000000000000000000220020000 1
2 0 588850 511186 10 10 14 14 -1 -1 0021002000000001100000000001110000000020200000000010100000010100000000000000000200000000002200000000000000000000220020000 1
1 0 588792 511186 5 9 3 11 -1 -1 0021002000000001100000000001110000000020200000000010100000010100000000000000000000000000002200000000000000000000220022000 1
2 0 588792 510367 11 9 12 10 -1 -1 0021002100000001100000000000110000000020200000000010100000010100000000000000000000000000002200000000000000000000220022000 1
1 0 588752 510367 4 10 2 12 -1 -1 0021002100000001100000000000110000000020200000000010100000010100000000000000000000000000000200000000000200000000220022000 1
2 0 588752 508409 11 11 13 9 -1 -1 0021102100000000100000000000110000000020200000000010100000010100000000000000000000000000000200000000000200000000220022000 1
1 0 588697 508409 7 15 6 14 -1 -1 0021102100000000100000000000110000000020200000000010100000010100000000000000000000000000000000000000000200000002220022000 1
2 0 588697 507400 1 13 2 14 -1 -1 0021102100000000100000000000110000000020210000000010000000010100000000000000000000000000000000000000000200000002220022000 1
1 0 588613 507400 8 14 7 13 -1 -1 0001122100000000100000000000110000000020210000000010000000010100000000000000000000000000000000000000000200000002220022000 1
2 0 588613 506137 3 9 3 13 -1 -1 0001122100000000100000000000110000000020210000000011000000010000000000000000000000000000000000000000000200000002220022000 1
1 0 588532 506137 7 13 5 15 -1 -1 0001120120000000100000000000110000000020210000000011000000010000000000000000000000000000000000000000000200000002220022000 1
2 0 588532 504240 6 8 7 9 -1 -1 0001120120000000100000000000111000000020210000000010000000010000000000000000000000000000000000000000000200000002220022000 1
1 0 588420 504240 6 14 4 16 -1 -1 0001120120000000100000000000111000000000210000000210000000010000000000000000000000000000000000000000000200000002220022000 1
2 0 588420 503211 2 14 3 15 -1 -1 0001120120000000101000000000111000000000200000000210000000010000000000000000000000000000000000000000000200000002220022000 1
1 0 588297 503211 8 10 6 8 -1 -1 0001100122000000101000000000111000000000200000000210000000010000000000000000000000000000000000000000000200000002220022000 1
2 0 588297 502266 6 12 8 10 -1 -1 0001100122000000101000000000111000000010200000000210000000000000000000000000000000000000000000000000000200000002220022000 1
1 0 588171 502266 4 16 2 14 -1 -1 0001100122000000101000000000111000000010000000000210000000020000000000000000000000000000000000000000000200000002220022000 1
2 0 588171 501719 7 9 9 11 -1 -1 0001110122000000100000000000111000000010000000000210000000020000000000000000000000000000000000000000000200000002220022000 1
1 0 587936 501719 7 11 6 10 -1 -1 0001110122000000100000000000111000000010000000000010000000020000000002000000000000000000000000000000000200000002220022000 1
2 0 587936 500889 8 10 10 12 -1 -1 0001110122000000100000000000111000000011000000000000000000020000000002000000000000000000000000000000000200000002220022000 1
1 0 587748 500889 6 8 4 10 -1 -1 0001110122000000100000000000111000000011000000000000000000000000000002000000000020000000000000000000000200000002220022000 1
2 0 587748 500273 9 11 11 13 -1 -1 0001110122000001100000000000111000000001000000000000000000000000000002000000000020000000000000000000000200000002220022000 1
1 0 587581 500273 5 11 1 11 -1 -1 0001110122000001100000000000111000000001000000000000000000000000000000000000000020000000000020000000000200000002220022000 1
2 0 587581 499508 10 12 12 14 -1 -1 0101110122000001100000000000011000000001000000000000000000000000000000000000000020000000000020000000000200000002220022000 1
1 0 587398 499508 1 11 0 12 -1 -1 0101110122000001100000000000011000000001000000000000000000000000000000000000000000000000000020000000000202000002220022000 1
2 0 587398 499169 3 13 7 9 -1 -1 1001110122000001100000000000011000000001000000000000000000000000000000000000000000000000000020000000000202000002220022000 1
1 0 587198 499169 5 15 1 11 -1 -1 1001110102000001100000000000011000000001000000000200000000000000000000000000000000000000000020000000000202000002220022000 1
2 0 587198 498291 11 13 15 13 -1 -1 1101110102000001100000000000010000000001000000000200000000000000000000000000000000000000000020000000000202000002220022000 1
1 0 587078 498291 1 11 1 13 -1 -1 1101110102000001100000000000010000000001000000000200000000000000000000000000000000000000000000000000000202000002220022020 1
2 0 587078 497296 7 9 8 10 -1 -1 1011110102000001100000000000010000000001000000000200000000000000000000000000000000000000000000000000000202000002220022020 1
1 0 586988 497296 4 12 3 13 -1 -1 1011110102000001100000000000010000000001000000000000000000020000000000000000000000000000000000000000000202000002220022020 1
2 0 586988 496218 8 10 9 11 -1 -1 1011110112000001000000000000010000000001000000000000000000020000000000000000000000000000000000000000000202000002220022020 1
1 0 586866 496218 5 13 5 11 -1 -1 1011110112000001000000000000010000000001000000000000000000000000000002000000000000000000000000000000000202000002220022020 1
2 0 586866 495240 3 15 4 14 -1 -1 1011110112000001000000000000100000000001000000000000000000000000000002000000000000000000000000000000000202000002220022020 1
1 0 586715 495240 6 10 4 12 -1 -1 1011110110000001020000000000100000000001000000000000000000000000000002000000000000000000000000000000000202000002220022020 1
2 0 586715 493924 4 14 5 13 -1 -1 1011110110000001120000000000100000000000000000000000000000000000000002000000000000000000000000000000000202000002220022020 1
1 0 584329 493924 2 14 3 15 -1 -1 1011110110000001100000000000120000000000000000000000000000000000000002000000000000000000000000000000000202000002220022020 1
2 0 584329 491786 5 13 6 12 -1 -1 1011100111000001100000000000120000000000000000000000000000000000000002000000000000000000000000000000000202000002220022020 1
1 0 584220 491786 4 12 2 14 -1 -1 1011100111000001100000000000100000000000200000000000000000000000000002000000000000000000000000000000000202000002220022020 1
2 0 584220 490568 9 11 10 12 -1 -1 1011110111000001000000000000100000000000200000000000000000000000000002000000000000000000000000000000000202000002220022020 1
1 0 584218 490568 5 11 1 11 -1 -1 1011110111000001000000000000100000000000200000000000000000000000000000000000000020000000000000000000000202000002220022020 1
2 0 584218 489303 12 14 13 15 -1 -1 1111110111000001000000000000000000000000200000000000000000000000000000000000000020000000000000000000000202000002220022020 1
1 0 584217 489303 4 10 3 9 -1 -1 1111110111000001000000000000000000000000200000000000000000000000000000000000000020000000000000000000000200000002222022020 1
