1322294275000
kingfish
eigenbot
1 0 599833 600000 14 10 12 12 -1 -1 2222222222000000000000000000000000000000000000000000000000000000000000000000000000000000000000000000000000000001111111111 2
2 0 599833 591761 3 11 4 10 -1 -1 2222222222000000000000000000000000000000000000000000000000000000000000000000000000000000000000000000000010000001111011111 2
1 0 599831 591761 16 12 12 8 -1 -1 2222222022000002000000000000000000000000000000000000000000000000000000000000000000000000000000000000000010000001111011111 2
2 0 599831 583869 3 9 5 11 -1 -1 2222222022000002000000000000000000000000000000000000000000000000000000000000000000000000000000000000001010000001111011110 2
1 0 599829 583869 13 13 11 11 -1 -1 2222220022000002000000000000200000000000000000000000000000000000000000000000000000000000000000000000001010000001111011110 2
2 0 599829 575927 2 14 6 10 -1 -1 2222220022000002000000000000200000000000000000000000000000000000000000000000000000000000000100000000001010000001101011110 2
1 0 599828 575927 14 12 10 12 -1 -1 2222200022000002000000000000200000000002000000000000000000000000000000000000000000000000000100000000001010000001101011110 2
2 0 599828 568035 4 10 6 8 -1 -1 2222200022000002000000000000200000000002000000000000000000000000000000000000000010000000000100000000001010000001101001110 2
1 0 599827 568035 13 11 9 11 -1 -1 2222200022000000000000000000200000000022000000000000000000000000000000000000000010000000000100000000001010000001101001110 2
2 0 599827 560217 0 12 4 12 -1 -1 2222200022000000000000000000200000000022000000000000000000000000000001000000000010000000000100000000001010000001001001110 2
1 0 599635 560217 12 12 8 12 -1 -1 0222200022000000200000000000200000000022000000000000000000000000000001000000000010000000000100000000001010000001001001110 2
2 0 599635 552526 1 13 9 13 -1 -1 0222200022000000200000000000200000000022000000000000000000001000000001000000000010000000000100000000001000000001001001110 2
1 0 593455 552526 13 15 12 14 -1 -1 0202200022000000200000000000200000000022000000000000000000001000000001200000000010000000000100000000001000000001001001110 2
2 0 593455 545059 3 15 3 11 -1 -1 0202200022000000200000000000200000000022000000000000000000001000000001200000000010000000000100000000001001000001000001110 2
1 0 589800 545059 9 11 7 13 -1 -1 0202200220000000200000000000200000000022000000000000000000001000000001200000000010000000000100000000001001000001000001110 2
2 0 589800 537799 2 12 8 10 -1 -1 0202200220000000200000000000200000000022000000000001000000001000000000200000000010000000000100000000001001000001000001110 2
1 0 584793 537799 15 13 5 7 -1 -1 0202000220000000200000000000200000000022000000000001000000021000000000200000000010000000000100000000001001000001000001110 2
2 0 584793 530995 5 11 15 13 -1 -1 0202000220000000200000000010200000000022000000000001000000021000000000200000000010000000000100000000001001000001000001100 2
1 0 581490 530995 10 12 6 12 -1 -1 0202000220000000200000000010000000000022000000000001000000021000000000200000000010000000000100000000001001000001000001120 2
2 0 581490 524521 3 13 9 11 -1 -1 0202000220000000200000000010000000000022100000000001000000021000000000200000000000000000000100000000001001000001000001120 2
1 0 577706 524521 7 13 3 13 -1 -1 0202000200000000200000000010000000000022100000000001000000021000000002200000000000000000000100000000001001000001000001120 2
2 0 577706 518270 1 11 3 9 -1 -1 0202000210000000200000000010000000000022100000000000000000021000000002200000000000000000000100000000001001000001000001120 2
1 0 572562 518270 13 9 11 7 -1 -1 0002002210000000200000000010000000000022100000000000000000021000000002200000000000000000000100000000001001000001000001120 2
2 0 572562 512170 2 10 6 6 -1 -1 0002002210000000200000000010000000000022100000000000000000021000000002200000000000000000010100000000001001000000000001120 2
1 0 566321 512170 12 8 10 6 -1 -1 0000002210000000200000000010000000000222100000000000000000021000000002200000000000000000010100000000001001000000000001120 2
2 0 566321 506217 3 11 9 9 -1 -1 0000002210000000200000000010000000000222100000000000000000021000000002200000010000000000010100000000000001000000000001120 2
1 0 558572 506217 11 7 9 5 -1 -1 0000002010000000200000000010000000000222100000000000000000021000000022200000010000000000010100000000000001000000000001120 2
2 0 558572 500501 4 12 4 10 -1 -1 0000002010000000200000000010000000000222100000000000000000021000001022200000010000000000000100000000000001000000000001120 2
1 0 550426 500501 10 6 8 4 -1 -1 0000002010000002000000000010000000000222100000000000000000021000001022200000010000000000000100000000000001000000000001120 2
2 0 550426 495059 3 9 7 9 -1 -1 0000002010000002000000000010000000000222100000000000000010021000001022200000000000000000000100000000000001000000000001120 2
1 0 540272 495059 9 5 7 3 -1 -1 0000000010000002000000000010000000000222100000000200000010021000001022200000000000000000000100000000000001000000000001120 2
2 0 540272 490154 8 10 12 10 -1 -1 0000000010000002000000000010000000000222100000100200000010021000000022200000000000000000000100000000000001000000000001120 2
1 0 530514 490154 11 11 10 12 -1 -1 0000000010000002000000000010000000000222100000100200000010001000000022200000000000000000000100000000000201000000000001120 2
2 0 530514 485368 9 13 11 11 -1 -1 0000000010000002000000000010000000000222100000100200000010001000000022200000000010000000000000000000000201000000000001120 2
1 0 519001 485368 10 12 9 13 -1 -1 0000000010000002000000000010000000000222100000100200000010001000000022000000000010000000000200000000000201000000000001120 2
2 0 519001 480762 4 10 5 9 -1 -1 0000000010000002000000000010000000000222100000100200000010001000000022100000000000000000000200000000000201000000000001120 2
1 0 512018 480762 9 13 5 13 -1 -1 0000000010000000000000000012000000000222100000100200000010001000000022100000000000000000000200000000000201000000000001120 2
2 0 512018 476350 5 9 9 13 -1 -1 0000000010000000000000000012010000000222100000100200000010001000000022000000000000000000000200000000000201000000000001120 2
1 0 506478 476350 8 4 6 2 -1 -1 0000000010000000000000000010010000000222100000100200000010001000000022200000000000000000000200000000000201000000000001120 2
2 0 506478 472173 6 10 12 12 -1 -1 0000000010000000000000000010010000010222100000100200000000001000000022200000000000000000000200000000000201000000000001120 2
1 0 499929 472173 8 12 2 14 -1 -1 0000000010000000000000000010010000010220100000100200000000001000000022200000000000000000000200000000000221000000000001120 2
2 0 499929 468400 6 6 10 10 -1 -1 0000010010000000000000000010010000010220100000100200000000000000000022200000000000000000000200000000000221000000000001120 2
1 0 497339 468400 6 12 2 12 -1 -1 0000010010000000000000000010010000010020100000100200000000000000000022200000000200000000000200000000000221000000000001120 2
2 0 497339 465008 9 11 13 15 -1 -1 0000110010000000000000000010010000010020000000100200000000000000000022200000000200000000000200000000000221000000000001120 2
1 0 493542 465008 12 14 11 15 -1 -1 0000110010000000000000000010010000010020000000100200000000000000000020200000000200000000000200000000000221000000002001120 2
2 0 493542 461860 9 13 10 14 -1 -1 0000110010000000000000000010010000010020000000100200000000000000000020200000000200000000000201000000000220000000002001120 2
1 0 489178 461860 7 3 6 4 -1 -1 0000110010000000000000000010010000010020000000100200000000000000000020000000000202000000000201000000000220000000002001120 2
2 0 489178 458824 6 8 8 10 -1 -1 0000110010000000000000000010010000011020000000000200000000000000000020000000000202000000000201000000000220000000002001120 2
1 0 485219 458824 6 2 4 8 -1 -1 0000110010000000000000000010010000011000000000000200000000020000000020000000000202000000000201000000000220000000002001120 2
2 0 485219 456019 11 11 13 9 -1 -1 0000110010000010000000000010010000001000000000000200000000020000000020000000000202000000000201000000000220000000002001120 2
1 0 480903 456019 11 15 9 13 -1 -1 0000110010000010000000000010010000001000000000000200000000020000000020000000000202000000000001000000000220000002002001120 2
2 0 480903 453221 7 9 11 13 -1 -1 0000110010000010000000000010010000001000000000000200000000020000000020100000000202000000000000000000000220000002002001120 2
1 0 475841 453221 14 14 14 12 -1 -1 0000110010000010000000000010010000001000000000000000000000020000000020100000000202000000000020000000000220000002002001120 2
2 0 475841 450532 8 10 12 14 -1 -1 0000110010000010000000000010010000001000000000000000000000020000000020100000000202000000000020000000000220000002002010120 2
1 0 470362 450532 15 11 11 11 -1 -1 0000110010000010000000000010010000001000000000000000000000000000000020100000000202000000000020000000000222000002002010120 2
2 0 470362 448025 12 12 13 11 -1 -1 0000110010000010000000000010010000001000000000000000000000000000000020100000000202000000000120000000000222000002002010020 2
1 0 466553 448025 5 7 3 9 -1 -1 0000110010000010000000000010010000001000000000000000000000000000000020100000000202000000000120000000000202000002202010020 2
2 0 466553 445722 10 10 14 10 -1 -1 0000111010000010000000000000010000001000000000000000000000000000000020100000000202000000000120000000000202000002202010020 2
1 0 463613 445722 4 8 2 10 -1 -1 0000111010000010000000000000010000001000000000000000000000000000000020100000000002000000000120000000000202000002202210020 2
2 0 463613 443602 13 9 13 13 -1 -1 0001111010000000000000000000010000001000000000000000000000000000000020100000000002000000000120000000000202000002202210020 2
1 0 460953 443602 11 11 11 9 -1 -1 0001111010000000000000000000010000001000000000000000000000000000000020100000000002000000000120000000000202000000222210020 2
2 0 460953 441698 10 14 12 16 -1 -1 0001111010000000000000000000010000001000000000000000000000000000000020100000000002000000001020000000000202000000222210020 2
1 0 458497 441698 5 13 4 12 -1 -1 0001111010000000000000000000010000001000000000000000000000000000000020100000000000000000001020000000000202200000222210020 2
2 0 458497 439807 11 13 12 12 -1 -1 0001111010000000100000000000000000001000000000000000000000000000000020100000000000000000001020000000000202200000222210020 2
1 0 457260 439807 4 12 3 11 -1 -1 0001111010000000100000000000000000001000000000000000000000000000000020100000000000000000001000000000000222200000222210020 2
2 0 457260 438162 12 12 12 8 -1 -1 0001111110000000000000000000000000001000000000000000000000000000000020100000000000000000001000000000000222200000222210020 2
1 0 455753 438162 6 4 5 5 -1 -1 0001111110000000000000000000000000001000000000000000000000000000000020100000000000000000001000000000002202200000222210020 2
2 0 455753 436496 12 8 16 12 -1 -1 0001111110000000000000000100000000000000000000000000000000000000000020100000000000000000001000000000002202200000222210020 2
1 0 454615 436496 5 5 4 6 -1 -1 0001111110000000000000000100000000000000000000000000000000000000000020100000000000000000001000000000000202200000222210022 2
2 0 454615 434852 12 16 14 14 -1 -1 0001111110000100000000000000000000000000000000000000000000000000000020100000000000000000001000000000000202200000222210022 2
1 0 453021 434852 9 13 8 12 -1 -1 0001111110000100000000000000000000000000000000000000000000000000000020100000000000000000001000000000000202000000222212022 2
2 0 453021 433348 9 9 10 8 -1 -1 0001111110000100000000000000000000000000000000000000000000001000000020000000000000000000001000000000000202000000222212022 2
1 0 451642 433348 11 9 9 7 -1 -1 0001111110000100000000000000000000000000000000000000000000001000000000000000002000000000001000000000000202000000222212022 2
2 0 451642 432011 10 8 11 7 -1 -1 0001111110000100000000000000000000000000000000000000000000001000000100000000002000000000000000000000000202000000222212022 2
1 0 450520 432011 9 7 8 8 -1 -1 0001111110000100000000000000000000000000000000000000000000001000000100000000000000000000020000000000000202000000222212022 2
2 0 450520 430767 12 10 13 9 -1 -1 0001111110000100000000000000000000000000000000000000000000101000000000000000000000000000020000000000000202000000222212022 2
1 0 449703 430767 8 8 7 9 -1 -1 0001111110000100000000000000000000000000000000000000000000101000000000000000000000000000020000000000000002000002222212022 2
2 0 449703 429683 11 7 12 8 -1 -1 0001111110000100000000000000000000000000000000000100000000001000000000000000000000000000020000000000000002000002222212022 2
1 0 448749 429683 14 12 12 10 -1 -1 0001111110000100000000000000000000000000000000000100000000001000000000000000000000000000000000000000002002000002222212022 2
2 0 448749 428639 12 14 14 12 -1 -1 0001111110000100000000000000000000000000000000000100000000001000000000000000000000000000000000000000002102000002222202022 2
1 0 447935 428639 7 9 6 10 -1 -1 0001111110000100000000000000000000000000000000000100000000001000000000000000000000000000000000000000002100000002222222022 2
2 0 447935 427782 14 10 15 11 -1 -1 0001111110000100000000000000000000000001000000000000000000001000000000000000000000000000000000000000002100000002222222022 2
1 0 447783 427782 6 10 5 11 -1 -1 0001111110000100000000000000000000000001000000000000000000001000000000000000000000000000000000000000002100000002222022222 2
2 0 447783 427438 12 8 14 10 -1 -1 0001111110000100000000000000100000000000000000000000000000001000000000000000000000000000000000000000002100000002222022222 2
