1322288229000
artificialwintelligence
kingfish
1 0 599690 600000 14 12 12 10 -1 -1 2222222222000000000000000000000000000000000000000000000000000000000000000000000000000000000000000000000000000001111111111 2
2 0 599690 599911 2 14 4 12 -1 -1 2222222222000000000000000000000000000000000000000000000000000000000000000000000000000000000000000000000100000001111101111 2
1 0 599487 599911 13 11 11 9 -1 -1 2222202222000000200000000000000000000000000000000000000000000000000000000000000000000000000000000000000100000001111101111 2
2 0 599487 599910 0 12 4 16 -1 -1 2222202222000000200000000000000000000000000000000000000000000000000000000000000000000000001000000000000100000001011101111 2
1 0 599221 599910 12 10 10 8 -1 -1 0222202222000000202000000000000000000000000000000000000000000000000000000000000000000000001000000000000100000001011101111 2
2 0 599221 599909 2 12 4 10 -1 -1 0222202222000000202000000000000000000000000000000000000000000000000000000000001000000000001000000000000000000001011101111 2
1 0 598760 599909 14 10 10 6 -1 -1 0222002222000002202000000000000000000000000000000000000000000000000000000000001000000000001000000000000000000001011101111 2
2 0 598760 599908 3 9 5 11 -1 -1 0222002222000002202000000000000000000000000000000000000000000000000000000000011000000000001000000000000000000001011001111 2
1 0 598115 599908 10 6 9 5 -1 -1 0222000222000002202000000000200000000000000000000000000000000000000000000000011000000000001000000000000000000001011001111 2
2 0 598115 599908 1 11 3 9 -1 -1 0222000222000002202000000000200000000000000000000000000000000000001000000000001000000000001000000000000000000001011001111 2
1 0 597668 599908 16 12 8 4 -1 -1 0022002222000002202000000000200000000000000000000000000000000000001000000000001000000000001000000000000000000001011001111 2
2 0 597668 599759 3 11 5 13 -1 -1 0022002222000002202000000000200000000000000000000000000010000000001000000000001000000000001000000000000000000001011001110 2
1 0 596764 599759 14 14 10 6 -1 -1 0022002022000002202000000000220000000000000000000000000010000000001000000000001000000000001000000000000000000001011001110 2
2 0 596764 599758 3 15 5 9 -1 -1 0022002022000002202000000000220000000000000000000000000010000000001000000000011000000000001000000000000000000001011000110 2
1 0 596041 599758 11 9 7 5 -1 -1 0022002020000002202000000002220000000000000000000000000010000000001000000000011000000000001000000000000000000001011000110 2
2 0 596041 599757 2 10 6 10 -1 -1 0022002020000002202000000002220000000000000000010000000010000000001000000000011000000000000000000000000000000001011000110 2
1 0 595332 599757 15 11 14 10 -1 -1 0020002020000002202000000002220000000002000000010000000010000000001000000000011000000000000000000000000000000001011000110 2
2 0 595332 599756 4 10 6 12 -1 -1 0020002020000002202000000002220000000002000000010000000010000000001000000000011000000000000000000000000000000001011100010 2
1 0 594506 599756 10 8 8 6 -1 -1 0020002020000000202000000002220000000002200000010000000010000000001000000000011000000000000000000000000000000001011100010 2
2 0 594506 599756 5 9 7 11 -1 -1 0020002020000000202000000002220000000002200000010000000011000000001000000000010000000000000000000000000000000001011100010 2
1 0 593838 599756 15 13 14 14 -1 -1 0020002020000000202000000000220000000002200000010020000011000000001000000000010000000000000000000000000000000001011100010 2
2 0 593838 599568 4 12 6 14 -1 -1 0020002020000000202000000000220000000002200000010020000011000000001000000000010000000000000000000000000000000001011101000 2
1 0 592606 599568 14 10 13 11 -1 -1 0020002020000000002000000000220000000002220000010020000011000000001000000000010000000000000000000000000000000001011101000 2
2 0 592606 599563 5 11 7 13 -1 -1 0020002020000000002000000000220000000002220000010020000011000000001000000000010000000000000000000000000000000001111001000 2
1 0 591785 599563 8 4 6 6 -1 -1 0020002020000000002000000000020000000002220000010022000011000000001000000000010000000000000000000000000000000001111001000 2
2 0 591785 599562 6 14 8 12 -1 -1 0020002020000000002000000000020000000102220000010022000001000000001000000000010000000000000000000000000000000001111001000 2
1 0 590958 599562 8 6 6 8 -1 -1 0020002020000000002000000000020000000102200000010022000001002000001000000000010000000000000000000000000000000001111001000 2
2 0 590958 594662 7 11 9 13 -1 -1 0020002020000000002000000000020000000112200000010022000000002000001000000000010000000000000000000000000000000001111001000 2
1 0 589796 594662 10 6 8 4 -1 -1 0020002020000000002000000000020000000112200000010002000000002000001000200000010000000000000000000000000000000001111001000 2
2 0 589796 590027 6 12 10 12 -1 -1 0020002020000000002000000000020000000112200000010002000010002000001000200000000000000000000000000000000000000001111001000 2
1 0 588648 590027 6 8 2 12 -1 -1 0020002020000000002000000000020000000112000000010002000010002000001000200000000020000000000000000000000000000001111001000 2
2 0 588648 585107 3 9 4 10 -1 -1 0020102020000000002000000000020000000102000000010002000010002000001000200000000020000000000000000000000000000001111001000 2
1 0 586884 585107 7 5 5 7 -1 -1 0020100020000002002000000000020000000102000000010002000010002000001000200000000020000000000000000000000000000001111001000 2
2 0 586884 579260 3 13 4 14 -1 -1 0020100020000002002000000010020000000102000000000002000010002000001000200000000020000000000000000000000000000001111001000 2
1 0 585554 579260 6 6 4 12 -1 -1 0020100000000002022000000010020000000102000000000002000010002000001000200000000020000000000000000000000000000001111001000 2
2 0 585554 576153 1 13 7 11 -1 -1 0020100000000002122000000010020000000002000000000002000010002000001000200000000020000000000000000000000000000001111001000 2
1 0 584257 576153 14 14 12 16 -1 -1 0000100000000002122000000010020000000002000000000022000010002000001000200000000020000000000000000000000000000001111001000 2
2 0 584257 570603 7 13 11 13 -1 -1 0000100000000002122000000010020000000002000000000022000010002000001000200000000020000000000000000000000000100001111000000 2
1 0 582778 570603 4 12 3 11 -1 -1 0000100000000002122000000010020000000002000000000020000010002000001000200000000020000000000020000000000000100001111000000 2
2 0 582778 561729 8 12 14 14 -1 -1 0000100100000002022000000010020000000002000000000020000010002000001000200000000020000000000020000000000000100001111000000 2
1 0 581463 561729 3 11 1 13 -1 -1 0000100100000002022000000010020000000002000000000020000010000000001000200000000020000000000020000000000000100001111002000 2
2 0 581463 553434 6 10 14 10 -1 -1 0010100000000002022000000010020000000002000000000020000010000000001000200000000020000000000020000000000000100001111002000 2
1 0 580316 553434 13 15 11 17 -1 -1 0010100000000002022000000010020000000000000000000020000010000000001000200000000020000000000020000000000000100001111202000 2
2 0 580316 549502 10 12 14 12 -1 -1 0010100000000002022000000010020000000000000000000020000010000000001000200000000020000000000020100000000000100001110202000 2
1 0 578995 549502 11 17 10 18 -1 -1 0010100000000002022000000010020000000000000000000020000010000000001000200000000000000000000020100000000000100001110222000 2
2 0 578995 547183 4 10 5 11 -1 -1 0010100000000002022000000010020000000000000000000020000010000000001000200000000000010000000020000000000000100001110222000 2
1 0 577734 547183 13 11 9 19 -1 -1 0010100000000000022000000010220000000000000000000020000010000000001000200000000000010000000020000000000000100001110222000 2
2 0 577734 542480 4 16 8 12 -1 -1 0010100000000000022000000010220000000000000000000020000010000000001000200100000000010000000020000000000000100001010222000 2
1 0 576933 542480 13 13 12 14 -1 -1 0010100000000000020000000010220000000000000000000020000010002000001000200100000000010000000020000000000000100001010222000 2
2 0 576933 539656 4 14 10 12 -1 -1 0010100000000000020000000010220000000000000000000020000010002000001000200100000000010000000020000000000001100001000222000 2
1 0 575412 539656 13 9 11 11 -1 -1 0010100000000000000000000010220000000000000000000020000010002000001000200100000020010000000020000000000001100001000222000 2
2 0 575412 534653 8 12 12 12 -1 -1 0010100000000000000000000010220000000000000000000020000010002000001000200100000020010000000120000000000001100000000222000 2
1 0 574907 534653 12 16 11 15 -1 -1 0010100000000000000000000010220000000000000000000020000010000000001000200100000020010000000120000000000021100000000222000 2
2 0 574907 531530 5 11 6 10 -1 -1 0010100000000000000000000010220000000000000000000020000010000000001000200100000020010000000121000000000021000000000222000 2
1 0 573862 531530 12 14 8 18 -1 -1 0010100000000000000000000010020000000002000000000020000010000000001000200100000020010000000121000000000021000000000222000 2
2 0 573862 526646 6 10 12 16 -1 -1 0010100000000000000000000010020000000002000000000020000010000001001000200100000020010000000121000000000020000000000222000 2
1 0 572394 526646 11 11 10 10 -1 -1 0010100000000000000000000010020000000000000000000020000010000001001000200100000020010000000121000000000020200000000222000 2
2 0 572394 520470 9 13 13 13 -1 -1 0010100000000000000000000010020000000000000000000020000010000001001000200100000120010000000021000000000020200000000222000 2
1 0 571238 520470 10 18 10 16 -1 -1 0010100000000000000000000010020000000000000000000020000010000001001000000100000120010000000021000000000020200000020222000 2
2 0 571238 516656 11 13 15 13 -1 -1 0010100000000000000000000010020000000000000000000020000010000001001000000100000120100000000021000000000020200000020222000 2
1 0 569957 516656 11 15 7 19 -1 -1 0010100000000000000000000010020000000000000000000020000010000001001000000100000120100000000001000000000020200000020222020 2
2 0 569957 513810 10 12 11 13 -1 -1 0010100000000000000000000010020000000000000000000020001010000001001000000100000120100000000000000000000020200000020222020 2
1 0 569148 513810 10 16 9 17 -1 -1 0010100000000000000000000010020000000000000000000020001010000001001000000100000100100000000020000000000020200000020222020 2
2 0 569148 512268 5 13 6 12 -1 -1 0010100000000000000000000010020000000000000000000020001010000001001000001100000100000000000020000000000020200000020222020 2
1 0 568506 512268 10 10 9 9 -1 -1 0010100000000000000000000010000000000000200000000020001010000001001000001100000100000000000020000000000020200000020222020 2
2 0 568506 510983 6 12 10 8 -1 -1 0010100000000000000000000010000000000000200000000020001010000001001010001100000000000000000020000000000020200000020222020 2
1 0 567483 510983 7 19 6 18 -1 -1 0010100000000000000000000010000000000000000000000020001010000001001010001100002000000000000020000000000020200000020222020 2
2 0 567483 509146 7 11 8 12 -1 -1 0010100000000000000000000010000000000000000100000020000010000001001010001100002000000000000020000000000020200000020222020 2
1 0 566861 509146 9 17 5 17 -1 -1 0010100000000000000000000010000000000000000100000000000010002001001010001100002000000000000020000000000020200000020222020 2
2 0 566861 506919 10 8 11 9 -1 -1 0010100000000000000000000010000100000000000100000000000010002001001010000100002000000000000020000000000020200000020222020 2
1 0 566144 506919 9 19 5 15 -1 -1 0010100000000000000000000010000100000000000100000000000010002001001010000100000000000000002020000000000020200000020222020 2
2 0 566144 504457 11 13 13 11 -1 -1 0010100000000000000000000010001100000000000100000000000010002001001010000000000000000000002020000000000020200000020222020 2
1 0 565259 504457 9 9 8 8 -1 -1 0010100000000000000000000010001100000000000100000000000010002001001010000000000000000000002000000000000020200000220222020 2
2 0 565259 503073 12 16 13 15 -1 -1 0010100000000000000000000010001100000000000100000000000010102001001000000000000000000000002000000000000020200000220222020 2
1 0 564749 503073 9 5 8 6 -1 -1 0010100000000000000000000010001100000000000100000000000010102001001000000000000000000000002000000000000020000000222222020 2
2 0 564749 501878 11 9 12 10 -1 -1 0010100000000000000000000010001100000000000100000000000011102001000000000000000000000000002000000000000020000000222222020 2
1 0 564176 501878 8 6 7 7 -1 -1 0010100000000000000000000010001100000000000100000000000011102001000000000000000000000000000000000000000220000000222222020 2
2 0 564176 501100 12 10 13 9 -1 -1 0010100000000000000000000010001100000000000100001000000010102001000000000000000000000000000000000000000220000000222222020 2
1 0 563775 501100 8 8 4 8 -1 -1 0010100000000000000000000010001100000000000100001000000010102001000000000000000000000000000000000000000020000002222222020 2
2 0 563775 500631 8 12 9 13 -1 -1 0010100000000010000000000010001100000000000100001000000010002001000000000000000000000000000000000000000020000002222222020 2
1 0 563424 500631 5 7 3 9 -1 -1 0010100000000010000000000010001100000000000100001000000010000001000000200000000000000000000000000000000020000002222222020 2
2 0 563424 500141 9 13 10 12 -1 -1 0010101000000010000000000000001100000000000100001000000010000001000000200000000000000000000000000000000020000002222222020 2
1 0 562997 500141 6 18 4 16 -1 -1 0010101000000010000000000000001100000000000100001000000010000001000000000000000020000000000000000000000020000002222222020 2
2 0 562997 499408 10 12 11 11 -1 -1 0010101000000010001000000000001100000000000000001000000010000001000000000000000020000000000000000000000020000002222222020 2
1 0 562612 499408 4 8 0 12 -1 -1 0010101000000010001000000000001100000000000000001000000010000001000000000000000000000000000200000000000020000002222222020 2
2 0 562612 498875 13 13 15 11 -1 -1 1010101000000000001000000000001100000000000000001000000010000001000000000000000000000000000200000000000020000002222222020 2
1 0 562323 498875 8 4 7 5 -1 -1 1010101000000000001000000000001100000000000000001000000010000001000000000000000000000000000200000000000020000002202222220 2
2 0 562323 498459 11 11 13 13 -1 -1 1010101000000000001000000000001100000000000000011000000000000001000000000000000000000000000200000000000020000002202222220 2
1 0 562016 498459 8 18 7 19 -1 -1 1010101000000000001000000000001100000000000000011000000000000001000000000000000000000000000000000000000020000002222222220 2
2 0 562016 498198 14 10 16 12 -1 -1 1010101000000000001000000000001100000000000000011000001000000000000000000000000000000000000000000000000020000002222222220 2
1 0 561773 498198 4 16 4 14 -1 -1 1010101000000000001000000000001100000000000000011000001000000000000000000000000000000000000000000000000020000002222022222 2
2 0 561773 497862 12 12 14 10 -1 -1 1010101000000000010000000000001100000000000000011000001000000000000000000000000000000000000000000000000020000002222022222 2
