1322288908000
kingfish
benny
1 0 599808 600000 14 10 12 12 -1 -1 2222222222000000000000000000000000000000000000000000000000000000000000000000000000000000000000000000000000000001111111111 1
2 0 599808 599997 2 14 4 16 6 12 2222222222000000000000000000000000000000000000000000000000000000000000000000000000000000000000000000000010000001111011111 1
1 0 599806 599997 16 12 12 8 -1 -1 2222202222000000002000000000000000000000300000000000000000000000000000000000000000000000000000000000000010000001111011111 1
2 0 599806 599996 0 12 4 12 7 13 2222202222000000002000000000000000000000300000000000000000000000000000000000000000000000000000000000001010000001111011110 1
1 0 599805 599996 13 13 11 11 -1 -1 0222202222000000202000000000000000000000300000000003000000000000000000000000000000000000000000000000001010000001111011110 1
2 0 599805 599995 3 11 7 11 -1 -1 0222202222000000202000000000000000000000300000000003000000000000000000000000000000000000000100000000001010000001101011110 1
1 0 599804 599995 14 12 10 12 -1 -1 0222202022000000202000000000000000000000300000000023000000000000000000000000000000000000000100000000001010000001101011110 1
2 0 599804 599994 1 13 5 13 -1 -1 0222202022000000202000000000000000000000300000000023000000000000000000000000000010000000000100000000001010000001101001110 1
1 0 599803 599994 13 11 9 11 -1 -1 0202202022000000202000000000020000000000300000000023000000000000000000000000000010000000000100000000001010000001101001110 1
2 0 599803 599993 4 12 10 14 -1 -1 0202202022000000202000000000020000000000300000000023000000000000000001000000000010000000000100000000001010000001001001110 1
1 0 595244 599993 12 12 2 14 -1 -1 0202202022000000002000000000020000000000300000000023000000000000000001000000000012000000000100000000001010000001001001110 1
2 0 595244 599992 10 14 12 12 -1 -1 0202212022000000002000000000020000000000300000000023000000000000000001000000000012000000000100000000001000000001001001110 1
1 0 587550 599992 13 15 12 14 -1 -1 0202212022000000002000000000020000000000300000000023000000000000000001000000000010000000000100000000001020000001001001110 1
2 0 587550 599991 3 15 5 17 -1 -1 0202212022000000002000000000020000000000300000000023000000000000000001000000000010000000000100000000001021000001000001110 1
1 0 582803 599991 15 13 11 9 -1 -1 0202212020000000002000000000020200000000300000000023000000000000000001000000000010000000000100000000001021000001000001110 1
2 0 582803 599990 2 12 6 16 -1 -1 0202212020000000002000000000020200000000300000000023000000000000000001000000000010000000001100000000001021000001000001100 1
1 0 577574 599990 12 8 4 12 -1 -1 0202012020000000002000000000020200000000302000000023000000000000000001000000000010000000001100000000001021000001000001100 1
2 0 577574 599988 4 16 16 12 -1 -1 0202012020000000102000000000020200000000302000000023000000000000000001000000000010000000001100000000000021000001000001100 1
1 0 567226 599988 15 11 14 10 -1 -1 0202012020000000100000000000020200000000302000000023000000000000000001000000000010000000001100000000000021000001000001102 1
2 0 567226 599987 3 13 7 17 -1 -1 0202012020000000100000000000020200000000302000000023000000000000000001000000000010000000001100000000000021000001000101002 1
1 0 555881 599987 14 10 4 16 -1 -1 0202012000000000100000000000020200000000302000000023020000000000000001000000000010000000001100000000000021000001000101002 1
2 0 555881 599986 12 12 14 10 -1 -1 0202012000000000101000000000020200000000302000000023020000000000000001000000000010000000001100000000000021000001000001002 1
1 0 548602 599986 13 9 12 8 -1 -1 0202012000000000101000000000020200000000302000000023020000000000000001000000000010000000001100000000000001000001000201002 1
2 0 548602 599985 6 16 8 18 -1 -1 0202012000000000101000000000020200000000302000000023020000000000000001000000000010000000001100000000001001000000000201002 1
1 0 540421 599985 12 8 6 10 -1 -1 0202012000000000101000000000020200000000300000000023020000000002000001000000000010000000001100000000001001000000000201002 1
2 0 540421 599984 7 17 9 19 -1 -1 0202012000000000101000000000020200000001300000000023020000000002000001000000000010000000001100000000000001000000000201002 1
1 0 533227 599984 10 12 8 10 -1 -1 0202012000000000101000000000020200000001300000000023000000000002000001000200000010000000001100000000000001000000000201002 1
2 0 533227 599983 7 11 9 9 -1 -1 0202012000000000101000000000020200000001300000000023000000010002000001000200000000000000001100000000000001000000000201002 1
1 0 527992 599983 9 11 3 13 -1 -1 0202012000000000101000000000020200000001300000000003000000010002000021000200000000000000001100000000000001000000000201002 1
2 0 527992 599982 5 13 7 11 -1 -1 0202012010000000101000000000020200000001300000000003000000010002000020000200000000000000001100000000000001000000000201002 1
1 0 520704 599982 11 11 10 10 -1 -1 0202012010000000101000000000000200000001300000000023000000010002000020000200000000000000001100000000000001000000000201002 1
2 0 520704 599981 9 9 11 7 -1 -1 0202012010000000101000000000000200000001300000000023000000010002000020000200000100000000001000000000000001000000000201002 1
1 0 518049 599981 3 13 3 15 -1 -1 0202012010000000101000000000000200000001300000000023000000010002000000000200000100000000021000000000000001000000000201002 1
2 0 518049 599980 7 11 11 11 -1 -1 0202012001000000101000000000000200000001300000000023000000010002000000000200000100000000021000000000000001000000000201002 1
1 0 514114 599980 14 14 13 15 -1 -1 0202012001000000101000000000000200000001300000000003000000010002000000000200000100000000021200000000000001000000000201002 1
2 0 514114 599979 2 10 4 8 -1 -1 0202012001000000101000000000000200000001300000000003000000010002000000000200000100000000021200000000000001000000001200002 1
1 0 509450 599979 11 9 3 13 -1 -1 0200012001000020101000000000000200000001300000000003000000010002000000000200000100000000021200000000000001000000001200002 1
2 0 509450 599979 3 9 5 7 -1 -1 0200012011000020101000000000000200000001300000000003000000010002000000000200000100000000020200000000000001000000001200002 1
1 0 502919 599979 13 15 7 9 -1 -1 0200010011000020101000000020000200000001300000000003000000010002000000000200000100000000020200000000000001000000001200002 1
2 0 502919 599978 4 8 6 6 -1 -1 0200010011000020101000000020000200000001300000000103000000010002000000000200000100000000020200000000000001000000000200002 1
1 0 496418 599978 10 10 9 9 -1 -1 0200010011000000101000000020000200000201300000000103000000010002000000000200000100000000020200000000000001000000000200002 1
2 0 496418 599977 5 7 7 5 -1 -1 0200010011000000101000000020000200000201300000000103000000010002000010000200000000000000020200000000000001000000000200002 1
1 0 492258 599977 9 9 5 9 -1 -1 0200010011000000101000000000000200000201300000020103000000010002000010000200000000000000020200000000000001000000000200002 1
2 0 492258 599976 6 6 8 4 -1 -1 0200010011000000101000000001000200000201300000020103000000010002000000000200000000000000020200000000000001000000000200002 1
1 0 486880 599976 8 10 2 12 -1 -1 0200010011000000101000000001000200000001300000020103000020010002000000000200000000000000020200000000000001000000000200002 1
2 0 486880 599975 14 10 15 11 -1 -1 0200110011000000101000000001000200000001300000020103000020000002000000000200000000000000020200000000000001000000000200002 1
1 0 483146 599975 4 12 4 10 -1 -1 0200110011000000101000000001000200000001300000020103000020000002000000000200000000000000020200000000000001000000000000202 1
2 0 483146 599974 11 11 12 12 -1 -1 0200110011000001001000000001000200000001300000020103000020000002000000000200000000000000020200000000000001000000000000202 1
1 0 479973 599974 7 9 3 9 -1 -1 0200110011000001001000000001000200000001300000020103000020000002000000000200000000000000020000000000000021000000000000202 1
2 0 479973 599973 12 12 13 13 -1 -1 0200111011000001001000000001000200000001300000020003000020000002000000000200000000000000020000000000000021000000000000202 1
1 0 476749 599973 6 10 2 10 -1 -1 0200111011000001001000000001000200000001300000020003000020000002000000000200000000000000020000000000000001000000020000202 1
2 0 476749 599972 13 13 14 12 -1 -1 0201111011000001001000000001000200000000300000020003000020000002000000000200000000000000020000000000000001000000020000202 1
1 0 474970 599972 5 9 1 13 -1 -1 0201111011000001001000000001000200000000300000020003000020000002000000000200000000000000020000000000000001000000000020202 1
2 0 474970 599971 14 12 15 13 -1 -1 0211111011000001001000000000000200000000300000020003000020000002000000000200000000000000020000000000000001000000000020202 1
1 0 473997 599971 2 14 0 12 -1 -1 0211111011000001001000000000000200000000300000020003000020000002000000000200000000000000020000000000000001000000000000222 1
2 0 473997 599971 11 7 12 8 -1 -1 1211101011000001001000000000000200000000300000020003000020000002000000000200000000000000020000000000000001000000000000222 1
1 0 472797 599971 4 10 3 11 -1 -1 1211101011000001001000000000000200000000300000020003000020000002000000000200000000000000000000000000002001000000000000222 1
2 0 472797 599970 12 8 13 9 -1 -1 1211101111000000001000000000000200000000300000020003000020000002000000000200000000000000000000000000002001000000000000222 1
1 0 472239 599970 4 16 2 14 -1 -1 1211101111000000001000000000000200000000300000020003000020000002000000000200000000000000000000000000000001000002000000222 1
