1322286857000
kingfish
benny
1 0 599826 600000 14 10 12 12 -1 -1 2222222222000000000000000000000000000000000000000000000000000000000000000000000000000000000000000000000000000001111111111 1
2 0 599826 599997 2 14 4 12 -1 -1 2222222222000000000000000000000000000000000000000000000000000000000000000000000000000000000000000000000010000001111011111 1
1 0 599825 599997 16 12 12 8 -1 -1 2222202222000000200000000000000000000000000000000000000000000000000000000000000000000000000000000000000010000001111011111 1
2 0 599825 599996 0 12 4 16 -1 -1 2222202222000000200000000000000000000000000000000000000000000000000000000000000000000000000000000000001010000001111011110 1
1 0 599824 599996 13 13 11 11 -1 -1 0222202222000000202000000000000000000000000000000000000000000000000000000000000000000000000000000000001010000001111011110 1
2 0 599824 599995 3 11 5 9 4 10 0222202222000000202000000000000000000000000000000000000000000000000000000000000000000000000100000000001010000001101011110 1
1 0 599823 599995 14 12 10 12 -1 -1 0222202022000003202000000002000000000000000000000000000000000000000000000000000000000000000100000000001010000001101011110 1
2 0 599823 599994 2 10 6 10 -1 -1 0222202022000003202000000002000000000000000000000000000000000000000000000000000010000000000100000000001010000001101001110 1
1 0 599823 599994 13 11 9 11 -1 -1 0220202022000003202000000002000000000002000000000000000000000000000000000000000010000000000100000000001010000001101001110 1
2 0 599823 599993 3 9 7 9 8 14 0220202022000003202000000002000000000002000000000000000000000000000001000000000010000000000100000000001010000001001001110 1
1 0 598293 599993 12 12 8 16 -1 -1 0220200022000003202000000002000000000002000000000200000000000300000001000000000010000000000100000000001010000001001001110 1
2 0 598293 599992 1 13 5 13 -1 -1 0220200022000003202000000002000000000002000000000200000000000310000001000000000010000000000100000000001000000001001001110 1
1 0 596736 599992 10 12 4 14 -1 -1 0200200022000003202000000002020000000002000000000200000000000310000001000000000010000000000100000000001000000001001001110 1
2 0 596736 599991 6 10 8 8 -1 -1 0200200022000003212000000002020000000002000000000200000000000310000001000000000000000000000100000000001000000001001001110 1
1 0 594579 599991 12 8 11 9 -1 -1 0200200022000003212000000002020000000000000000000200000000200310000001000000000000000000000100000000001000000001001001110 1
2 0 594579 599990 7 9 9 7 -1 -1 0200200022000003212000000002020000000000000000000200000000200310000001000000000000000000001100000000000000000001001001110 1
1 0 592627 599990 14 14 8 12 -1 -1 0200200022000003212000000002020000000000000000000000000000200310000201000000000000000000001100000000000000000001001001110 1
2 0 592627 599989 8 8 10 6 -1 -1 0200200022000003212000000002020000000000000000000000000000201310000201000000000000000000001100000000000000000001001000110 1
1 0 590739 599989 11 11 7 11 -1 -1 0200200022000003212000000002020000000000000000000000000000001310000201000000020000000000001100000000000000000001001000110 1
2 0 590739 599988 4 12 6 10 -1 -1 0200200022000003212000000002020000000000000000000010000000001310000201000000020000000000001000000000000000000001001000110 1
1 0 589317 599988 9 11 5 15 -1 -1 0200200022000003012000000002020000000002000000000010000000001310000201000000020000000000001000000000000000000001001000110 1
2 0 589317 599987 4 16 6 14 -1 -1 0200200022000003012000000002021000000002000000000010000000001310000200000000020000000000001000000000000000000001001000110 1
1 0 587551 599987 8 16 7 15 -1 -1 0200200022000003010000000002021000000002020000000010000000001310000200000000020000000000001000000000000000000001001000110 1
2 0 587551 599987 6 14 8 16 -1 -1 0200200022000003010000000002021000000002020000000010100000001300000200000000020000000000001000000000000000000001001000110 1
1 0 586386 599987 8 12 7 13 -1 -1 0200200022000003010000000002021000000002000000000010100000001320000200000000020000000000001000000000000000000001001000110 1
2 0 586386 599986 6 10 8 12 -1 -1 0200200022000003010000000002021000000002000000000011100000000320000200000000020000000000001000000000000000000001001000110 1
1 0 585547 599986 15 11 14 10 -1 -1 0200200022000003010000000002021000000000000000000011100000002320000200000000020000000000001000000000000000000001001000110 1
2 0 585547 599985 10 6 11 7 -1 -1 0200200022000003010000000002021000000000000000000011100000002320000200000000020000000000001000000000000000000001001100010 1
1 0 584477 599985 5 15 3 9 -1 -1 0200200022000003010000000002021000000000000000000011100000002320000200000000000000000000021000000000000000000001001100010 1
2 0 584477 599984 3 13 5 7 -1 -1 0200201022000003010000000002020000000000000000000011100000002320000200000000000000000000021000000000000000000001001100010 1
1 0 581950 599984 14 10 8 8 -1 -1 0200201002000003010000000022020000000000000000000011100000002320000200000000000000000000021000000000000000000001001100010 1
2 0 581950 599983 1 11 5 15 -1 -1 0200201002000003010000000022020000000000000000000011100000102320000200000000000000000000021000000000000000000001001000010 1
1 0 580068 599983 13 9 12 10 -1 -1 0000201002000003010000000022022000000000000000000011100000102320000200000000000000000000021000000000000000000001001000010 1
2 0 580068 599982 11 7 13 9 -1 -1 0000201002000003010000000022022000000000000000000011100000102320000200000000000000000000021000000000000100000000001000010 1
1 0 577471 599982 12 10 6 12 -1 -1 0000201002000003010000000022022000000000000000000011100000102320000200000000000000000000001000000000000100000002001000010 1
2 0 577471 599982 13 9 14 10 -1 -1 0000201002000003010000000022022000000000100000000011100000102320000200000000000000000000001000000000000000000002001000010 1
1 0 576883 599982 3 9 3 11 -1 -1 0000201002000003010000000022022000000000100000000011100000102320000200000000000000000000001000000000000000000000001200010 1
2 0 576883 599981 14 10 15 11 -1 -1 0000200102000003010000000022022000000000100000000011100000102320000200000000000000000000001000000000000000000000001200010 1
1 0 575398 599981 13 15 12 14 -1 -1 0000200102000003010000000022022000000000100000000011100000102320000200000000000000000000001000000000000000000000001000210 1
2 0 575398 599980 15 11 16 12 -1 -1 0000200102000003010000000022022000000000100000000011100000102320000200000000000000000000001000000000000001000000000000210 1
1 0 573975 599980 12 14 11 13 -1 -1 0000200102000003010000000022022000000000100000000011100000102320000200000000000000000000001000000000000001000000000000012 1
2 0 573975 599979 9 7 10 8 -1 -1 0000200102000003010000000022022000000000100000000011100000102320000200000000000000000000001010000000000000000000000000012 1
1 0 570852 599979 11 9 7 9 -1 -1 0000200102000003010000000022022000000000100000000011100000102320000000000000002000000000001010000000000000000000000000012 1
2 0 570852 599978 10 8 11 9 -1 -1 0000200102000003010000000022022000000000100000000111100000102320000000000000002000000000000010000000000000000000000000012 1
1 0 569198 599978 8 8 2 14 -1 -1 0000200102000003010000000022022000000000100000000111100000102320000000000000000000000000002010000000000000000000000000012 1
2 0 569198 599977 11 9 12 10 -1 -1 0000210102000003010000000022022000000000100000000111100000002320000000000000000000000000002010000000000000000000000000012 1
1 0 567467 599977 7 13 1 11 -1 -1 0000210102000003010000000022022000000000100000000111100000002320000000000000000000000000000010000000000200000000000000012 1
2 0 567467 599977 5 15 9 15 -1 -1 0100210102000003010000000022022000000000100000000110100000002320000000000000000000000000000010000000000200000000000000012 1
1 0 564393 599977 7 9 3 9 -1 -1 0100210102000003010000000022020000000000100000000110100000002320000000020000000000000000000010000000000200000000000000012 1
2 0 564393 599976 8 16 12 8 -1 -1 0100211102000003010000000022020000000000100000000010100000002320000000020000000000000000000010000000000200000000000000012 1
1 0 561418 599976 6 12 5 11 -1 -1 0100211102000003010000000022020000000000100000000010100000002300000000020000000000000000000010000000002200000000000000012 1
2 0 561418 599975 8 12 12 12 -1 -1 0100211102000003010000000022120000000000000000000010100000002300000000020000000000000000000010000000002200000000000000012 1
1 0 560184 599975 7 11 6 10 -1 -1 0100211102000003010000000022120000000000000000000010100000000300000000020000000000000000000010000000002220000000000000012 1
2 0 560184 599974 5 9 7 11 -1 -1 0100211102000003010000000022120000000001000000000000100000000300000000020000000000000000000010000000002220000000000000012 1
1 0 558594 599974 6 10 0 12 -1 -1 0100211102000003010000000020120000000001000000000020100000000300000000020000000000000000000010000000002220000000000000012 1
2 0 558594 599973 12 10 13 9 -1 -1 1100211102000003010000000020120000000000000000000020100000000300000000020000000000000000000010000000002220000000000000012 1
1 0 557097 599973 5 11 3 13 -1 -1 1100211102000003010000000020120000000000000000000020100000000300000000020000000000000000000010000000002020000002000000012 1
2 0 557097 599972 12 8 14 10 -1 -1 1100211112000003010000000020020000000000000000000020100000000300000000020000000000000000000010000000002020000002000000012 1
1 0 556364 599972 7 15 6 16 -1 -1 1100211112000003010000000020020000000000000000000020100000000300000000020000000000000000000010000000000020000002000200012 1
2 0 556364 599971 13 9 15 11 -1 -1 1100211112000003010000000020020000000000001000000020000000000300000000020000000000000000000010000000000020000002000200012 1
1 0 555584 599971 6 16 5 15 -1 -1 1100211112000003010000000020020000000000001000000020000000000300000000020000000000000000000010000000000020000000000200212 1
2 0 555584 599970 12 12 13 13 -1 -1 1100211112000003010000000020021000000000000000000020000000000300000000020000000000000000000010000000000020000000000200212 1
1 0 555015 599970 15 13 14 14 -1 -1 1100211112000003010000000020021000000000000000000020000000000300000000020000000000000000000010000000000000000000020200212 1
2 0 555015 599969 13 13 14 12 -1 -1 1100211112000003010000000020021000000000000000000020000000000300000000020000000000000000000010000000000000000000020201202 1
1 0 554624 599969 11 13 10 12 -1 -1 1100211112000003010000000020021000000000000000000020000000000300000000020000000000000000000010000000000000000000000221202 1
2 0 554624 599969 14 12 15 13 -1 -1 1100211112000003010000000020021000000000000000000020000000000300000000020000000010000000000000000000000000000000000221202 1
1 0 554258 599969 10 12 9 13 -1 -1 1100211112000003010000000020021000000000000000000020000000000300000000020000000010000000000000000000000000000000000201222 1
2 0 554258 599968 9 15 10 16 -1 -1 1100211112000003010000000020021000000000000000000020000000000300000000120000000000000000000000000000000000000000000201222 1
1 0 553928 599968 5 15 4 16 -1 -1 1100211112000003010000000020021000000000000000000020000000000300000000100000000000200000000000000000000000000000000201222 1
2 0 553928 599967 3 15 5 17 -1 -1 1100211112000003011000000020020000000000000000000020000000000300000000100000000000200000000000000000000000000000000201222 1
1 0 553222 599967 4 16 2 10 -1 -1 1100211110000003011000000020020200000000000000000020000000000300000000100000000000200000000000000000000000000000000201222 1
2 0 553222 599966 10 16 11 15 -1 -1 1101211110000003010000000020020200000000000000000020000000000300000000100000000000200000000000000000000000000000000201222 1
1 0 552651 599966 14 14 13 15 -1 -1 1101211110000003010000000020020200000000000000000020000000000300000000100000000000000000000002000000000000000000000201222 1
2 0 552651 599965 11 15 12 16 -1 -1 1101211110000003010000000020020200000000000000000020000000000300000000100000000000000000000002000000000000000000001200222 1
1 0 552234 599965 13 15 11 17 -1 -1 1101211110000003010000000020020200000000000000000020000000000300000000100000000000000000000000000000000000200000001200222 1
2 0 552234 599964 12 16 13 15 -1 -1 1101211110000003010000000020020200000000000000000020000000000300000000100000000000000000000000100000000000200000000200222 1
1 0 551809 599964 11 17 10 16 -1 -1 1101211110000003010000000020020200000000000000000020000000000300000000100000000000000000000000100000000000000000002200222 1
2 0 551809 599963 13 15 14 14 -1 -1 1101211110000003010000000020020200000000000000000020000000000300000000100000000000100000000000000000000000000000002200222 1
1 0 551327 599963 10 16 9 15 -1 -1 1101211110000003010000000020020200000000000000000020000000000300000000100000000000100000000000000000000000000000000202222 1
2 0 551327 599962 7 11 8 12 -1 -1 1101211110000003010000000020020200000000000000000020000000000300000000110000000000000000000000000000000000000000000202222 1
1 0 550883 599962 9 13 7 11 -1 -1 1101211110000003010000000020020200000000000000000000000000002300000000110000000000000000000000000000000000000000000202222 1
2 0 550883 599961 8 12 10 14 -1 -1 1101211110000003010000000020020200000000000000000010000000002300000000010000000000000000000000000000000000000000000202222 1
1 0 550595 599961 7 11 6 12 -1 -1 1101211110000003010000000020020200000000000000000010000000000300000000010000000002000000000000000000000000000000000202222 1
2 0 550595 599960 5 13 7 11 -1 -1 1101211110000003010000000020020200000000100000000000000000000300000000010000000002000000000000000000000000000000000202222 1
1 0 550102 599960 9 15 5 11 -1 -1 1101211110000003010000000020000200000000100000000020000000000300000000010000000002000000000000000000000000000000000202222 1
2 0 550102 599959 10 14 11 13 -1 -1 1101211110000003010000000020100200000000100000000020000000000300000000000000000002000000000000000000000000000000000202222 1
1 0 549709 599959 6 12 5 13 -1 -1 1101211110000003010000000020100200000000100000000020000000000300000000000000000000000000000020000000000000000000000202222 1
2 0 549709 599958 11 13 12 12 -1 -1 1101211110000003010000000020110200000000000000000020000000000300000000000000000000000000000020000000000000000000000202222 1
1 0 549316 599958 5 13 1 13 -1 -1 1101211110000003010000000020110200000000000000000020000000000300000000000000000000000000000000000000000020000000000202222 1
2 0 549316 599957 12 12 13 13 -1 -1 1111211110000003010000000020100200000000000000000020000000000300000000000000000000000000000000000000000020000000000202222 1
1 0 549064 599957 4 14 3 15 -1 -1 1111211110000003010000000020100200000000000000000020000000000300000000000000000000000000000000000000000000000000020202222 1
