1322295264000
ccplus
kingfish
1 0 599859 600000 14 10 12 8 11 13 2222222222000000000000000000000000000000000000000000000000000000000000000000000000000000000000000000000000000001111111111 2
2 0 599859 599883 2 14 4 12 -1 -1 2222222222000000000000000000000000000000000000000000000000000000000000000000000000000000000030000000001000000001111011111 2
1 0 599830 599883 14 12 10 12 -1 -1 2222202222000000200000000000000000000000000000000000000000000000000000000000000000000000000030000000001000000001111011111 2
2 0 599830 599882 0 12 4 16 -1 -1 2222202222000000200000000000000000000000000000000000000000000000000000000000000010000000000030000000001000000001111001111 2
1 0 599797 599882 14 14 10 10 -1 -1 0222202222000000202000000000000000000000000000000000000000000000000000000000000010000000000030000000001000000001111001111 2
2 0 599797 599881 3 11 5 13 -1 -1 0222202222000000202000000000000000000000000000000000000000000000000000000000000110000000000030000000001000000001111000111 2
1 0 599751 599881 10 10 9 11 6 8 0222202022000000202000000000020000000000000000000000000000000000000000000000000110000000000030000000001000000001111000111 2
2 0 599751 599880 2 12 6 12 -1 -1 0222202022000000202000000000020000000030000000000000000000000000000001000000000010000000000030000000001000000001111000111 2
1 0 599717 599880 16 12 8 12 -1 -1 0222002022000000202000000000020000000030200000000000000000000000000001000000000010000000000030000000001000000001111000111 2
2 0 599717 593383 2 10 4 8 -1 -1 0222002022000000202000000000020000000030200000000000000000001000000001000000000010000000000030000000001000000001111000110 2
1 0 599659 593383 15 11 14 10 -1 -1 0220002022000020202000000000020000000030200000000000000000001000000001000000000010000000000030000000001000000001111000110 2
2 0 599659 586651 3 9 7 9 -1 -1 0220002022000020202000000000020000000030200000000000000000001000000001000000000010000000000030000000001000000001111100010 2
1 0 599621 586651 9 11 5 11 -1 -1 0220000022000020202000000000020000000030200000000200000000001000000001000000000010000000000030000000001000000001111100010 2
2 0 599621 576218 5 13 11 15 -1 -1 0220000022000020202000000000120000000030200000000200000000001000000000000000000010000000000030000000001000000001111100010 2
1 0 599589 576218 14 10 10 10 -1 -1 0220000022000020202000000000100000000030200000000200000000001000000000000000000010000000000032000000001000000001111100010 2
2 0 599589 567228 3 15 11 11 -1 -1 0220000022000020202000000000100000000030200000000200000000001000000000000000000110000000000032000000001000000001111000010 2
1 0 599528 567228 15 13 14 14 -1 -1 0220000020000020202000000000100000000030200000000200000000001000000000000000000110000000000232000000001000000001111000010 2
2 0 599528 563801 1 11 2 12 -1 -1 0220000020000020202000000000100000000030200000000200000000001000000000000000000110000000000232000000001000000001111001000 2
1 0 599485 563801 10 10 9 9 -1 -1 0020200020000020202000000000100000000030200000000200000000001000000000000000000110000000000232000000001000000001111001000 2
2 0 599485 559062 4 12 10 10 -1 -1 0020200020000020202000000000100000000030200000000200000000001000000010000000000010000000000232000000001000000001111001000 2
1 0 599446 559062 10 12 8 14 -1 -1 0020200020000020002000000000100000000030200000000200000000001000000010000000000210000000000232000000001000000001111001000 2
2 0 599446 553664 3 13 4 12 -1 -1 0020200020000020002000000000100000000030200000000200000000001100000010000000000200000000000232000000001000000001111001000 2
1 0 599402 553664 5 11 1 11 -1 -1 0020200000000020202000000000100000000030200000000200000000001100000010000000000200000000000232000000001000000001111001000 2
2 0 599402 550540 1 13 7 11 -1 -1 0120200000000020202000000000000000000030200000000200000000001100000010000000000200000000000232000000001000000001111001000 2
1 0 599356 550540 8 12 9 13 -1 -1 0100200000000020202000000000000000000030200000000220000000001100000010000000000200000000000232000000001000000001111001000 2
2 0 599356 544696 6 12 14 12 -1 -1 0100200000000020202000000000000000000030200000000220000000000100000010100000000200000000000232000000001000000001111001000 2
1 0 599289 544696 12 8 6 10 -1 -1 0100200000000020202000000000000000000030000000000220000000000100000010100000000200000000000232000000001000000001111021000 2
2 0 599289 539824 7 9 11 9 -1 -1 0100200000000020202000000000000000000031000000000220000000000100000010100000000200000000000232000000000000000001111021000 2
1 0 599228 539824 6 10 5 11 -1 -1 0100200000000020202000000000000000000031000000000020000000000100000010100000000200000000002232000000000000000001111021000 2
2 0 599228 531827 4 12 10 14 -1 -1 0100200000000020202000000000100000000030000000000020000000000100000010100000000200000000002232000000000000000001111021000 2
1 0 599196 531827 8 14 4 10 -1 -1 0100200000000020002000000000100000000030000000000020000000000100000010100000000202000000002232000000000000000001111021000 2
2 0 599196 528094 4 8 8 12 -1 -1 0100200000000021002000000000100000000030000000000020000000000000000010100000000202000000002232000000000000000001111021000 2
1 0 599167 528094 5 11 3 9 -1 -1 0100200000000001002000000000100000000030000000000020000000002000000010100000000202000000002232000000000000000001111021000 2
2 0 599167 524511 7 11 8 10 -1 -1 0100201000000001002000000000000000000030000000000020000000002000000010100000000202000000002232000000000000000001111021000 2
1 0 599146 524511 9 9 7 11 -1 -1 0100201000000001002000000000000000000030000000000000000000022000000010100000000202000000002232000000000000000001111021000 2
2 0 599146 520063 8 10 12 10 -1 -1 0100201000000001002000000000000000000030000000000010000000022000000000100000000202000000002232000000000000000001111021000 2
1 0 599127 520063 1 11 0 12 -1 -1 0100201000000001002000000000000000000030000000000010000000002000000000100000000202000000002232000000000200000001111021000 2
2 0 599127 515490 10 14 14 10 -1 -1 1000201000000001002000000000000000000030000000000010000000002000000000100000000202000000002232000000000200000001111021000 2
1 0 599109 515490 9 13 9 15 -1 -1 1000201000000001002000000000000000000030000000000010000000002000000000100000000200000000002232000000000200000001111221000 2
2 0 599109 512518 11 15 12 14 -1 -1 1000201000000001002000000000000000000030000000000010000000002000000000010000000200000000002232000000000200000001111221000 2
1 0 599090 512518 13 13 11 15 -1 -1 1000201000000001002000000000000000000030000000000010000000002000000000010000000200000000002230000000000202000001111221000 2
2 0 599090 509895 10 10 12 16 -1 -1 1000201000000001002000000000000000000030000000000010000000002000000000010000000200000000002231000000000202000001101221000 2
1 0 599070 509895 13 9 13 13 -1 -1 1000201000000001002000000000000000000030000000000010000000002000000000010000000000000000002231000000000202200001101221000 2
2 0 599070 507788 11 11 12 12 -1 -1 1000201000000001002000000000000000000030000000000010000000002000000000010000000000000000002231000000000202200000111221000 2
1 0 599051 507788 13 13 11 11 -1 -1 1000201000000001002000000000000000000030000000000010000000002000000000010000000000000000002031000000000222200000111221000 2
2 0 599051 505685 12 10 13 9 -1 -1 1000201000000001002000000000000000000030000000000010000000002000000000010000000000000000002131000000000222200000101221000 2
1 0 599028 505685 3 9 2 10 -1 -1 1000201000000001002000000000000000000030000000000010000000002000000000010000000000000000002131000000000022200002101221000 2
2 0 599028 503213 8 12 9 13 -1 -1 1001200000000001002000000000000000000030000000000010000000002000000000010000000000000000002131000000000022200002101221000 2
1 0 599005 503213 2 10 1 11 -1 -1 1001200000000001002000000000000000000030000000000010000000000000000000210000000000000000002131000000000022200002101221000 2
2 0 599005 500777 4 16 5 15 -1 -1 1100200000000001002000000000000000000030000000000010000000000000000000210000000000000000002131000000000022200002101221000 2
1 0 598983 500777 4 10 3 9 -1 -1 1100200000000001000000000000002000000030000000000010000000000000000000210000000000000000002131000000000022200002101221000 2
2 0 598983 497605 5 15 6 14 -1 -1 1100201000000000000000000000002000000030000000000010000000000000000000210000000000000000002131000000000022200002101221000 2
1 0 598962 497605 3 9 2 10 -1 -1 1100201000000000000000000000000000000030020000000010000000000000000000210000000000000000002131000000000022200002101221000 2
2 0 598962 494629 6 14 7 13 -1 -1 1101200000000000000000000000000000000030020000000010000000000000000000210000000000000000002131000000000022200002101221000 2
1 0 598944 494629 7 11 6 12 -1 -1 1101200000000000000000000000000000000030000000000012000000000000000000210000000000000000002131000000000022200002101221000 2
2 0 598944 491415 12 14 13 13 -1 -1 1101200000000000000000000000000000000030100000000002000000000000000000210000000000000000002131000000000022200002101221000 2
1 0 598925 491415 13 15 12 14 -1 -1 1101200000000000000000000000000000000030100000000002000000000000000000210000000000000000002131000000000020200002121221000 2
2 0 598925 489278 7 13 8 14 -1 -1 1101200000000000000000000000000000000030100000000002000000000000000000210000000000000000002131000000000021200002120221000 2
1 0 598906 489278 9 15 5 11 -1 -1 1101200000000000000000000000000000000030100000000000000000000200000000210000000000000000002131000000000021200002120221000 2
2 0 598906 487412 8 14 12 10 -1 -1 1101200000000000000000000000100000000030100000000000000000000200000000200000000000000000002131000000000021200002120221000 2
1 0 598890 487412 12 14 8 14 -1 -1 1101200000000000000000000000100000000030100000000000000000000000000000200000000000000000002131000000000221200002120221000 2
2 0 598890 485792 2 12 3 13 -1 -1 1101200000000000000000000000100000000030100000000000000000000100000000200000000000000000002131000000000220200002120221000 2
1 0 598868 485792 6 12 4 10 -1 -1 1101000020000000000000000000100000000030100000000000000000000100000000200000000000000000002131000000000220200002120221000 2
2 0 598868 483944 13 9 15 11 -1 -1 1101000020000001000000000000100000000030000000000000000000000100000000200000000000000000002131000000000220200002120221000 2
1 0 598846 483944 5 11 3 9 -1 -1 1101000020000001000000000000100000000030000000000000000000000100000000200000000000000000002131000000000220200000120221200 2
2 0 598846 482237 3 13 4 12 -1 -1 1101001020000001000000000000000000000030000000000000000000000100000000200000000000000000002131000000000220200000120221200 2
1 0 598827 482237 4 10 3 11 -1 -1 1101001000000001200000000000000000000030000000000000000000000100000000200000000000000000002131000000000220200000120221200 2
2 0 598827 480264 4 12 5 11 -1 -1 1101001100000000200000000000000000000030000000000000000000000100000000200000000000000000002131000000000220200000120221200 2
1 0 598809 480264 3 11 2 12 -1 -1 1101001100000000000000000000200000000030000000000000000000000100000000200000000000000000002131000000000220200000120221200 2
2 0 598809 478037 5 11 6 12 -1 -1 1101101000000000000000000000200000000030000000000000000000000100000000200000000000000000002131000000000220200000120221200 2
1 0 598792 478037 2 12 1 13 -1 -1 1101101000000000000000000000000000000030200000000000000000000100000000200000000000000000002131000000000220200000120221200 2
2 0 598792 474906 6 12 7 11 -1 -1 1111001000000000000000000000000000000030200000000000000000000100000000200000000000000000002131000000000220200000120221200 2
1 0 598778 474906 8 14 7 15 -1 -1 1111001000000000000000000000000000000030000000000020000000000100000000200000000000000000002131000000000220200000120221200 2
2 0 598778 471872 12 10 13 9 -1 -1 1111001000000000000000000000000000000030000000000020100000000000000000200000000000000000002131000000000220200000120221200 2
1 0 598764 471872 7 15 6 16 -1 -1 1111001000000000000000000000000000000030000000000020100000000000000000200000000000000000002131000000000020200002120221200 2
2 0 598764 470082 9 13 10 12 -1 -1 1111001000000000000000000000000000000030001000000020000000000000000000200000000000000000002131000000000020200002120221200 2
1 0 598752 470082 11 11 9 13 -1 -1 1111001000000000000000000000000000000030001000000020000000000000000000000000000020000000002131000000000020200002120221200 2
2 0 598752 467432 7 11 8 12 -1 -1 1111001000000000000000000000000000000030001000000020000000000000000000100000000020000000002031000000000020200002120221200 2
1 0 598736 467432 9 13 7 11 -1 -1 1111001000000000000000000000000000000030001000000000000000002000000000100000000020000000002031000000000020200002120221200 2
2 0 598736 465338 10 12 12 10 -1 -1 1111001000000000000000000000000000000030001000000010000000002000000000000000000020000000002031000000000020200002120221200 2
1 0 598721 465338 6 16 5 15 -1 -1 1111001000000000000000000000000000000030001000000010000000002000000000000000000000000000002031000000000220200002120221200 2
2 0 598721 463595 8 12 9 13 -1 -1 1111001000000000000000000000001000000030000000000010000000002000000000000000000000000000002031000000000220200002120221200 2
1 0 598706 463595 5 15 4 16 -1 -1 1111001000000000000000000000001000000030000000000010000000000000000000200000000000000000002031000000000220200002120221200 2
2 0 598706 462289 9 13 10 12 -1 -1 1111001000000000001000000000000000000030000000000010000000000000000000200000000000000000002031000000000220200002120221200 2
1 0 598691 462289 11 15 9 13 -1 -1 1111001000000000001000000000000000000030000000000010000000000000000000000000000020000000002031000000000220200002120221200 2
2 0 598691 460979 12 16 13 15 -1 -1 1111001000000000001000000000000000000030000000000010000000000000000000100000000020000000002030000000000220200002120221200 2
1 0 598678 460979 4 16 3 15 -1 -1 1111001000000000001000000000000000000030000000000010000000000000000000100000000020000000002030000000000220000002122221200 2
2 0 598678 459842 14 12 15 13 -1 -1 1111001001000000000000000000000000000030000000000010000000000000000000100000000020000000002030000000000220000002122221200 2
1 0 598664 459842 3 15 2 14 -1 -1 1111001001000000000000000000000000000030000000000010000000000000000000100000000020000000002030000000000220000002122201220 2
2 0 598664 458831 10 12 14 12 -1 -1 1111011000000000000000000000000000000030000000000010000000000000000000100000000020000000002030000000000220000002122201220 2
1 0 598653 458831 7 11 6 12 -1 -1 1111011000000000000000000000000000000030000000000010000000000000000000100000000000000000002030000000000220000002122221220 2
2 0 598653 458253 11 9 12 8 -1 -1 1111011000000000000000000000000000000030100000000000000000000000000000100000000000000000002030000000000220000002122221220 2
1 0 598643 458253 13 11 11 9 -1 -1 1111011000000000000000000000000000000030100000000000000000000000000000100000000000000000000030000000002220000002122221220 2
2 0 598643 457644 12 10 13 11 -1 -1 1111011000000000000000000000000000000030100000000000000000000000000000100000000000000000001030000000002220000002022221220 2
1 0 598630 457644 14 14 12 16 -1 -1 1111011000000000000000000000000000000030100000000000000000000000000000100000000000000000001030000000002020000002222221220 2
2 0 598630 456645 12 12 16 12 -1 -1 1111011000000000000000000000000000000030100000000000000000000000000000100000000000000000001030000000002020100002222220220 2
1 0 598615 456645 12 16 8 12 -1 -1 1111011000000000000000000000000000000030100000000000000000000000000000100000000000000000001030000000002000100002222220222 2
2 0 598615 456230 12 8 12 10 -1 -1 1111011000000000000000000000000000000030100000000000000000001000000000100000000000000000001030000000002000000002222220222 2
1 0 598598 456230 11 9 10 8 -1 -1 1111011000000000000000000000000000000030100000000000000000001000000000100000000000000000001030000000000200000002222220222 2
2 0 598598 455789 12 10 12 12 -1 -1 1111011000000000000000000000000000000030100000000000000000001000000000100000001000000000000030000000000200000002222220222 2
1 0 598585 455789 10 8 9 9 -1 -1 1111011000000000000000000000000000000030100000000000000000001000000000100000001000000000000030000000000020000002222220222 2
2 0 598585 455488 12 12 14 14 -1 -1 1111011000000000000000000000000000000030100000000000000000001000000010100000000000000000000030000000000020000002222220222 2
