1322290538000
kingfish
benny
1 0 599802 600000 14 10 12 12 -1 -1 2222222222000000000000000000000000000000000000000000000000000000000000000000000000000000000000000000000000000001111111111 1
2 0 599802 599997 2 14 4 12 -1 -1 2222222222000000000000000000000000000000000000000000000000000000000000000000000000000000000000000000000010000001111011111 1
1 0 599800 599997 16 12 12 8 -1 -1 2222202222000000200000000000000000000000000000000000000000000000000000000000000000000000000000000000000010000001111011111 1
2 0 599800 599996 0 12 4 16 -1 -1 2222202222000000200000000000000000000000000000000000000000000000000000000000000000000000000000000000001010000001111011110 1
1 0 599799 599996 13 13 11 11 -1 -1 0222202222000000202000000000000000000000000000000000000000000000000000000000000000000000000000000000001010000001111011110 1
2 0 599799 599995 3 11 5 13 7 11 0222202222000000202000000000000000000000000000000000000000000000000000000000000000000000000100000000001010000001101011110 1
1 0 599798 599995 14 12 10 12 -1 -1 0222202022000000202000000000020000000000000000000030000000000000000000000000000000000000000100000000001010000001101011110 1
2 0 599798 599994 2 12 8 14 8 12 0222202022000000202000000000020000000000000000000030000000000000000000000000000010000000000100000000001010000001101001110 1
1 0 593024 599994 13 15 12 14 -1 -1 0222002022000000202000000000020000000000000000000030000000003200000000000000000010000000000100000000001010000001101001110 1
2 0 593024 599993 4 12 6 14 -1 -1 0222002022000000202000000000020000000000000000000030000000003200000000000000000010000000000100000000001011000001100001110 1
1 0 587143 599993 13 11 5 11 -1 -1 0222002022000000002000000000020000000000020000000030000000003200000000000000000010000000000100000000001011000001100001110 1
2 0 587143 599992 5 13 9 13 -1 -1 0222002022000000002000000000120000000000020000000030000000003200000000000000000010000000000100000000001011000001000001110 1
1 0 581720 599992 15 13 5 15 -1 -1 0222002022000000002000000000100000000000020000000030000000003200000000200000000010000000000100000000001011000001000001110 1
2 0 581720 599991 3 15 7 15 -1 -1 0222002022000000002000000000101000000000020000000030000000003200000000200000000010000000000100000000001011000001000001100 1
1 0 574448 599991 15 11 15 13 -1 -1 0222002020000000002000000000101000000000020000000030200000003200000000200000000010000000000100000000001011000001000001100 1
2 0 574448 599990 2 10 6 10 -1 -1 0222002020000000002000000000101000000000020000000030200000003200000000200000000010000000000100000000001011000001000001010 1
1 0 566479 599990 15 13 7 13 -1 -1 0220002020000000002000000000101000000002020000000030200000003200000000200000000010000000000100000000001011000001000001010 1
2 0 566479 599989 6 14 8 16 -1 -1 0220002020000000002000000000101000000002020000000031200000003200000000200000000010000000000100000000001011000001000001000 1
1 0 557685 599989 14 14 13 15 -1 -1 0220002020000000002000000000101000000002000000000031200000003220000000200000000010000000000100000000001011000001000001000 1
2 0 557685 599988 7 15 9 17 -1 -1 0220002020000000002000000000101000000002000000000031200000003220000000200000000010000000000100000000001011000001001000000 1
1 0 550116 599988 13 15 7 17 -1 -1 0220002020000000002000000000101000000002000000000031000000003220000000202000000010000000000100000000001011000001001000000 1
2 0 550116 599987 8 14 10 16 -1 -1 0220002020000000002000000000101000000002000000000031010000003220000000202000000010000000000100000000001011000001000000000 1
1 0 536067 599987 10 12 2 12 -1 -1 0220002020000000002000000000101000000002000000000031010000003020000000202000000010200000000100000000001011000001000000000 1
2 0 536067 599985 9 17 13 13 -1 -1 0220102020000000002000000000101000000002000000000031010000003020000000202000000000200000000100000000001011000001000000000 1
1 0 519169 599985 12 14 4 10 -1 -1 0220102020000000002000000000101000000002000000000031010000003020000000200000000000200000000100000000001011000001020000000 1
2 0 519169 599984 1 13 5 9 -1 -1 0220102020000001002000000000101000000002000000000031010000003020000000200000000000200000000100000000001010000001020000000 1
1 0 513547 599984 13 9 12 10 -1 -1 0200102020000001002000000002101000000002000000000031010000003020000000200000000000200000000100000000001010000001020000000 1
2 0 513547 599983 4 16 6 14 -1 -1 0200102020000001002000000002101000000002000000000031010000003020000000200000000000200000000100000000001110000000020000000 1
1 0 505957 599983 12 10 4 14 -1 -1 0200102020000001000000000002101000000002020000000031010000003020000000200000000000200000000100000000001110000000020000000 1
2 0 505957 599982 5 9 11 15 -1 -1 0200102020000001010000000002101000000002020000000031010000003020000000200000000000200000000100000000001010000000020000000 1
1 0 494783 599982 12 12 10 10 -1 -1 0200102020000001010000000000101000000002020000000031010000003020000000200000000000200000000102000000001010000000020000000 1
2 0 494783 599981 10 16 14 12 -1 -1 0200102020000001010000000000101000000002020000000031010000003020000000200000000100200000000102000000001000000000020000000 1
1 0 485582 599981 11 11 10 12 -1 -1 0200102020000001010000000000101000000002020000000031010000003020000000200000000100000000000102000000001000000000020020000 1
2 0 485582 599980 13 13 15 11 -1 -1 0200102020000001010000000000101000000002020000000031010000003020000000200000000110000000000002000000001000000000020020000 1
1 0 479219 599980 10 12 6 12 -1 -1 0200102020000001010000000000101000000002020000000031010000003020000000200000000110000000000002000000001000000000000020200 1
2 0 479219 599979 15 11 16 12 -1 -1 0200102020000001010000000000101000000002120000000031010000003020000000200000000100000000000002000000001000000000000020200 1
1 0 474425 599979 7 17 7 15 -1 -1 0200102020000001010000000000101000000002120000000031010000003020000000200000000100000000000002000000001000000000000020002 1
2 0 474425 599978 14 12 15 13 -1 -1 0200102020000001010000000000101000000002120000000031100000003020000000200000000100000000000002000000001000000000000020002 1
1 0 469647 599978 7 15 1 13 -1 -1 0200102020000001010000000000101000000002120000000031100000003020000000200000000100000000000002000000001000000000000000022 1
2 0 469647 599977 11 15 12 14 -1 -1 0210102020000001010000000000101000000002120000000031000000003020000000200000000100000000000002000000001000000000000000022 1
1 0 466493 599977 12 8 11 9 -1 -1 0210102020000001010000000000101000000002120000000031000000003020000000200000000100000000000000000000001002000000000000022 1
2 0 466493 599976 12 14 13 15 -1 -1 0210102020000001010000000000101000000002120000000031000000003020000000200000000100000000001000000000000002000000000000022 1
1 0 461768 599976 11 9 7 17 -1 -1 0210102020000001010000000000101000000002120000000031000000003020000000200000000100000000001000000000000000000000002000022 1
2 0 461768 599975 13 15 14 14 -1 -1 0210102020000001010000000000101000000002120000000031010000003020000000200000000100000000000000000000000000000000002000022 1
1 0 456916 599975 7 17 7 15 -1 -1 0210102020000001010000000000101000000002120000000031010000003020000000200000000100000000000000000000000000000000000002022 1
2 0 456916 599974 9 13 10 12 -1 -1 0210102020000001010000000000101000000002120000000031100000003020000000200000000100000000000000000000000000000000000002022 1
1 0 453273 599974 7 15 3 15 -1 -1 0210102020000001010000000000101000000002120000000031100000003020000000000000000120000000000000000000000000000000000002022 1
2 0 453273 599973 10 12 11 11 -1 -1 0210102021000001010000000000101000000002120000000031000000003020000000000000000120000000000000000000000000000000000002022 1
1 0 449685 599973 5 15 4 16 -1 -1 0210102021000001010000000000101000000002120000000031000000003020000000000000000100000000000200000000000000000000000002022 1
2 0 449685 599973 3 13 5 15 -1 -1 0210102021000001011000000000100000000002120000000031000000003020000000000000000100000000000200000000000000000000000002022 1
1 0 446049 599973 4 14 3 13 -1 -1 0210102001000001011000000000102000000002120000000031000000003020000000000000000100000000000200000000000000000000000002022 1
2 0 446049 599972 11 11 12 12 -1 -1 0210102011000001001000000000102000000002120000000031000000003020000000000000000100000000000200000000000000000000000002022 1
1 0 442250 599972 4 10 3 11 -1 -1 0210102011000001001000000000102000000002120000000031000000003020000000000000000100000000000000000000000020000000000002022 1
2 0 442250 599971 12 12 13 11 -1 -1 0210102111000000001000000000102000000002120000000031000000003020000000000000000100000000000000000000000020000000000002022 1
1 0 438089 599971 4 16 0 12 -1 -1 0210102111000000001000000000102000000002120000000031000000003020000000000000000100000000000000000000000000000000200002022 1
2 0 438089 599970 13 11 14 10 -1 -1 1210102111000000000000000000102000000002120000000031000000003020000000000000000100000000000000000000000000000000200002022 1
1 0 435000 599970 6 12 4 14 -1 -1 1210102111000000000000000000102000000002120000000031000000003020000000000000000100000000000000000000000000000000000202022 1
2 0 435000 599969 14 10 15 11 -1 -1 1210102111000000010000000000102000000002020000000031000000003020000000000000000100000000000000000000000000000000000202022 1
1 0 431650 599969 10 10 9 11 -1 -1 1210102111000000010000000000102000000002020000000031000000003020000000000000000100000000000000000000000000000000000002222 1
2 0 431650 599969 8 16 9 17 -1 -1 1210102111000000010000000000102000000002020000000031000000003020000001000000000000000000000000000000000000000000000002222 1
1 0 429060 599969 9 11 8 10 -1 -1 1210102111000000010000000000102000000002020000000031000000003000000001002000000000000000000000000000000000000000000002222 1
2 0 429060 599968 9 17 10 18 -1 -1 1210102111000000010000000000102000000002020000000031000000013000000000002000000000000000000000000000000000000000000002222 1
1 0 426179 599968 8 10 4 10 -1 -1 1210102111000000010000000000102000000002020000000031000000013000000000000000000000020000000000000000000000000000000002222 1
2 0 426179 599968 10 18 11 17 -1 -1 1210102111000001010000000000102000000002020000000031000000003000000000000000000000020000000000000000000000000000000002222 1
1 0 424524 599968 5 11 4 12 -1 -1 1210102111000001010000000000102000000002020000000031000000003000000000000000000000000000000000200000000000000000000002222 1
2 0 424524 599967 3 9 7 9 -1 -1 1210102111000001110000000000002000000002020000000031000000003000000000000000000000000000000000200000000000000000000002222 1
1 0 423435 599967 4 10 3 9 -1 -1 1210100111000001110000000000002000000002020000000231000000003000000000000000000000000000000000200000000000000000000002222 1
2 0 423435 599967 6 10 8 8 -1 -1 1210101111000000110000000000002000000002020000000231000000003000000000000000000000000000000000200000000000000000000002222 1
1 0 422401 599967 4 12 2 14 -1 -1 1210101111000000110000000000002000000000020000000231000000203000000000000000000000000000000000200000000000000000000002222 1
2 0 422401 599966 7 9 9 7 -1 -1 1210111111000000010000000000002000000000020000000231000000203000000000000000000000000000000000200000000000000000000002222 1
1 0 421756 599966 7 13 6 12 -1 -1 1210111111000000010000000000002000000000020000000031000000203000000200000000000000000000000000200000000000000000000002222 1
2 0 421756 599961 5 15 9 11 -1 -1 1210111111000000010000000000002000000000120000000030000000203000000200000000000000000000000000200000000000000000000002222 1
1 0 420778 599961 6 12 5 11 -1 -1 1210111111000000010000000000000000000000120000000030000000203000000202000000000000000000000000200000000000000000000002222 1
2 0 420778 599960 8 8 10 6 -1 -1 1210111111000000010000000000100000000000020000000030000000203000000202000000000000000000000000200000000000000000000002222 1
1 0 419755 599960 5 11 4 12 -1 -1 1210111111000000010000000000100000000000020000000030000000003000000202000000020000000000000000200000000000000000000002222 1
2 0 419755 599960 11 17 12 16 -1 -1 1210111111000000110000000000000000000000020000000030000000003000000202000000020000000000000000200000000000000000000002222 1
1 0 419238 599960 4 12 2 10 -1 -1 1210111111000000110000000000000000000000020000000030000000003000000202000000020000000000000000000000000000200000000002222 1
