1322291054000
artificialwintelligence
kingfish
1 0 599676 600000 14 12 12 10 -1 -1 2222222222000000000000000000000000000000000000000000000000000000000000000000000000000000000000000000000000000001111111111 2
2 0 599676 599915 2 14 4 12 -1 -1 2222222222000000000000000000000000000000000000000000000000000000000000000000000000000000000000000000000100000001111101111 2
1 0 599489 599915 13 11 11 9 -1 -1 2222202222000000200000000000000000000000000000000000000000000000000000000000000000000000000000000000000100000001111101111 2
2 0 599489 599914 0 12 4 16 -1 -1 2222202222000000200000000000000000000000000000000000000000000000000000000000000000000000001000000000000100000001011101111 2
1 0 599224 599914 12 10 10 8 -1 -1 0222202222000000202000000000000000000000000000000000000000000000000000000000000000000000001000000000000100000001011101111 2
2 0 599224 599913 2 12 4 10 -1 -1 0222202222000000202000000000000000000000000000000000000000000000000000000000001000000000001000000000000000000001011101111 2
1 0 599021 599913 14 10 10 6 -1 -1 0222002222000002202000000000000000000000000000000000000000000000000000000000001000000000001000000000000000000001011101111 2
2 0 599021 599912 3 9 5 11 -1 -1 0222002222000002202000000000000000000000000000000000000000000000000000000000011000000000001000000000000000000001011001111 2
1 0 598675 599912 10 6 9 5 -1 -1 0222000222000002202000000000200000000000000000000000000000000000000000000000011000000000001000000000000000000001011001111 2
2 0 598675 599911 1 11 3 9 -1 -1 0222000222000002202000000000200000000000000000000000000000000000001000000000001000000000001000000000000000000001011001111 2
1 0 598220 599911 16 12 8 4 -1 -1 0022002222000002202000000000200000000000000000000000000000000000001000000000001000000000001000000000000000000001011001111 2
2 0 598220 599759 3 11 5 13 -1 -1 0022002222000002202000000000200000000000000000000000000010000000001000000000001000000000001000000000000000000001011001110 2
1 0 597363 599759 14 14 10 6 -1 -1 0022002022000002202000000000220000000000000000000000000010000000001000000000001000000000001000000000000000000001011001110 2
2 0 597363 599758 3 15 5 9 -1 -1 0022002022000002202000000000220000000000000000000000000010000000001000000000011000000000001000000000000000000001011000110 2
1 0 596485 599758 11 9 7 5 -1 -1 0022002020000002202000000002220000000000000000000000000010000000001000000000011000000000001000000000000000000001011000110 2
2 0 596485 599757 2 10 6 10 -1 -1 0022002020000002202000000002220000000000000000010000000010000000001000000000011000000000000000000000000000000001011000110 2
1 0 595321 599757 15 11 14 10 -1 -1 0020002020000002202000000002220000000002000000010000000010000000001000000000011000000000000000000000000000000001011000110 2
2 0 595321 599756 4 10 6 12 -1 -1 0020002020000002202000000002220000000002000000010000000010000000001000000000011000000000000000000000000000000001011100010 2
1 0 594922 599756 10 8 8 6 -1 -1 0020002020000000202000000002220000000002200000010000000010000000001000000000011000000000000000000000000000000001011100010 2
2 0 594922 599755 5 9 7 11 -1 -1 0020002020000000202000000002220000000002200000010000000011000000001000000000010000000000000000000000000000000001011100010 2
1 0 594297 599755 15 13 14 14 -1 -1 0020002020000000202000000000220000000002200000010020000011000000001000000000010000000000000000000000000000000001011100010 2
2 0 594297 599578 4 12 6 14 -1 -1 0020002020000000202000000000220000000002200000010020000011000000001000000000010000000000000000000000000000000001011101000 2
1 0 593200 599578 14 14 12 16 -1 -1 0020002020000000002000000000220000000002220000010020000011000000001000000000010000000000000000000000000000000001011101000 2
2 0 593200 599573 5 11 7 13 -1 -1 0020002020000000002000000000220000000002220000010020000011000000001000000000010000000000000000000000000000100001011100000 2
1 0 592447 599573 9 5 7 7 -1 -1 0020002020000000002000000000020000000002220000010022000011000000001000000000010000000000000000000000000000100001011100000 2
2 0 592447 599572 6 14 8 12 -1 -1 0020002020000000002000000000020000000002220000011022000011000000000000000000010000000000000000000000000000100001011100000 2
1 0 591604 599572 7 5 5 11 -1 -1 0020002020000000002000000000020000000002200000011022000011002000000000000000010000000000000000000000000000100001011100000 2
2 0 591604 594830 1 13 2 14 -1 -1 0020002020000000002000000000120000000002200000001022000011002000000000000000010000000000000000000000000000100001011100000 2
1 0 590834 594830 8 6 6 8 -1 -1 0000022020000000002000000000120000000002200000001022000011002000000000000000010000000000000000000000000000100001011100000 2
2 0 590834 589513 8 12 9 13 -1 -1 0000022020000000002000000000120000000012200000001022000010002000000000000000010000000000000000000000000000100001011100000 2
1 0 589801 589513 7 7 5 9 -1 -1 0000022020000000002000000000120000000012200000001022000010000000000000200000010000000000000000000000000000100001011100000 2
2 0 589801 586007 6 12 10 12 -1 -1 0000022020000000002000000001120000000012200000000022000010000000000000200000010000000000000000000000000000100001011100000 2
1 0 588248 586007 6 8 2 12 -1 -1 0000022020000000002000000001120000000012000000000022000010000000000000200000010020000000000000000000000000100001011100000 2
2 0 588248 582395 2 14 8 12 -1 -1 0000122020000000002000000001120000000002000000000022000010000000000000200000010020000000000000000000000000100001011100000 2
1 0 587201 582395 14 10 12 8 -1 -1 0000102020000000002000000001120000000002000000000022000010002000000000200000010020000000000000000000000000100001011100000 2
2 0 587201 578529 7 13 11 13 -1 -1 0000102020000000002000000001120000000002000000000022000010002000000000200000010020000000000000000000001000100001011000000 2
1 0 585007 578529 13 9 9 5 -1 -1 0000102020000000002000000001120000000002000000000020000010002000000000200000010020000000000020000000001000100001011000000 2
2 0 585007 571740 8 12 14 14 -1 -1 0000102020000000002000000001120000000002000000000020000010002000001000200000010020000000000020000000001000100000011000000 2
1 0 584130 571740 13 13 12 14 -1 -1 0000102020000000002000000001120000000002000000000020000010000000001000200000010020000000000020000000001000100000011002000 2
2 0 584130 566590 6 10 12 12 -1 -1 0000102020000000002000000001120000000002000000000020000010000000001000200000010020000000000020000000001001100000001002000 2
1 0 583364 566590 13 15 11 17 -1 -1 0000102020000000002000000001120000000000000000000020000010000000001000200000010020000000000020000000001021100000001002000 2
2 0 583364 561747 3 9 4 8 -1 -1 0000102020000000002000000001120000000000000000000020000010000000001000200000010020000000000020100000001021100000000002000 2
1 0 581391 561747 8 4 7 5 -1 -1 0000100020000020002000000001120000000000000000000020000010000000001000200000010020000000000020100000001021100000000002000 2
2 0 581391 555714 4 8 10 10 -1 -1 0000100020000020002000000001120000000000000000010020000000000000001000200000010020000000000020100000001021100000000002000 2
1 0 579359 555714 5 9 5 7 -1 -1 0000100020000000002000000001120000000000000000010020000000000000001000200000010220000000000020100000001021100000000002000 2
2 0 579359 551684 3 13 4 14 -1 -1 0000100020000000002000000010120000000000000000010020000000000000001000200000010220000000000020100000001021100000000002000 2
1 0 577732 551684 5 11 1 11 -1 -1 0000100000000000022000000010120000000000000000010020000000000000001000200000010220000000000020100000001021100000000002000 2
2 0 577732 548317 4 14 8 10 -1 -1 0100100000000000022000000010020000000000000000010020000000000000001000200000010220000000000020100000001021100000000002000 2
1 0 576533 548317 10 6 4 8 -1 -1 0100100000000000002000000010020000000000000000010020000000020000001000200000010220000000000020100000001021100000000002000 2
2 0 576533 543628 11 13 13 11 -1 -1 0100100000000010002000000010020000000000000000010020000000020000001000200000000220000000000020100000001021100000000002000 2
1 0 574946 543628 5 7 3 9 -1 -1 0100100000000010002000000010020000000000000000010020000000020000001000200000000220000000000000100000001021100000200002000 2
2 0 574946 536894 7 11 13 9 -1 -1 0100101000000010002000000000020000000000000000010020000000020000001000200000000220000000000000100000001021100000200002000 2
1 0 573775 536894 4 8 0 12 -1 -1 0100101000000010002000000000020000000000000000010000000000020000001000200000000220000000000000100000001021100002200002000 2
2 0 573775 532327 8 10 9 11 -1 -1 1100101000000000002000000000020000000000000000010000000000020000001000200000000220000000000000100000001021100002200002000 2
1 0 572849 532327 12 16 10 18 -1 -1 1100101000000000002000000000020000000000000000010000000000000000001002200000000220000000000000100000001021100002200002000 2
2 0 572849 527593 9 11 15 13 -1 -1 1100101000000000002000000000020000000000000000010000000000000000001002200000000220010000000000100000001021000002200002000 2
1 0 572365 527593 12 14 11 13 -1 -1 1100101000000000002000000000020000000000000000010000000000000000001000200000000220010000000000100000001021000002200002020 2
2 0 572365 524856 9 13 13 13 -1 -1 1100101000000000002000000000020000000000000000010000000000000000001000200000000220010000000010100000001020000002200002020 2
1 0 571755 524856 12 8 11 7 -1 -1 1100101000000000002000000000020000000000000000010000000000000000001000000000000220010000000010100000001020000002220002020 2
2 0 571755 521582 10 12 14 12 -1 -1 1100101000000000002000000000020000000000000000010000000000000000001000000000000220010000010010100000000020000002220002020 2
1 0 570844 521582 11 17 9 19 -1 -1 1100101000000000002000000000020000000000000000010000000000000000001000000000000200010000010010100000000020000002220022020 2
2 0 570844 519498 4 16 5 17 -1 -1 1100101000000000002000000000020000000000000000010000000000000000001000000100000200010000010010000000000020000002220022020 2
1 0 570244 519498 11 7 10 8 -1 -1 1100101000000000000000000000020200000000000000010000000000000000001000000100000200010000010010000000000020000002220022020 2
2 0 570244 517732 5 13 6 12 -1 -1 1100101000000000000000000000020200000000000000010000000000000000001000000100001200010000000010000000000020000002220022020 2
1 0 569798 517732 10 18 8 20 -1 -1 1100101000000000000000000000000200000000200000010000000000000000001000000100001200010000000010000000000020000002220022020 2
2 0 569798 515756 12 12 14 10 -1 -1 1100101000000000000000000000000200000000200000010000000000000000101000000100001200000000000010000000000020000002220022020 2
1 0 569410 515756 2 12 1 13 -1 -1 1100101000000000000000000000000200000000200000010000000000000000101000000100001200000000000010000000000000000002220222020 2
2 0 569410 514582 5 17 6 16 -1 -1 1110001000000000000000000000000200000000200000010000000000000000101000000100001200000000000010000000000000000002220222020 2
1 0 568941 514582 11 13 10 12 -1 -1 1110001000000000000000000000000000000000202000010000000000000000101000000100001200000000000010000000000000000002220222020 2
2 0 568941 513158 6 12 7 13 -1 -1 1110001000000000000000000000000000000000202000010000000000000000101000000100001210000000000000000000000000000002220222020 2
1 0 568374 513158 10 8 9 9 -1 -1 1110001000000000000000000000000000000000002000010002000000000000101000000100001210000000000000000000000000000002220222020 2
2 0 568374 511668 6 16 6 14 -1 -1 1110001000000000000000000000000000000000002000010002000000000000101010000100000210000000000000000000000000000002220222020 2
1 0 567826 511668 10 12 8 10 -1 -1 1110001000000000000000000000000000000000020000010002000000000000101010000100000210000000000000000000000000000002220222020 2
2 0 567826 510352 6 14 8 12 -1 -1 1110001000000000000000000000000000000000020000010002000000010000101010000100000200000000000000000000000000000002220222020 2
1 0 567152 510352 9 9 7 15 -1 -1 1110001000000000000000000000000000000000000000010002000000012000101010000100000200000000000000000000000000000002220222020 2
2 0 567152 508818 7 13 11 9 -1 -1 1110001000000000000000000000000000000000000000010002100000012000101000000100000200000000000000000000000000000002220222020 2
1 0 566542 508818 9 19 8 18 -1 -1 1110001000000000000000000000000000000000000000010000100000012000101000000100000200000000002000000000000000000002220222020 2
2 0 566542 507425 14 10 15 11 -1 -1 1110001000000000000000000000000000000000000000010000100000012001101000000000000200000000002000000000000000000002220222020 2
1 0 566272 507425 9 5 8 4 -1 -1 1110001000000000000000000000000000000000000000010000100000012001101000000000000200000000002000000000000000000002220022220 2
2 0 566272 506150 10 10 16 12 -1 -1 1110001000000000000000000000000000000000000000010000100010012001100000000000000200000000002000000000000000000002220022220 2
1 0 565870 506150 8 10 6 16 -1 -1 1110001000000000000000000000000000000000000000010000100010012001100000000000000000000000002000000000000000000002220022222 2
2 0 565870 505216 11 9 12 10 -1 -1 1110001000000000000000000000000000000000001000010000100010002001100000000000000000000000002000000000000000000002220022222 2
1 0 565501 505216 6 16 5 15 -1 -1 1110001000000000000000000000000000000000001000010000100010002001100000000000000000000000000000000000000200000002220022222 2
2 0 565501 504820 8 12 9 13 -1 -1 1110001000000000000000000000001000000000000000010000100010002001100000000000000000000000000000000000000200000002220022222 2
1 0 565275 504820 8 20 4 16 -1 -1 1110001000000000000000000000001000000000000000010000100010000001100000200000000000000000000000000000000200000002220022222 2
2 0 565275 504416 9 13 10 12 -1 -1 1110001000000000001000000000001000000000000000010000100010000001000000200000000000000000000000000000000200000002220022222 2
1 0 565008 504416 8 18 7 19 -1 -1 1110001000000000001000000000001000000000000000010000100010000001000000000000000020000000000000000000000200000002220022222 2
2 0 565008 504006 10 12 11 13 -1 -1 1110001000000000001000000000001000000000000000010000101010000000000000000000000020000000000000000000000200000002220022222 2
1 0 564628 504006 8 4 6 6 -1 -1 1110001000000000001000000000001000000000000000010000101010000000000000000000000000000000000020000000000200000002220022222 2
2 0 564628 503407 11 13 12 14 -1 -1 1110001000000000001000000000001000000100000000010000101000000000000000000000000000000000000020000000000200000002220022222 2
1 0 564266 503407 7 5 5 7 -1 -1 1110001000000000001000000000001000000100000000010000101000000000000000000000000000000000000000000000000202000002220022222 2
2 0 564266 503026 12 10 12 8 -1 -1 1110001000000000001000000010001000000100000000000000101000000000000000000000000000000000000000000000000202000002220022222 2
1 0 563908 503026 7 15 6 16 -1 -1 1110001000000000001000000010001000000100000000000000101000000000000000000000000000000000000000000000002002000002220022222 2
2 0 563908 502398 12 8 14 10 -1 -1 1110001000000000001000000010001000000100001000000000001000000000000000000000000000000000000000000000002002000002220022222 2
1 0 563655 502398 7 19 6 18 -1 -1 1110001000000000001000000010001000000100001000000000001000000000000000000000000000000000000000000000000002000002220222222 2
2 0 563655 502122 12 14 13 15 -1 -1 1110001000000000001000000010001000000100001100000000000000000000000000000000000000000000000000000000000002000002220222222 2
