1322291281000
artificialwintelligence
kingfish
1 0 599752 600000 14 10 12 8 -1 -1 2222222222000000000000000000000000000000000000000000000000000000000000000000000000000000000000000000000000000001111111111 1
2 0 599752 599906 2 14 4 12 -1 -1 2222222222000000000000000000000000000000000000000000000000000000000000000000000000000000000000000000001000000001111011111 1
1 0 599451 599906 12 8 11 9 -1 -1 2222202222000000200000000000000000000000000000000000000000000000000000000000000000000000000000000000001000000001111011111 1
2 0 599451 599905 0 12 4 16 -1 -1 2222202222000000200000000000000000000000000000000000000000000000000000000000000000000000001000000000000000000001111011111 1
1 0 599096 599905 16 12 10 10 -1 -1 0222202222000000202000000000000000000000000000000000000000000000000000000000000000000000001000000000000000000001111011111 1
2 0 599096 599904 3 11 5 13 -1 -1 0222202222000000202000000000000000000000000000000000000000000000000000000000000100000000001000000000000000000001111011110 1
1 0 598631 599904 13 13 12 12 -1 -1 0222202022000000202000000000020000000000000000000000000000000000000000000000000100000000001000000000000000000001111011110 1
2 0 598631 599903 2 12 6 12 -1 -1 0222202022000000202000000000020000000000000000000000000000000000000000000000000100000000001000000000000010000001101011110 1
1 0 597840 599903 15 11 9 9 -1 -1 0222002022000000202000000000020000000000200000000000000000000000000000000000000100000000001000000000000010000001101011110 1
2 0 597840 599902 3 13 7 13 -1 -1 0222002022000000202000000000020000000000200000000000000000000000000010000000000100000000001000000000000010000001101011010 1
1 0 596491 599902 14 12 8 10 -1 -1 0222002002000000202000000000020000000000200000000002000000000000000010000000000100000000001000000000000010000001101011010 1
2 0 596491 594914 4 12 8 12 -1 -1 0222002002000000202000000000020000000000200000000002000000010000000010000000000100000000001000000000000010000001101001010 1
1 0 595600 594914 13 15 12 14 -1 -1 0222002002000000002000000000020000000000200000000002000000012000000010000000000100000000001000000000000010000001101001010 1
2 0 595600 590613 7 13 9 11 -1 -1 0222002002000000002000000000020000000000200000000002000000012000000010000000000100000000001000000000000011000001100001010 1
1 0 595120 590613 15 13 11 13 -1 -1 0222002002000000002000000000020000000000200000000000000000012000000012000000000100000000001000000000000011000001100001010 1
2 0 595120 587243 5 13 7 11 -1 -1 0222002002000000002000000000020000000000200000000000000000012000000012000000000100000000001010000000000011000001100001000 1
1 0 594022 587243 14 14 14 12 -1 -1 0222002002000000002000000000000000000000200000000020000000012000000012000000000100000000001010000000000011000001100001000 1
2 0 594022 583273 3 9 4 10 -1 -1 0222002002000000002000000000000000000000200000000020000000012000000012000000000100000000001010000000000011000001100010000 1
1 0 592748 583273 14 12 10 12 -1 -1 0222000002000002002000000000000000000000200000000020000000012000000012000000000100000000001010000000000011000001100010000 1
2 0 592748 581173 7 11 13 13 -1 -1 0222000002000002002000000000000000000000200000000020000000012000000012000000000110000000001010000000000011000001100000000 1
1 0 591367 581173 13 11 12 10 -1 -1 0222000002000002002000000000000000000000200000000000000000012000000012000000000110000000001010000000000011000001120000000 1
2 0 591367 578957 6 12 7 11 -1 -1 0222000002000002002000000000000000000000200000000000000000012000000012000000000110000000001010000000000111000001020000000 1
1 0 590459 578957 13 9 9 13 -1 -1 0222000002000002002000000000000000000000000000000020000000012000000012000000000110000000001010000000000111000001020000000 1
2 0 590459 576675 1 11 5 11 -1 -1 0222000002000002002000000000000000000000000000000020000000012000000012100000000110000000001010000000000111000000020000000 1
1 0 589488 576675 8 10 7 9 -1 -1 0022000002000002002000000000200000000000000000000020000000012000000012100000000110000000001010000000000111000000020000000 1
2 0 589488 572172 4 10 10 8 -1 -1 0022000002000002002000000000200000000000000000000120000000002000000012100000000110000000001010000000000111000000020000000 1
1 0 588139 572172 10 12 4 10 -1 -1 0022000002000000002000000000200000000000000000000120000000002000000012100000002110000000001010000000000111000000020000000 1
2 0 588139 567692 5 11 6 12 -1 -1 0022000002000001002000000000200000000000000000000120000000002000000012100000002100000000001010000000000111000000020000000 1
1 0 585200 567692 12 14 6 8 -1 -1 0022000002000001002000000000000000000000200000000120000000002000000012100000002100000000001010000000000111000000020000000 1
2 0 585200 563602 2 10 3 9 -1 -1 0022000002000001002000000000000000000010200000000120000000002000000012100000002100000000001010000000000110000000020000000 1
1 0 582804 563602 12 10 8 14 -1 -1 0020002002000001002000000000000000000010200000000120000000002000000012100000002100000000001010000000000110000000020000000 1
2 0 582804 558757 3 9 9 15 -1 -1 0020002002000001002000000000000000000010200000000120000000002100000012100000002100000000001010000000000010000000020000000 1
1 0 580214 558757 12 12 8 16 -1 -1 0020000002000001002000000000000000000010200000000120000000002100000012120000002100000000001010000000000010000000020000000 1
2 0 580214 552379 6 12 14 12 -1 -1 0020000002000001002000000000000000000010200000000120000000002110000012120000002100000000001010000000000000000000020000000 1
1 0 576883 552379 10 10 6 10 -1 -1 0020000002000001002000000000000000000010000000000120000000002110000012120000002100000000001010000000000000000000020020000 1
2 0 576883 548425 8 12 14 14 -1 -1 0020000002000001002000000000000000000011000000000120000000002110000012120000002000000000001010000000000000000000020020000 1
1 0 575081 548425 11 9 9 7 -1 -1 0020000002000001002000000000000000000011000000000120000000000110000012120000002000000000001010000000000000000000020022000 1
2 0 575081 545218 3 15 5 17 -1 -1 0020000002000001002000000000000000000011000000000120000000000110000112120000002000000000000010000000000000000000020022000 1
1 0 573261 545218 7 9 3 9 -1 -1 0020000000000001002000000000000200000011000000000120000000000110000112120000002000000000000010000000000000000000020022000 1
2 0 573261 538936 4 16 6 18 -1 -1 0020001000000001002000000000000200000011000000000020000000000110000112120000002000000000000010000000000000000000020022000 1
1 0 571938 538936 11 13 10 14 -1 -1 0020001000000001000000000000000200000011000200000020000000000110000112120000002000000000000010000000000000000000020022000 1
2 0 571938 532188 9 15 11 13 -1 -1 0020001000000001000000000000000200000011000200000020000000000110000112120000002001000000000000000000000000000000020022000 1
1 0 569061 532188 10 14 8 8 -1 -1 0020001000000001000000000000000200000011000200000020000000000110000112100000002001000000000020000000000000000000020022000 1
2 0 569061 527856 7 11 8 10 -1 -1 0020001000000001000000000000000200000011000200000020000000100110000112100000002000000000000020000000000000000000020022000 1
1 0 568202 527856 9 7 5 11 -1 -1 0020001000000001000000000000000200000011000200000000000000120110000112100000002000000000000020000000000000000000020022000 1
2 0 568202 524520 8 10 12 14 -1 -1 0020001000000001000000000000100200000011000200000000000000120110000012100000002000000000000020000000000000000000020022000 1
1 0 565490 524520 9 9 3 11 -1 -1 0020001000000001000000000000100200000011000200000000000000100110000012100000002000000000000020000000000002000000020022000 1
2 0 565490 520320 11 13 13 11 -1 -1 0020001100000001000000000000100200000011000200000000000000100110000002100000002000000000000020000000000002000000020022000 1
1 0 564207 520320 9 13 5 13 -1 -1 0020001100000001000000000000100200000011000200000000000000100110000002100000002000000000000000000000000002000000220022000 1
2 0 564207 514892 5 17 5 19 -1 -1 0020001100000001000000000000110200000011000200000000000000100110000002000000002000000000000000000000000002000000220022000 1
1 0 562650 514892 8 14 7 15 -1 -1 0020001100000001000000000000110020000011000200000000000000100110000002000000002000000000000000000000000002000000220022000 1
2 0 562650 512291 5 19 9 15 -1 -1 0020001100000001000000000000110020000011000200000000100000100010000002000000002000000000000000000000000002000000220022000 1
1 0 560788 512291 8 16 4 8 -1 -1 0020001100000001000000000000110000000011000200000000100000100010000002020000002000000000000000000000000002000000220022000 1
2 0 560788 508941 9 15 9 13 -1 -1 0020001100000011000000000000110000000011000200000000100000100000000002020000002000000000000000000000000002000000220022000 1
1 0 559318 508941 4 10 2 12 -1 -1 0020001100000011000000000000110000000011000200000000100000100000000002200000002000000000000000000000000002000000220022000 1
2 0 559318 507050 1 13 2 14 -1 -1 0020101100000010000000000000110000000011000200000000100000100000000002200000002000000000000000000000000002000000220022000 1
1 0 557342 507050 2 12 1 11 -1 -1 0000121100000010000000000000110000000011000200000000100000100000000002200000002000000000000000000000000002000000220022000 1
2 0 557342 503016 9 13 10 12 -1 -1 0100021100000010000000000000110000000011000200000000100000100000000002200000002000000000000000000000000002000000220022000 1
1 0 555751 503016 6 8 4 10 -1 -1 0100021100000010000000000000110000000011000200000000100000100000000002000000002020000000000000000000000002000000220022000 1
2 0 555751 500981 9 11 15 13 -1 -1 0100021100000011000000000000110000000001000200000000100000100000000002000000002020000000000000000000000002000000220022000 1
1 0 554518 500981 4 8 0 12 -1 -1 0100021100000011000000000000110000000001000200000000100000100000000000000000002020000000000000000000000002000000220022020 1
2 0 554518 499897 2 14 3 13 -1 -1 1100021100000001000000000000110000000001000200000000100000100000000000000000002020000000000000000000000002000000220022020 1
1 0 553118 499897 6 10 2 10 -1 -1 1100001120000001000000000000110000000001000200000000100000100000000000000000002020000000000000000000000002000000220022020 1
2 0 553118 498481 12 14 13 15 -1 -1 1101001120000001000000000000110000000000000200000000100000100000000000000000002020000000000000000000000002000000220022020 1
1 0 552143 498481 4 10 2 12 -1 -1 1101001120000001000000000000110000000000000200000000100000100000000000000000002020000000000000000000000000000000222022020 1
2 0 552143 497618 3 13 4 12 -1 -1 1101101120000000000000000000110000000000000200000000100000100000000000000000002020000000000000000000000000000000222022020 1
1 0 551223 497618 5 11 3 13 -1 -1 1101101100000000200000000000110000000000000200000000100000100000000000000000002020000000000000000000000000000000222022020 1
2 0 551223 496896 4 12 8 16 -1 -1 1101101110000000200000000000010000000000000200000000100000100000000000000000002020000000000000000000000000000000222022020 1
1 0 550807 496896 7 15 6 14 -1 -1 1101101110000000000000000000010000000000000200000000100000100020000000000000002020000000000000000000000000000000222022020 1
2 0 550807 496275 6 18 7 17 -1 -1 1101101110000000000000000000010000000000010200000000000000100020000000000000002020000000000000000000000000000000222022020 1
1 0 550244 496275 3 11 1 13 -1 -1 1101101110000000000000000000010000000000010000000000020000100020000000000000002020000000000000000000000000000000222022020 1
2 0 550244 495420 10 12 11 13 -1 -1 1111101010000000000000000000010000000000010000000000020000100020000000000000002020000000000000000000000000000000222022020 1
1 0 549917 495420 6 14 2 14 -1 -1 1111101010000000000000000000010000000000010000000000020000100020000000000000002000000000000020000000000000000000222022020 1
2 0 549917 494543 10 8 11 9 -1 -1 1111111010000000000000000000010000000000000000000000020000100020000000000000002000000000000020000000000000000000222022020 1
1 0 549141 494543 8 8 7 9 -1 -1 1111111010000000000000000000010000000000000000000000020000100020000000000000000000000000002020000000000000000000222022020 1
2 0 549141 493685 11 9 12 10 -1 -1 1111111010000000000000000000010000000000000000000100020000000020000000000000000000000000002020000000000000000000222022020 1
1 0 548285 493685 7 9 6 10 -1 -1 1111111010000000000000000000010000000000000000000100020000000020000000000000000000000000000020000000000200000000222022020 1
2 0 548285 492743 13 13 15 11 -1 -1 1111111010000000000000000000010000000001000000000000020000000020000000000000000000000000000020000000000200000000222022020 1
1 0 547696 492743 6 10 5 11 -1 -1 1111111010000000000000000000010000000001000000000000020000000020000000000000000000000000000020000000000200000000202022220 1
2 0 547696 491837 13 15 13 13 -1 -1 1111111010000000000000000000110000000000000000000000020000000020000000000000000000000000000020000000000200000000202022220 1
1 0 546935 491837 5 11 4 12 -1 -1 1111111010000000000000000000110000000000000000000000020000000020000000000000000000000000000020000000000200000000220022220 1
2 0 546935 491179 7 17 9 15 -1 -1 1111111010000000100000000000010000000000000000000000020000000020000000000000000000000000000020000000000200000000220022220 1
1 0 546133 491179 5 13 3 15 -1 -1 1111111010000000100000000000010000000000000000000000000000000020000000020000000000000000000020000000000200000000220022220 1
2 0 546133 491098 8 16 16 12 -1 -1 1111111011000000100000000000000000000000000000000000000000000020000000020000000000000000000020000000000200000000220022220 1
1 0 545789 491098 4 12 3 11 -1 -1 1111111011000000100000000000000000000000000000000000000000000000000000020000000000000000000020000000000200000000220022222 1
