1322295258000
kingfish
ccplus
1 0 599815 600000 14 10 12 12 -1 -1 2222222222000000000000000000000000000000000000000000000000000000000000000000000000000000000000000000000000000001111111111 1
2 0 599815 599959 2 10 4 12 -1 -1 2222222222000000000000000000000000000000000000000000000000000000000000000000000000000000000000000000000010000001111011111 1
1 0 599813 599959 16 12 12 8 -1 -1 2220222222000000200000000000000000000000000000000000000000000000000000000000000000000000000000000000000010000001111011111 1
2 0 599813 599919 4 12 5 11 -1 -1 2220222222000000200000000000000000000000000000000000000000000000000000000000000000000000000000000000001010000001111011110 1
1 0 599812 599919 13 13 11 11 -1 -1 2220222222000000000000000000200000000000000000000000000000000000000000000000000000000000000000000000001010000001111011110 1
2 0 599812 599890 0 12 6 10 -1 -1 2220222222000000000000000000200000000000000000000000000000000000000000000000000000000000000100000000001010000001101011110 1
1 0 599811 599890 14 12 10 12 -1 -1 0220222222000000000000000000200000000002000000000000000000000000000000000000000000000000000100000000001010000001101011110 1
2 0 599811 599864 3 11 4 12 -1 -1 0220222222000000000000000000200000000002000000000000000000000000000000000000000010000000000100000000001010000001101001110 1
1 0 599810 599864 13 11 9 11 -1 -1 0220222022000000200000000000200000000002000000000000000000000000000000000000000010000000000100000000001010000001101001110 1
2 0 599810 599823 1 11 2 10 8 10 0220222022000000200000000000200000000002000000000000000000000000000001000000000010000000000100000000001010000001001001110 1
1 0 599626 599823 11 11 3 11 -1 -1 0022222022000000200000000000200000000002000000000000000000030000000001000000000010000000000100000000001010000001001001110 1
2 0 599626 599807 2 12 6 8 5 9 0022222122000000200000000000200000000002000000000000000000030000000001000000000010000000000000000000001010000001001001110 1
1 0 595996 599807 12 8 11 9 -1 -1 0022022122000000200000000003200000000022000000000000000000030000000001000000000010000000000000000000001010000001001001110 1
2 0 595996 599786 1 13 2 12 -1 -1 0022022122000000200000000003200000000022000000000000000000030000000001000000000010000000001000000000000010000001001001110 1
1 0 592791 599786 13 15 13 13 -1 -1 0002222122000000200000000003200000000022000000000000000000030000000001000000000010000000001000000000000010000001001001110 1
2 0 592791 599756 6 10 7 11 -1 -1 0002222122000000200000000003200000000022000000000000000000030000000001000000000010000000001000000000000010000001010001110 1
1 0 587950 599756 14 14 6 10 -1 -1 0002222122000000200000000003200000000020000000000020000000030000000001000000000010000000001000000000000010000001010001110 1
2 0 587950 599729 7 11 8 12 -1 -1 0002222122000000200000000003200000000021000000000020000000030000000001000000000010000000001000000000000010000001010000110 1
1 0 583205 599729 13 13 7 11 -1 -1 0002222122000000200000000003200000000021000000000000000000032000000001000000000010000000001000000000000010000001010000110 1
2 0 583205 599706 2 12 6 12 -1 -1 0002222122000000200000000003200000000021000000000010000000032000000001000000000010000000001000000000000010000001000000110 1
1 0 579886 599706 9 11 5 7 -1 -1 0002022122000000200000000003200000000021200000000010000000032000000001000000000010000000001000000000000010000001000000110 1
2 0 579886 599681 2 10 4 8 -1 -1 0002022122000000200000000013200000000021200000000010000000032000000000000000000010000000001000000000000010000001000000110 1
1 0 577801 599681 7 11 5 13 -1 -1 0000022122000020200000000013200000000021200000000010000000032000000000000000000010000000001000000000000010000001000000110 1
2 0 577801 599655 2 14 4 16 -1 -1 0000022122000020200000000013210000000021200000000000000000032000000000000000000010000000001000000000000010000001000000110 1
1 0 574488 599655 11 9 10 10 -1 -1 0000002122000020202000000013210000000021200000000000000000032000000000000000000010000000001000000000000010000001000000110 1
2 0 574488 599599 5 11 13 11 -1 -1 0000002122000020202000000013210000000021200000000000000000032000000000000000000110000000000000000000000010000001000000110 1
1 0 569224 599599 10 12 9 11 -1 -1 0000002122000020202000000013010000000021200000000000000000032000000000000000000110000000000000000000000010000001200000110 1
2 0 569224 599558 3 13 7 9 -1 -1 0000002122000020202000000013010000000021200000000000000000032000000001000000000100000000000000000000000010000001200000110 1
1 0 563994 599558 9 11 3 13 -1 -1 0000002102000020202000000013010000000021200000000200000000032000000001000000000100000000000000000000000010000001200000110 1
2 0 563994 599523 3 9 4 10 -1 -1 0000002112000020202000000013010000000021200000000200000000032000000000000000000100000000000000000000000010000001200000110 1
1 0 558918 599523 13 9 7 11 -1 -1 0000000112000022202000000013010000000021200000000200000000032000000000000000000100000000000000000000000010000001200000110 1
2 0 558918 599492 3 15 4 14 -1 -1 0000000112000022202000000013010000000021200000000210000000032000000000000000000100000000000000000000000010000000200000110 1
1 0 555418 599492 15 13 14 12 -1 -1 0000000110000022222000000013010000000021200000000210000000032000000000000000000100000000000000000000000010000000200000110 1
2 0 555418 599467 4 8 3 9 -1 -1 0000000110000022222000000013010000000021200000000210000000032000000000000000000100000000000000000000000010000000200010100 1
1 0 552018 599467 5 13 5 11 -1 -1 0000002110000002222000000013010000000021200000000210000000032000000000000000000100000000000000000000000010000000200010100 1
2 0 552018 599446 3 9 4 8 -1 -1 0000002110000002222000000013100000000021200000000210000000032000000000000000000100000000000000000000000010000000200010100 1
1 0 546836 599446 7 11 3 15 -1 -1 0000000110000022222000000013100000000021200000000210000000032000000000000000000100000000000000000000000010000000200010100 1
2 0 546836 599423 4 12 5 13 -1 -1 0000000111000022222000000013100000000021200000000200000000032000000000000000000100000000000000000000000010000000200010100 1
1 0 541895 599423 15 11 7 11 -1 -1 0000000111000022022000000013120000000021200000000200000000032000000000000000000100000000000000000000000010000000200010100 1
2 0 541895 599397 13 11 12 10 -1 -1 0000000111000022022000000013120000000021200000000210000000032000000000000000000100000000000000000000000010000000200010000 1
1 0 536660 599397 10 10 9 11 -1 -1 0000000111000022022000000013120000000021200000000210000000032000000000000000000100000000000000000000000210000000000010000 1
2 0 536660 599373 6 12 7 13 -1 -1 0000000111000022022000000013120000000021200000000210000000032000000001000000000000000000000000000000000210000000000010000 1
1 0 532990 599373 6 10 2 10 -1 -1 0000000111000022022000000013120000000021000000000212000000032000000001000000000000000000000000000000000210000000000010000 1
2 0 532990 599329 4 8 8 8 -1 -1 0001000111000022022000000013120000000020000000000212000000032000000001000000000000000000000000000000000210000000000010000 1
1 0 529157 599329 5 11 1 11 -1 -1 0001000111000002022000000013120000000020000000000212000000232000000001000000000000000000000000000000000210000000000010000 1
2 0 529157 599283 8 8 9 9 -1 -1 0101000111000002022000000013020000000020000000000212000000232000000001000000000000000000000000000000000210000000000010000 1
1 0 524949 599283 5 7 3 9 -1 -1 0101000111000002022000000013020000000020000000000212000000032000000021000000000000000000000000000000000210000000000010000 1
2 0 524949 599239 4 16 10 10 -1 -1 0101001111000002022000000003020000000020000000000212000000032000000021000000000000000000000000000000000210000000000010000 1
1 0 520142 599239 12 12 11 11 -1 -1 0101001111000002020000000003020000000020000000000212000000032000000021000000000200000000000000000000000210000000000010000 1
2 0 520142 599194 4 14 8 14 -1 -1 0101001111000002020000000003020000000020000000000212000000032000000021000000000200000000000100000000000200000000000010000 1
1 0 515082 599194 7 11 6 10 -1 -1 0101001111000002000000000003020000000020000000000212000000032200000021000000000200000000000100000000000200000000000010000 1
2 0 515082 599146 4 10 6 12 -1 -1 0101001111000002000000000003020000000021000000000202000000032200000021000000000200000000000100000000000200000000000010000 1
1 0 512492 599146 2 10 2 12 -1 -1 0101001111000000000000000003020000000021200000000202000000032200000021000000000200000000000100000000000200000000000010000 1
2 0 512492 599097 5 13 9 13 -1 -1 0100101111000000000000000003020000000021200000000202000000032200000021000000000200000000000100000000000200000000000010000 1
1 0 507733 599097 6 10 0 12 -1 -1 0100101111000000000000000003000000000021200000000202000000032200000021200000000200000000000100000000000200000000000010000 1
2 0 507733 599036 8 12 10 14 -1 -1 1100101111000000000000000003000000000020200000000202000000032200000021200000000200000000000100000000000200000000000010000 1
1 0 501906 599036 9 11 8 12 -1 -1 1100101111000000000000000003000000000020200000000202000000030200000021200000000202000000000100000000000200000000000010000 1
2 0 501906 598959 7 9 15 13 -1 -1 1100101111000000000000000003000000000020200000000202000000031200000020200000000202000000000100000000000200000000000010000 1
1 0 496167 598959 8 12 2 14 -1 -1 1100101111000000000000000003000000000020200000000002000000031200000020200000000202000000000100000000000200000000000010020 1
2 0 496167 598865 6 8 7 9 -1 -1 1100111111000000000000000003000000000020200000000002000000030200000020200000000202000000000100000000000200000000000010020 1
1 0 491747 598865 11 11 10 12 -1 -1 1100111111000000000000000003000000000000200000000202000000030200000020200000000202000000000100000000000200000000000010020 1
2 0 491747 598779 6 12 7 11 -1 -1 1100111111000000000000000003000000000000200000000202000000030200000020200000000212000000000000000000000200000000000010020 1
1 0 489712 598779 10 12 9 11 -1 -1 1100111111000000000000000003000000000000000000000222000000030200000020200000000212000000000000000000000200000000000010020 1
2 0 489712 598725 7 13 11 13 -1 -1 1100111111000000000000000003000000000000000000000222000000030200000021200000000202000000000000000000000200000000000010020 1
1 0 487279 598725 9 11 7 13 -1 -1 1100111111000000000000000003000000000000000000000220000000030200000021200000000202000000000020000000000200000000000010020 1
2 0 487279 598642 7 9 13 11 -1 -1 1100111111000000000000000003000000000000000000000221000000030200000020200000000202000000000020000000000200000000000010020 1
1 0 481784 598642 7 13 6 12 -1 -1 1100111111000000000000000003000000000000000000000021000000030200000020200000000202000000000020000000000200000000200010020 1
2 0 481784 598549 9 9 15 11 -1 -1 1100111111000000000000000003000000000000100000000020000000030200000020200000000202000000000020000000000200000000200010020 1
1 0 479400 598549 6 12 5 11 -1 -1 1100111111000000000000000003000000000000100000000020000000030200000000200000000202000000000020000000000200000000200010220 1
2 0 479400 598477 7 11 13 13 -1 -1 1100111111000000000000000003100000000000000000000020000000030200000000200000000202000000000020000000000200000000200010220 1
1 0 476225 598477 14 12 10 12 -1 -1 1100111111000000000000000003100000000000000000000000000000030200000000200000000202000000000020000000000200000000220010220 1
2 0 476225 598421 8 14 9 15 -1 -1 1100111111000000000000000003100000000000000000000000000000030200000000200000000212000000000020000000000200000000220000220 1
1 0 474411 598421 5 11 4 12 -1 -1 1100111111000000000000000003100000000000000000000000000000030000000000220000000212000000000020000000000200000000220000220 1
2 0 474411 598367 9 15 11 9 -1 -1 1100111111000000100000000003000000000000000000000000000000030000000000220000000212000000000020000000000200000000220000220 1
1 0 472669 598367 10 12 8 14 -1 -1 1100111111000000100000000003000000000000000000000000000000030000000000200000000212000000002020000000000200000000220000220 1
2 0 472669 598323 9 13 13 9 -1 -1 1100111111000000100000000003000000000000000000000000000000030100000000200000000202000000002020000000000200000000220000220 1
1 0 471749 598323 4 12 2 10 -1 -1 1100111111000000100000000003000000000000000000000000000000030100000000000000000202000000002020000000000200000002220000220 1
2 0 471749 598300 10 10 16 12 -1 -1 1101111111000000000000000003000000000000000000000000000000030100000000000000000202000000002020000000000200000002220000220 1
1 0 471043 598300 8 14 7 15 -1 -1 1101111111000000000000000003000000000000000000000000000000030100000000000000000002000000002020000000000200000002220000222 1
2 0 471043 598281 10 14 14 14 -1 -1 1101111111000000000000000003000000000000000000000000100000030000000000000000000002000000002020000000000200000002220000222 1
1 0 470338 598281 7 15 6 14 -1 -1 1101111111000000000000000003000000000000000000000000100000030000000000000000000000000000002020000000000200000002220002222 1
2 0 470338 598264 12 10 14 12 -1 -1 1101111111000000000000000003000000000000010000000000000000030000000000000000000000000000002020000000000200000002220002222 1
1 0 469665 598264 6 14 5 13 -1 -1 1101111111000000000000000003000000000000010000000000000000030000000000000000000000000000002020000000000000000002220022222 1
2 0 469665 598248 11 9 12 8 -1 -1 1101111111000000000000000003010000000000000000000000000000030000000000000000000000000000002020000000000000000002220022222 1
1 0 469286 598248 2 12 1 13 -1 -1 1101111111000000000000000003010000000000000000000000000000030000000000000000000000000000000020000000002000000002220022222 1
2 0 469286 598234 11 13 12 12 -1 -1 1111011111000000000000000003010000000000000000000000000000030000000000000000000000000000000020000000002000000002220022222 1
1 0 469031 598234 2 14 2 12 -1 -1 1111011111000000000000000003010000000000000000000000000000030000000000000000000000000000000000000000002020000002220022222 1
2 0 469031 598223 12 8 14 10 -1 -1 1111101111000000000000000003010000000000000000000000000000030000000000000000000000000000000000000000002020000002220022222 1
1 0 468929 598223 2 10 2 14 -1 -1 1111101111000000000000000003010000000000000000000000000000030000000000000000000000000000000000000000000020000002220222222 1
2 0 468929 598215 12 12 12 10 -1 -1 1110111111000000000000000003010000000000000000000000000000030000000000000000000000000000000000000000000020000002220222222 1
1 0 468543 598215 5 13 5 11 -1 -1 1110111111000000000000000003010000000000000000000000000000030000000000000000000000000000000000000000000200000002220222222 1
2 0 468543 598207 12 10 12 8 -1 -1 1110111111000000000000000003100000000000000000000000000000030000000000000000000000000000000000000000000200000002220222222 1
1 0 468276 598207 5 11 6 10 -1 -1 1110111111000000000000000003100000000000000000000000000000030000000000000000000000000000000000000000002000000002220222222 1
2 0 468276 598199 12 8 12 10 -1 -1 1110111111000000000000000003000000000001000000000000000000030000000000000000000000000000000000000000002000000002220222222 1
1 0 467875 598199 6 10 2 10 -1 -1 1110111111000000000000000003000000000001000000000000000000030000000000000000000000000000000000000000000200000002220222222 1
