1322295776000
artificialwintelligence
kingfish
1 0 599593 600000 14 12 12 10 -1 -1 2222222222000000000000000000000000000000000000000000000000000000000000000000000000000000000000000000000000000001111111111 2
2 0 599593 599921 2 14 4 12 -1 -1 2222222222000000000000000000000000000000000000000000000000000000000000000000000000000000000000000000000100000001111101111 2
1 0 599279 599921 13 11 11 9 -1 -1 2222202222000000200000000000000000000000000000000000000000000000000000000000000000000000000000000000000100000001111101111 2
2 0 599279 599920 0 12 4 16 -1 -1 2222202222000000200000000000000000000000000000000000000000000000000000000000000000000000001000000000000100000001011101111 2
1 0 598861 599920 14 14 12 8 -1 -1 0222202222000000202000000000000000000000000000000000000000000000000000000000000000000000001000000000000100000001011101111 2
2 0 598861 599919 2 12 4 10 -1 -1 0222202222000000202000000000000000000000000000000000000000000000000000000000000000000000001000000000001100000001011100111 2
1 0 598042 599919 16 12 12 16 -1 -1 0222002222000002202000000000000000000000000000000000000000000000000000000000000000000000001000000000001100000001011100111 2
2 0 598042 599918 3 9 5 11 -1 -1 0222002222000002202000000000000000000000000000000000000000000000000000000000000000000000001000000000001100100001011100110 2
1 0 597013 599918 12 10 10 8 -1 -1 0222000222000002202000000000200000000000000000000000000000000000000000000000000000000000001000000000001100100001011100110 2
2 0 597013 599917 1 11 3 9 -1 -1 0222000222000002202000000000200000000000000000000000000000000000000000000000001000000000001000000000001000100001011100110 2
1 0 596125 599917 13 9 9 9 -1 -1 0022002222000002202000000000200000000000000000000000000000000000000000000000001000000000001000000000001000100001011100110 2
2 0 596125 599773 3 11 5 13 -1 -1 0022002222000002202000000000200000000000000000000000000000000000000010000000001000000000001000000000001000100000011100110 2
1 0 594561 599773 12 8 8 8 -1 -1 0022002022000002202000000000220000000000000000000000000000000000000010000000001000000000001000000000001000100000011100110 2
2 0 594561 599772 3 15 5 9 -1 -1 0022002022000002202000000000220000000000000000000000000000100000000010000000001000000000001000000000000000100000011100110 2
1 0 593090 599772 11 9 7 9 -1 -1 0022002020000002202000000002220000000000000000000000000000100000000010000000001000000000001000000000000000100000011100110 2
2 0 593090 595530 4 10 8 10 -1 -1 0022002020000002202000000002220000000000000000000100000000100000000010000000001000000000000000000000000000100000011100110 2
1 0 590987 595530 15 13 14 14 -1 -1 0022002020000000202000000002220000000000000000000100000000120000000010000000001000000000000000000000000000100000011100110 2
2 0 590987 592641 2 10 6 10 -1 -1 0022002020000000202000000002220000000000000000000100000000120000000010000000001000000000000000000000000000100000011101100 2
1 0 587795 592641 15 11 13 9 -1 -1 0020002020000000202000000002220000000002000000000100000000120000000010000000001000000000000000000000000000100000011101100 2
2 0 587795 590345 1 13 2 12 -1 -1 0020002020000000202000000002220000000002000000000100000000120000000010000000001000000000000000000000000000100001011101000 2
1 0 583696 590345 14 10 13 11 -1 -1 0000202020000000202000000002220000000002000000000100000000120000000010000000001000000000000000000000000000100001011101000 2
2 0 583696 586173 4 12 6 14 -1 -1 0000202020000000202000000002220000000002000000000100000000120000000010000000001000000000000000000000000000100001111001000 2
1 0 581227 586173 7 9 6 8 -1 -1 0000202020000000002000000002220000000002020000000100000000120000000010000000001000000000000000000000000000100001111001000 2
2 0 581227 577863 5 11 9 7 -1 -1 0000202020000000002000000002220000000012020000000000000000120000000010000000001000000000000000000000000000100001111001000 2
1 0 580239 577863 9 9 7 11 -1 -1 0000202020000000002000000002020000000012020000000000000000120000000210000000001000000000000000000000000000100001111001000 2
2 0 580239 571450 5 9 11 7 -1 -1 0000202020000000002000000002020000000012020000000010000000120000000200000000001000000000000000000000000000100001111001000 2
1 0 577288 571450 14 14 12 8 -1 -1 0000202020000000002000000000020000000012020000000010000000120000000200000000001000000000020000000000000000100001111001000 2
2 0 577288 565440 6 10 8 12 -1 -1 0000202020000000002000000000020000000012020000000010000000120000000200000000001000000000020000000000001000100001111000000 2
1 0 575037 565440 10 8 9 9 -1 -1 0000202020000000002000000000020000000010020000000010000000122000000200000000001000000000020000000000001000100001111000000 2
2 0 575037 558173 8 10 14 12 -1 -1 0000202020000000002000000000020000000010020000000010000000122000000210000000000000000000020000000000001000100001111000000 2
1 0 571333 558173 9 9 5 9 -1 -1 0000202020000000002000000000020000000010020000000010000000102000000210000000000000000000020000000000001000100001111020000 2
2 0 571333 551760 2 12 12 10 -1 -1 0000202020000000002000000001020000000010020000000010000000102000000200000000000000000000020000000000001000100001111020000 2
1 0 566752 551760 13 15 11 17 -1 -1 0000002020000000002000000001020000000010020000000010000000102000000200000000000000000000020000000000001200100001111020000 2
2 0 566752 537282 4 16 4 14 -1 -1 0000002020000000002000000001020000000010020000000010000000102000000200000000000000000000020000100000001200100001110020000 2
1 0 561800 537282 11 17 10 16 -1 -1 0000002020000000020000000001020000000010020000000010000000102000000200000000000000000000020000100000001200100001110020000 2
2 0 561800 530679 3 13 9 11 -1 -1 0000002020000000020000000001020000000010020000000010000000102000000200000000000000100000020000000000001200100001110020000 2
1 0 558660 530679 13 11 9 15 -1 -1 0000002000000000020000000001020000000010020000000010000000102000000202000000000000100000020000000000001200100001110020000 2
2 0 558660 520038 4 14 10 8 -1 -1 0000002000000000020000000001020000000010020000000010000000102000000202010000000000100000020000000000001200100001010020000 2
1 0 553538 520038 10 16 4 14 -1 -1 0000002000000000000000000001020000000010020000000010000000102000000202010000002000100000020000000000001200100001010020000 2
2 0 553538 506716 9 7 15 13 -1 -1 0000002000000000010000000001020000000010020000000010000000102000000202010000002000000000020000000000001200100001010020000 2
1 0 549337 506716 13 9 11 11 -1 -1 0000002000000000010000000001020000000010020000000010000000102000000002010000002000000000020000000000001200100001010020020 2
2 0 549337 489079 5 13 7 15 -1 -1 0000002000000000010000000001020000000010020000000010000000102000000002010000002000000000020100000000001200100000010020020 2
1 0 543438 489079 13 13 12 12 -1 -1 0000002000000000010000000001000000000010020000000010200000102000000002010000002000000000020100000000001200100000010020020 2
2 0 543438 474591 9 11 13 11 -1 -1 0000002000000000010000000001000000000010020000000010200000102000000002010000002000000000020100000000001210100000000020020 2
1 0 539861 474591 12 12 11 13 -1 -1 0000002000000000010000000001000000000010020000000010200000102000000000010000002000000000020100000000001210100000200020020 2
2 0 539861 466224 6 14 16 12 -1 -1 0000002000000000010000000001000000000010020000000010200000102000000000010000002000000000020110000000001200100000200020020 2
1 0 536469 466224 12 8 6 14 -1 -1 0000002000000000010000000001000000000010000000000010200000102000000000010000002000000000020110000000001200100000200020022 2
2 0 536469 458046 10 8 12 6 -1 -1 0000002000000000010000000001000000000010010000000010200000102000000000010000002000000000020110000000000200100000200020022 2
1 0 533043 458046 11 13 11 15 -1 -1 0000002000000000010000000001000000000010010000000010200000102000000000010000000000000000020110000000020200100000200020022 2
2 0 533043 453764 12 6 12 8 -1 -1 0000002000000000010000000001000000000010010000000010200000102000000000010000000000000000020101000000020200100000200020022 2
1 0 530212 453764 12 16 8 16 -1 -1 0000002000000000010000000001000000000010010000000010200000102000000000010000000000000000020101000000002200100000200020022 2
2 0 530212 447883 7 15 9 17 -1 -1 0000002000000000010000000001000000000010010000000010200000102010000000010000000000000000020101000000002200000000200020022 2
1 0 528202 447883 6 14 6 16 -1 -1 0000002000000000010000000001000000000010010000000010000000102010000000012000000000000000020101000000002200000000200020022 2
2 0 528202 441906 11 7 13 13 -1 -1 0000002000000000010000000001000000000010001000000010000000102010000000012000000000000000020101000000002200000000200020022 2
1 0 526521 441906 11 15 10 16 -1 -1 0000002000000000010000000001000000000010001000000010000000102010000000012000000000000000000101000000002200000000220020022 2
2 0 526521 437569 8 12 9 13 -1 -1 0000002000000000010000000001000000000010001000000010000000102010000000012000000000100000000100000000002200000000220020022 2
1 0 523428 437569 9 15 3 13 -1 -1 0000002000000000010000000001000000000010001000000010000000100010000000212000000000100000000100000000002200000000220020022 2
2 0 523428 433541 3 9 4 8 -1 -1 0000002010000000010000000001000000000010001000000010000000100010000000202000000000100000000100000000002200000000220020022 2
1 0 521079 433541 10 16 9 15 -1 -1 0000000010000020010000000001000000000010001000000010000000100010000000202000000000100000000100000000002200000000220020022 2
2 0 521079 429780 4 8 10 14 -1 -1 0000000010000020010000000001000000000010001000000010000000100010000000212000000000000000000100000000002200000000220020022 2
1 0 517505 429780 3 13 2 12 -1 -1 0000000010000000010000000001000000000010001000000010000000100010000000212000000002000000000100000000002200000000220020022 2
2 0 517505 426847 9 13 10 12 -1 -1 0000100000000000010000000001000000000010001000000010000000100010000000212000000002000000000100000000002200000000220020022 2
1 0 514644 426847 11 11 9 13 -1 -1 0000100000000000010000000001000000000010001000000010000000100010000000012000000022000000000100000000002200000000220020022 2
2 0 514644 423523 10 12 11 13 -1 -1 0000100000000000010000000001000000000010001000000010000000100010000000112000000022000000000000000000002200000000220020022 2
1 0 511542 423523 9 15 1 11 -1 -1 0000100000000000010000000001000000000010001000000010000000100010000000112000000002000000000020000000002200000000220020022 2
2 0 511542 419325 10 14 14 14 -1 -1 0100100000000000010000000001000000000010001000000010000000100010000000102000000002000000000020000000002200000000220020022 2
1 0 510159 419325 9 13 9 15 -1 -1 0100100000000000010000000001000000000010001000000010000000100010000000102000000000000000000020000000002200000000220022022 2
2 0 510159 418035 9 17 9 13 -1 -1 0100100000000000010000000001000000000010001000000010000000100010000000012000000000000000000020000000002200000000220022022 2
1 0 508147 418035 9 15 3 13 -1 -1 0100100000000000010000000001000000000010001000000010000000100010000000210000000000000000000020000000002200000000220022022 2
2 0 508147 416163 9 13 10 14 -1 -1 0100100010000000010000000001000000000010001000000010000000100010000000200000000000000000000020000000002200000000220022022 2
1 0 507125 416163 7 11 7 9 -1 -1 0100100010000000010000000001000000000010001000000010000000100010000000000000000002000000000020000000002200000000220022022 2
2 0 507125 414728 10 14 14 10 -1 -1 0100100010000000010000000001000000000010001000000100000000100010000000000000000002000000000020000000002200000000220022022 2
1 0 506126 414728 8 8 4 8 -1 -1 0100100010000000010000000001000000000010001000000100000000100010000000000000000000000000000020000000002200000000220222022 2
2 0 506126 413798 11 13 12 14 -1 -1 0100100010000010010000000001000000000010001000000100000000000010000000000000000000000000000020000000002200000000220222022 2
1 0 505117 413798 7 9 3 9 -1 -1 0100100010000010010000000001000000000010001000000100000000000010000000000000000000000000000000000000002202000000220222022 2
2 0 505117 412727 12 8 13 9 -1 -1 0100101010000010010000000001000000000010001000000000000000000010000000000000000000000000000000000000002202000000220222022 2
1 0 504303 412727 6 8 4 10 -1 -1 0100101010000010010000000001000000000010001000000000000000000010000000000000000000000000000000000000000202000002220222022 2
2 0 504303 412099 12 14 13 15 -1 -1 0100101010000011010000000001000000000000001000000000000000000010000000000000000000000000000000000000000202000002220222022 2
1 0 503653 412099 8 16 7 15 -1 -1 0100101010000011010000000001000000000000001000000000000000000010000000000000000000000000000000000000000200000002222222022 2
2 0 503653 411698 12 10 12 12 -1 -1 0100101010000011010000000001000000000000001000000000100000000000000000000000000000000000000000000000000200000002222222022 2
1 0 503027 411698 4 14 4 16 -1 -1 0100101010000011010000000001000000000000001000000000100000000000000000000000000000000000000000000000000020000002222222022 2
2 0 503027 411316 13 9 15 11 -1 -1 0100101010000011001000000001000000000000001000000000100000000000000000000000000000000000000000000000000020000002222222022 2
1 0 502628 411316 4 8 0 12 -1 -1 0100101010000011001000000001000000000000001000000000100000000000000000000000000000000000000000000000000020000000222222222 2
2 0 502628 411058 14 10 13 9 -1 -1 1100101010000001001000000001000000000000001000000000100000000000000000000000000000000000000000000000000020000000222222222 2
1 0 502000 411058 7 15 1 13 -1 -1 1100101010000001001000000001000000000000001000000000100000000000000000000000000000000000000000000000000020000002222022222 2
2 0 502000 410765 12 12 14 10 -1 -1 1110101010000001001000000001000000000000001000000000000000000000000000000000000000000000000000000000000020000002222022222 2
