1322287887000
progamers
kingfish
1 0 599401 600000 13 9 12 10 -1 -1 2222222222000000000000000000000000000000000000000000000000000000000000000000000000000000000000000000000000000001111111111 1
2 0 599401 599894 2 14 4 12 -1 -1 2222222222000000000000000000000000000000000000000000000000000000000000000000000000000000000000000000000100000000111111111 1
1 0 598381 599894 15 11 11 11 -1 -1 2222202222000000200000000000000000000000000000000000000000000000000000000000000000000000000000000000000100000000111111111 1
2 0 598381 599893 0 12 4 16 -1 -1 2222202222000000200000000000000000000000000000000000000000000000000000000000000000000000000100000000000100000000111111011 1
1 0 595564 599893 13 11 11 13 -1 -1 0222202222000000202000000000000000000000000000000000000000000000000000000000000000000000000100000000000100000000111111011 1
2 0 595564 599892 3 11 5 13 -1 -1 0222202222000000202000000000000000000000000000000000000000000000000000000000000000000000000110000000000100000000011111011 1
1 0 595423 599892 14 14 10 10 -1 -1 0222202022000000202000000000020000000000000000000000000000000000000000000000000000000000000110000000000100000000011111011 1
2 0 595423 599891 2 12 6 12 -1 -1 0222202022000000202000000000020000000000000000000000000000000000000000000000000100000000000110000000000100000000011110011 1
1 0 595097 599891 16 12 10 14 -1 -1 0222002022000000202000000000020000000000200000000000000000000000000000000000000100000000000110000000000100000000011110011 1
2 0 595097 599890 3 13 7 13 -1 -1 0222002022000000202000000000020000000000200000000000000000000000000000000000000101000000000110000000000100000000011110010 1
1 0 594643 599890 15 13 9 11 -1 -1 0222002002000000202000000000020000000000200000000002000000000000000000000000000101000000000110000000000100000000011110010 1
2 0 594643 593739 4 12 8 12 -1 -1 0222002002000000202000000000020000000000200000000002000000000000000001000000000101000000000110000000000100000000011110000 1
1 0 594277 593739 12 10 8 14 -1 -1 0222002002000000002000000000020000000000200000000002000000002000000001000000000101000000000110000000000100000000011110000 1
2 0 594277 588378 4 16 5 15 -1 -1 0222002002000000002000000000020000000000200000000002000000002100000001000000000101000000000110000000000000000000011110000 1
1 0 593569 588378 14 12 8 10 -1 -1 0222002002000000000000000000022000000000200000000002000000002100000001000000000101000000000110000000000000000000011110000 1
2 0 593569 583933 2 10 6 14 -1 -1 0222002002000000000000000000022000000000200000000002000000012100000001000000000101000000000110000000000000000000011100000 1
1 0 593290 583933 13 15 12 14 -1 -1 0220002002000000000000000000022000000000220000000002000000012100000001000000000101000000000110000000000000000000011100000 1
2 0 593290 579727 5 13 11 15 -1 -1 0220002002000000000000000000022000000000220000000002000000012100000001000000000101000000000110000000000001000000010100000 1
1 0 593131 579727 11 11 5 13 -1 -1 0220002002000000000000000000002000000000220000000002000000012100000001000000000101000000000112000000000001000000010100000 1
2 0 593131 574856 1 11 2 12 -1 -1 0220002002000000000000000000012000000000220000000002000000012100000001000000000101000000000012000000000001000000010100000 1
1 0 592982 574856 12 14 12 12 -1 -1 0020202002000000000000000000012000000000220000000002000000012100000001000000000101000000000012000000000001000000010100000 1
2 0 592982 569697 11 15 11 11 -1 -1 0020202002000000000000000000012000000000220000000002000000012100000001000000000101000000000012000000000010000000010100000 1
1 0 592807 569697 12 12 12 14 -1 -1 0020202002000000000000000000012000000000220000000002000000012100000001000000000101000000000210000000000010000000010100000 1
2 0 592807 564222 8 12 9 13 -1 -1 0020202002000000000000000000012000000000220000000002000000012100000001000000000101000000000210000000000001000000010100000 1
1 0 592641 564222 8 10 7 9 -1 -1 0020202002000000000000000000012000000000220000000002000000010100000001200000000101000000000210000000000001000000010100000 1
2 0 592641 559142 3 9 4 10 -1 -1 0020202002000000000000000000012000000000220000000102000000000100000001200000000101000000000210000000000001000000010100000 1
1 0 592321 559142 10 10 8 12 -1 -1 0020200002000002000000000000012000000000220000000102000000000100000001200000000101000000000210000000000001000000010100000 1
2 0 592321 553485 9 13 11 15 -1 -1 0020200002000002000000000000012000000000220000000102000000001100000001200000000001000000000210000000000001000000010100000 1
1 0 592016 553485 12 14 8 10 -1 -1 0020200002000002000000000000012000000000220000000102000000001100000001000000000001000000000212000000000001000000010100000 1
2 0 592016 546938 1 13 5 9 -1 -1 0020200002000002000000000000012000000000220000000102000000011100000001000000000001000000000212000000000000000000010100000 1
1 0 591571 546938 13 13 12 12 -1 -1 0000200002000002000000000002012000000000220000000102000000011100000001000000000001000000000212000000000000000000010100000 1
2 0 591571 539026 11 11 13 13 -1 -1 0000200002000002000000000002012000000000220000000102000000011100000001000000000001000000000212000000000010000000000100000 1
1 0 591351 539026 14 10 13 11 -1 -1 0000200002000002000000000002012000000000220000000102000000011100000001000000000001000000000012000000000010000000020100000 1
2 0 591351 531709 4 10 6 8 -1 -1 0000200002000002000000000002012000000000220000000102000000011100000001000000000001000000000012000000000010000000120000000 1
1 0 591203 531709 7 9 5 11 -1 -1 0000200002000000000000000002012000000020220000000102000000011100000001000000000001000000000012000000000010000000120000000 1
2 0 591203 525767 6 8 6 10 -1 -1 0000200002000000000000000002112000000020220000000002000000011100000001000000000001000000000012000000000010000000120000000 1
1 0 590978 525767 11 13 9 15 -1 -1 0000200002000000000000000002112000000002220000000002000000011100000001000000000001000000000012000000000010000000120000000 1
2 0 590978 518027 5 9 9 17 -1 -1 0000200002000000000000000002112000000002220000000002000000011100000001010000000001000000000002000000000010000000120000000 1
1 0 590774 518027 13 11 11 13 -1 -1 0000200002000000000000000000112000000002220000000002000000011100000001012000000001000000000002000000000010000000120000000 1
2 0 590774 511190 9 17 10 16 -1 -1 0000200002000000000000000000112000000002220000000002000000011100000001012000000001000000000012000000000010000000020000000 1
1 0 590560 511190 10 14 9 13 -1 -1 0000200002000000000000000000112000000002220000000002000000011100000001010000000001200000000012000000000010000000020000000 1
2 0 590560 505699 6 10 7 11 -1 -1 0000200002000000000000000000112000000002220000000002000000011100000001110000000000200000000012000000000010000000020000000 1
1 0 590378 505699 12 12 8 16 -1 -1 0000200002000000000000000000112000000000220000000022000000011100000001110000000000200000000012000000000010000000020000000 1
2 0 590378 499979 10 16 14 12 -1 -1 0000200002000000000000000000112000000000220000000022000000011110000001110000000000200000000012000000000000000000020000000 1
1 0 590311 499979 5 13 4 12 -1 -1 0000200002000000000000000000112000000000220000000022000000011110000001110000000000000000000012000000000000000000020020000 1
2 0 590311 496116 5 15 5 13 -1 -1 0000200002000000100000000000102000000000220000000022000000011110000001110000000000000000000012000000000000000000020020000 1
1 0 590189 496116 11 13 10 14 -1 -1 0000200002000000100000000000120000000000220000000022000000011110000001110000000000000000000012000000000000000000020020000 1
2 0 590189 491889 7 11 9 17 -1 -1 0000200002000000100000000000120000000000220000000022000000011110000001110000000001000000000002000000000000000000020020000 1
1 0 590054 491889 8 16 7 15 -1 -1 0000200002000000100000000000120000000000220000000002000000011110000001112000000001000000000002000000000000000000020020000 1
2 0 590054 487226 2 12 3 11 -1 -1 0000200002000000100000000000120000000000220000000002100000011100000001112000000001000000000002000000000000000000020020000 1
1 0 589901 487226 9 13 7 11 -1 -1 0000000202000000100000000000120000000000220000000002100000011100000001112000000001000000000002000000000000000000020020000 1
2 0 589901 480177 6 14 10 18 -1 -1 0000000202000000100000000000120000000000220000000012100000011100000001012000000001000000000002000000000000000000020020000 1
1 0 589674 480177 10 14 6 10 -1 -1 0000000202000000100000000000120000000000200000000012100000011100000001012000000001020000000002000000000000000000020020000 1
2 0 589674 473654 5 13 6 14 -1 -1 0000000202000000100000000000120000000001200000000012100000011100000001012000000000020000000002000000000000000000020020000 1
1 0 589468 473654 7 15 5 13 -1 -1 0000000202000000100000000000100000000001220000000012100000011100000001012000000000020000000002000000000000000000020020000 1
2 0 589468 468857 3 15 3 13 -1 -1 0000000202000000100000000000110000000001220000000012000000011100000001012000000000020000000002000000000000000000020020000 1
1 0 589345 468857 7 11 5 9 -1 -1 0000000220000000100000000000110000000001220000000012000000011100000001012000000000020000000002000000000000000000020020000 1
2 0 589345 462347 9 17 11 19 -1 -1 0000000220000000100000000001110000000001220000000002000000011100000001012000000000020000000002000000000000000000020020000 1
1 0 589217 462347 9 11 7 9 -1 -1 0000000220000000100000000001110000000001220000000002000000011100000001010000000000020000000002020000000000000000020020000 1
2 0 589217 458711 3 11 4 10 -1 -1 0000000220000000100000000001110000000001220000000102000000011100000000010000000000020000000002020000000000000000020020000 1
1 0 589094 458711 5 9 3 11 -1 -1 0000000020000002100000000001110000000001220000000102000000011100000000010000000000020000000002020000000000000000020020000 1
2 0 589094 452541 6 14 7 15 -1 -1 0000000120000002100000000000110000000001220000000102000000011100000000010000000000020000000002020000000000000000020020000 1
1 0 588824 452541 9 15 9 13 -1 -1 0000000120000002100000000000110000000001200000000102200000011100000000010000000000020000000002020000000000000000020020000 1
2 0 588824 444916 7 13 9 15 -1 -1 0000000120000002100000000000110000000001200000000102200000011100000000100000000000020000000002020000000000000000020020000 1
1 0 588559 444916 9 13 5 9 -1 -1 0000000120000002100000000000110000000001200000000100200000011100000000120000000000020000000002020000000000000000020020000 1
2 0 588559 435648 7 15 9 17 -1 -1 0000000120000002100000000001110000000001200000000100200000011100000000020000000000020000000002020000000000000000020020000 1
1 0 588339 435648 4 12 2 10 -1 -1 0000000120000002100000000001110000000001200000000100000000011100000000022000000000020000000002020000000000000000020020000 1
2 0 588339 430528 9 17 10 16 -1 -1 0001000120000002000000000001110000000001200000000100000000011100000000022000000000020000000002020000000000000000020020000 1
1 0 588068 430528 6 10 2 14 -1 -1 0001000120000002000000000001110000000001200000000100000000011100000000020000000000220000000002020000000000000000020020000 1
2 0 588068 422849 10 18 12 16 -1 -1 0001010120000002000000000001110000000000200000000100000000011100000000020000000000220000000002020000000000000000020020000 1
1 0 587729 422849 8 12 4 12 -1 -1 0001010120000002000000000001110000000000200000000100000000011100000000020000000000200000000002020000000000200000020020000 1
2 0 587729 413888 9 15 15 13 -1 -1 0001010120000002100000000001110000000000200000000100000000010100000000020000000000200000000002020000000000200000020020000 1
1 0 587575 413888 7 9 6 10 -1 -1 0001010120000002100000000001110000000000200000000100000000010100000000000000000000200000000002020000000000200000020020020 1
2 0 587575 401250 10 16 11 17 -1 -1 0001010120000002100000000001110000000001200000000000000000010100000000000000000000200000000002020000000000200000020020020 1
1 0 587442 401250 8 10 7 11 -1 -1 0001010120000002100000000001110000000001200000000000000000010100000000000000000000000000000002220000000000200000020020020 1
2 0 587442 394993 11 17 13 15 -1 -1 0001010120000002100000000001110000000001200000000010000000000100000000000000000000000000000002220000000000200000020020020 1
1 0 587310 394993 8 14 7 13 -1 -1 0001010120000002100000000001110000000001200000000010000000000100000000000000000000000000000002020000000000200000022020020 1
2 0 587310 392104 6 12 8 14 -1 -1 0001010120000002100000000001110000000001200000000011000000000000000000000000000000000000000002020000000000200000022020020 1
1 0 587044 392104 7 11 6 12 -1 -1 0001010120000002100000000001110000000001000000000011000000000200000000000000000000000000000002020000000000200000022020020 1
2 0 587044 387840 12 16 16 12 -1 -1 0001010120000002100000000001110000000001100000000001000000000200000000000000000000000000000002020000000000200000022020020 1
1 0 586844 387840 5 11 1 11 -1 -1 0001010120000002100000000001110000000001100000000001000000000200000000000000000000000000000002020000000000000000022020022 1
2 0 586844 383737 3 13 7 9 -1 -1 0101010120000002100000000001010000000001100000000001000000000200000000000000000000000000000002020000000000000000022020022 1
1 0 586496 383737 7 13 3 13 -1 -1 0101010100000002100000000001010000000001100000000201000000000200000000000000000000000000000002020000000000000000022020022 1
2 0 586496 381218 7 9 9 15 -1 -1 0101010110000002100000000001010000000001100000000200000000000200000000000000000000000000000002020000000000000000022020022 1
1 0 586256 381218 3 11 1 13 -1 -1 0101010110000002100000000001010000000001100000000000000000000200000000020000000000000000000002020000000000000000022020022 1
2 0 586256 379034 8 14 12 14 -1 -1 0111010010000002100000000001010000000001100000000000000000000200000000020000000000000000000002020000000000000000022020022 1
1 0 585985 379034 5 9 3 11 -1 -1 0111010010000002100000000001010000000001100000000000000000000000000000020000000000000000000002020000000002000000022020022 1
2 0 585985 377472 9 15 10 14 -1 -1 0111010110000002100000000000010000000001100000000000000000000000000000020000000000000000000002020000000002000000022020022 1
1 0 585795 377472 2 10 0 12 -1 -1 0111010110000002100000000000010000000001100000000000000000000000000000000000000002000000000002020000000002000000022020022 1
2 0 585795 376246 10 14 14 14 -1 -1 1110010110000002100000000000010000000001100000000000000000000000000000000000000002000000000002020000000002000000022020022 1
1 0 585659 376246 4 12 2 10 -1 -1 1110010110000002100000000000010000000001100000000000000000000000000000000000000000000000000002020000000002000000022022022 1
2 0 585659 374737 13 13 13 11 -1 -1 1111010110000002000000000000010000000001100000000000000000000000000000000000000000000000000002020000000002000000022022022 1
1 0 585464 374737 6 10 4 12 -1 -1 1111010110000002000000000000010000000001100000000000000000000000000000000000000000000000000002020000000002000000202022022 1
2 0 585464 373733 11 15 15 11 -1 -1 1111010110000002100000000000010000000000100000000000000000000000000000000000000000000000000002020000000002000000202022022 1
1 0 581480 373733 3 11 3 9 -1 -1 1111010110000002100000000000010000000000100000000000000000000000000000000000000000000000000000020000000002000000202022222 1
2 0 581480 373021 4 10 4 14 -1 -1 1111011010000002100000000000010000000000100000000000000000000000000000000000000000000000000000020000000002000000202022222 1
1 0 578587 373021 1 13 2 12 -1 -1 1111011010000000120000000000010000000000100000000000000000000000000000000000000000000000000000020000000002000000202022222 1
2 0 578587 372285 4 14 5 15 -1 -1 1101111010000000120000000000010000000000100000000000000000000000000000000000000000000000000000020000000002000000202022222 1
1 0 574041 372285 2 12 1 13 -1 -1 1101111010000000100000000000012000000000100000000000000000000000000000000000000000000000000000020000000002000000202022222 1
2 0 574041 371640 5 15 7 13 -1 -1 1111011010000000100000000000012000000000100000000000000000000000000000000000000000000000000000020000000002000000202022222 1
1 0 573948 371640 6 12 2 12 -1 -1 1111011010000000100000000000010000000000100000000002000000000000000000000000000000000000000000020000000002000000202022222 1
2 0 573948 371232 7 13 8 12 -1 -1 1111111010000000100000000000010000000000000000000002000000000000000000000000000000000000000000020000000002000000202022222 1
1 0 573946 371232 5 13 3 15 -1 -1 1111111010000000100000000000010000000000000000000000000000002000000000000000000000000000000000020000000002000000202022222 1
2 0 573946 371095 12 14 13 13 -1 -1 1111111011000000100000000000000000000000000000000000000000002000000000000000000000000000000000020000000002000000202022222 1
1 0 573945 371095 4 12 3 11 -1 -1 1111111011000000100000000000000000000000000000000000000000002000000000000000000000000000000000020000000000000000222022222 1
