1322295497000
artificialwintelligence
kingfish
1 0 599604 600000 14 12 12 10 -1 -1 2222222222000000000000000000000000000000000000000000000000000000000000000000000000000000000000000000000000000001111111111 1
2 0 599604 599920 2 14 4 12 -1 -1 2222222222000000000000000000000000000000000000000000000000000000000000000000000000000000000000000000000100000001111101111 1
1 0 599066 599920 13 11 11 9 -1 -1 2222202222000000200000000000000000000000000000000000000000000000000000000000000000000000000000000000000100000001111101111 1
2 0 599066 599919 0 12 4 16 -1 -1 2222202222000000200000000000000000000000000000000000000000000000000000000000000000000000001000000000000100000001011101111 1
1 0 598615 599919 14 14 12 8 -1 -1 0222202222000000202000000000000000000000000000000000000000000000000000000000000000000000001000000000000100000001011101111 1
2 0 598615 599918 2 12 4 10 -1 -1 0222202222000000202000000000000000000000000000000000000000000000000000000000000000000000001000000000001100000001011100111 1
1 0 598105 599918 12 10 10 8 -1 -1 0222002222000002202000000000000000000000000000000000000000000000000000000000000000000000001000000000001100000001011100111 1
2 0 598105 599917 3 9 5 11 -1 -1 0222002222000002202000000000000000000000000000000000000000000000000000000000001000000000001000000000001000000001011100111 1
1 0 597426 599917 16 12 12 16 -1 -1 0222000222000002202000000000200000000000000000000000000000000000000000000000001000000000001000000000001000000001011100111 1
2 0 597426 599916 1 11 3 9 -1 -1 0222000222000002202000000000200000000000000000000000000000000000000000000000001000000000001000000000001000100001011100110 1
1 0 596579 599916 13 9 9 9 -1 -1 0022002222000002202000000000200000000000000000000000000000000000000000000000001000000000001000000000001000100001011100110 1
2 0 596579 599772 3 11 5 13 -1 -1 0022002222000002202000000000200000000000000000000000000000000000000010000000001000000000001000000000001000100000011100110 1
1 0 595313 599772 12 8 8 8 -1 -1 0022002022000002202000000000220000000000000000000000000000000000000010000000001000000000001000000000001000100000011100110 1
2 0 595313 599771 3 15 5 9 -1 -1 0022002022000002202000000000220000000000000000000000000000100000000010000000001000000000001000000000000000100000011100110 1
1 0 593288 599771 11 9 7 9 -1 -1 0022002020000002202000000002220000000000000000000000000000100000000010000000001000000000001000000000000000100000011100110 1
2 0 593288 595539 4 10 8 10 -1 -1 0022002020000002202000000002220000000000000000000100000000100000000010000000001000000000000000000000000000100000011100110 1
1 0 592062 595539 15 11 13 9 -1 -1 0022002020000000202000000002220000000000000000000100000000120000000010000000001000000000000000000000000000100000011100110 1
2 0 592062 592374 2 10 6 10 -1 -1 0022002020000000202000000002220000000000000000000100000000120000000010000000001000000000000000000000000000100001011100010 1
1 0 590876 592374 14 10 12 8 -1 -1 0020002020000000202000000002220000000002000000000100000000120000000010000000001000000000000000000000000000100001011100010 1
2 0 590876 589776 1 13 2 12 -1 -1 0020002020000000202000000002220000000002000000000100000000120000000010000000001000000000000000000000001000100001011000010 1
1 0 588531 589776 15 13 14 12 -1 -1 0000202020000000202000000002220000000002000000000100000000120000000010000000001000000000000000000000001000100001011000010 1
2 0 588531 586194 5 9 7 11 -1 -1 0000202020000000202000000002220000000002000000000100000000120000000010000000001000000000000000000000001000100001011010000 1
1 0 585878 586194 12 16 11 15 -1 -1 0000202020000000202000000000220000000002000000000120000000120000000010000000001000000000000000000000001000100001011010000 1
2 0 585878 582744 4 12 6 14 -1 -1 0000202020000000202000000000220000000002000000000120000000120000000010000000001000000000000001000000001000000001011010000 1
1 0 582916 582744 7 9 5 15 -1 -1 0000202020000000002000000000220000000002020000000120000000120000000010000000001000000000000001000000001000000001011010000 1
2 0 582916 575283 5 11 11 9 -1 -1 0000202020000000002000000000221000000002020000000020000000120000000010000000001000000000000001000000001000000001011010000 1
1 0 580082 575283 14 12 10 16 -1 -1 0000202020000000002000000000021000000002020000000020000000120000000010000000001000000000002001000000001000000001011010000 1
2 0 580082 568835 5 13 7 15 -1 -1 0000202020000000002000000000021000000002020000000020000000120000000010000000001000100000002001000000001000000001011000000 1
1 0 574411 568835 13 13 12 14 -1 -1 0000202020000000002000000000001000000002020000000020200000120000000010000000001000100000002001000000001000000001011000000 1
2 0 574411 562878 6 10 8 12 -1 -1 0000202020000000002000000000001000000002020000000020200000120000000010000000001000100000002001000000001001000001001000000 1
1 0 571515 562878 13 9 12 10 -1 -1 0000202020000000002000000000001000000000020000000020200000122000000010000000001000100000002001000000001001000001001000000 1
2 0 571515 555044 11 9 13 11 -1 -1 0000202020000000002000000000001000000000020000000020200000122000000010000000001000100000002001000000001101000000001000000 1
1 0 569328 555044 13 15 9 15 -1 -1 0000202020000000002000000000001000000000020000000020200000122000000010000000001000100000000001000000001101000000201000000 1
2 0 569328 546037 6 14 14 10 -1 -1 0000202020000000002000000000001000000000020000000020200000122000000010010000001000100000000001000000001101000000200000000 1
1 0 566197 546037 10 16 4 14 -1 -1 0000202020000000002000000000001000000000000000000020200000122000000010010000001000100000000001000000001101000000200200000 1
2 0 566197 540732 4 16 12 12 -1 -1 0000202020000000012000000000001000000000000000000020200000122000000010010000001000000000000001000000001101000000200200000 1
1 0 561498 540732 12 14 6 16 -1 -1 0000202020000000010000000000001000000000000000000020200000122000000010010000001000000000000001000000001121000000200200000 1
2 0 561498 532756 8 10 12 14 -1 -1 0000202020000000010000000000001000000000001000000020200000122000000010010000001000000000000001000000001120000000200200000 1
1 0 556485 532756 12 10 11 9 -1 -1 0000202020000000010000000000001000000000001000000020200000102000000010010000001000000000000001000000001122000000200200000 1
2 0 556485 521755 7 11 9 13 -1 -1 0000202020000000010000000000001000000000001000000020200000102000000010010000001000000000001001000000001022000000200200000 1
1 0 551270 521755 8 8 7 9 -1 -1 0000202020000000010000000000001000000000001000000000200000102000000010210000001000000000001001000000001022000000200200000 1
2 0 551270 513785 8 12 12 16 -1 -1 0000202020000000010000000000001000000000001000000100200000002000000010210000001000000000001001000000001022000000200200000 1
1 0 549461 513785 12 8 6 10 -1 -1 0000202020000000010000000000001000000000001000000100200000000000000010210000001000000000001001000000001022200000200200000 1
2 0 549461 507183 7 15 8 14 -1 -1 0000202020000000010000000000001000000001001000000100200000000000000010210000001000000000001001000000000022200000200200000 1
1 0 546544 507183 10 8 6 8 -1 -1 0000202020000000010000000000001000000001001000000100000000000200000010210000001000000000001001000000000022200000200200000 1
2 0 546544 502549 8 14 10 12 -1 -1 0000202020000000010000000000001000000011001000000100000000000200000010210000000000000000001001000000000022200000200200000 1
1 0 543166 502549 11 15 10 16 -1 -1 0000202020000000010000000000001000000011001000000100000000000000000010210000000020000000001001000000000022200000200200000 1
2 0 543166 498126 9 13 13 13 -1 -1 0000202020000000010000000000001000000011001000000100000000000000000010210000000020100000001000000000000022200000200200000 1
1 0 541096 498126 11 9 10 10 -1 -1 0000202020000000010000000000001000000011001000000100000000000000000010010000000020100000001000000000000022200000220200000 1
2 0 541096 492040 12 14 14 12 -1 -1 0000202020000000010000000000001000000011001000000100000000000000000010010000000120100000000000000000000022200000220200000 1
1 0 538856 492040 10 10 8 8 -1 -1 0000202020000000010000000000001000000011001000000100000000000000000010010000000120100000000000000000000020200000220220000 1
2 0 538856 489797 2 12 3 11 -1 -1 0000202020000000010000000000001000000011001000000100000000100000000010010000000020100000000000000000000020200000220220000 1
1 0 535525 489797 9 9 5 9 -1 -1 0000002220000000010000000000001000000011001000000100000000100000000010010000000020100000000000000000000020200000220220000 1
2 0 535525 485382 3 11 7 15 -1 -1 0000002220000000010000000001001000000011001000000100000000100000000000010000000020100000000000000000000020200000220220000 1
1 0 532685 485382 6 10 2 10 -1 -1 0000002020000000010000000001001000000011001000000100200000100000000000010000000020100000000000000000000020200000220220000 1
2 0 532685 479685 12 16 13 15 -1 -1 0001002020000000010000000001001000000010001000000100200000100000000000010000000020100000000000000000000020200000220220000 1
1 0 530075 479685 10 16 8 14 -1 -1 0001002020000000010000000001001000000010001000000100200000100000000000010000000020100000000000000000000020000000222220000 1
2 0 530075 475017 7 15 11 11 -1 -1 0001002020000000010000000001001000000010001000000100200000100100000000010000000020000000000000000000000020000000222220000 1
1 0 528100 475017 8 8 4 8 -1 -1 0001002020000000010000000001001000000010001000000100000000100100000000010000000020000000000200000000000020000000222220000 1
2 0 528100 471038 10 12 12 10 -1 -1 0001002020000010010000000001001000000010001000000100000000000100000000010000000020000000000200000000000020000000222220000 1
1 0 527360 471038 9 15 7 13 -1 -1 0001002020000010010000000001001000000010001000000100000000000100000000010000000000000000000200000000000220000000222220000 1
2 0 527360 467485 11 11 15 11 -1 -1 0001002020000010010000000001001000000010001000000101000000000100000000000000000000000000000200000000000220000000222220000 1
1 0 525540 467485 8 14 8 12 -1 -1 0001002020000010010000000001001000000010001000000101000000000100000000000000000000000000000000000000000220000000222220200 1
2 0 525540 465057 3 13 4 12 -1 -1 0001002020000010010000000001001000000010001000000101000000001000000000000000000000000000000000000000000220000000222220200 1
1 0 523755 465057 4 14 3 15 -1 -1 0001002000000010210000000001001000000010001000000101000000001000000000000000000000000000000000000000000220000000222220200 1
2 0 523755 462167 4 12 5 13 -1 -1 0001002001000010200000000001001000000010001000000101000000001000000000000000000000000000000000000000000220000000222220200 1
1 0 518637 462167 8 12 2 14 -1 -1 0001002001000010000000000001021000000010001000000101000000001000000000000000000000000000000000000000000220000000222220200 1
2 0 518637 459913 5 13 7 11 -1 -1 0001012001000010000000000001021000000010001000000101000000000000000000000000000000000000000000000000000220000000222220200 1
1 0 516923 459913 7 9 5 7 -1 -1 0001012001000010000000000001001000000010001000000121000000000000000000000000000000000000000000000000000220000000222220200 1
2 0 516923 457358 12 10 13 9 -1 -1 0001012001000010000000000011001000000010001000000021000000000000000000000000000000000000000000000000000220000000222220200 1
1 0 515853 457358 7 13 6 14 -1 -1 0001012001000010000000000011001000000010001000000021000000000000000000000000000000000000000000000000000020000002222220200 1
2 0 515853 455424 12 12 14 14 -1 -1 0001012001000010000000000011001000000010011000000020000000000000000000000000000000000000000000000000000020000002222220200 1
1 0 515085 455424 2 14 1 13 -1 -1 0001012001000010000000000011001000000010011000000020000000000000000000000000000000000000000000000000000000000002222222200 1
2 0 515085 454844 3 9 4 10 -1 -1 0011002001000010000000000011001000000010011000000020000000000000000000000000000000000000000000000000000000000002222222200 1
1 0 513882 454844 5 7 1 11 -1 -1 0011000001000012000000000011001000000010011000000020000000000000000000000000000000000000000000000000000000000002222222200 1
2 0 513882 454116 4 10 5 11 -1 -1 0111000001000012000000000001001000000010011000000020000000000000000000000000000000000000000000000000000000000002222222200 1
1 0 512623 454116 6 8 4 10 -1 -1 0111000001000010000000000001201000000010011000000020000000000000000000000000000000000000000000000000000000000002222222200 1
2 0 512623 453317 5 11 6 12 -1 -1 0111000001000011000000000001201000000000011000000020000000000000000000000000000000000000000000000000000000000002222222200 1
1 0 511804 453317 6 16 4 14 -1 -1 0111000001000011000000000001001000000000211000000020000000000000000000000000000000000000000000000000000000000002222222200 1
2 0 511804 452329 6 12 8 10 -1 -1 0111000001000011010000000001001000000000210000000020000000000000000000000000000000000000000000000000000000000002222222200 1
1 0 511127 452329 6 14 0 12 -1 -1 0111000001000011010000000001001000000000010000000020000000020000000000000000000000000000000000000000000000000002222222200 1
2 0 511127 451683 7 11 9 9 -1 -1 1111000001000011010000000001001000000000000000000020000000020000000000000000000000000000000000000000000000000002222222200 1
1 0 510619 451683 5 9 3 11 -1 -1 1111000001000011010000000001001000000000000000000000000000020000000020000000000000000000000000000000000000000002222222200 1
2 0 510619 451203 8 10 10 8 -1 -1 1111000101000011010000000000001000000000000000000000000000020000000020000000000000000000000000000000000000000002222222200 1
1 0 509910 451203 5 15 3 9 -1 -1 1111000101000011010000000000001000000000000000000000000000000000000020000000002000000000000000000000000000000002222222200 1
2 0 509910 450622 9 9 11 7 -1 -1 1111001101000011010000000000000000000000000000000000000000000000000020000000002000000000000000000000000000000002222222200 1
1 0 509148 450622 4 8 2 14 -1 -1 1111001101000011010000000000000000000000000000000000000000000000000000000000002000000000020000000000000000000002222222200 1
2 0 509148 450471 10 8 12 6 -1 -1 1111011101000001010000000000000000000000000000000000000000000000000000000000002000000000020000000000000000000002222222200 1
1 0 508740 450471 4 10 2 12 -1 -1 1111011101000001010000000000000000000000000000000000000000000000000000000000000000000000020000000000020000000002222222200 1
2 0 508740 450368 11 7 12 8 -1 -1 1111111101000000010000000000000000000000000000000000000000000000000000000000000000000000020000000000020000000002222222200 1
1 0 508502 450368 4 14 3 13 -1 -1 1111111101000000010000000000000000000000000000000000000000000000000000000000000000000000000000000000022000000002222222200 1
