1322293257000
kingfish
deepred
1 0 599793 600000 14 10 12 12 -1 -1 2222222222000000000000000000000000000000000000000000000000000000000000000000000000000000000000000000000000000001111111111 1
2 0 599793 -117 2 14 4 12 -1 -1 2222222222000000000000000000000000000000000000000000000000000000000000000000000000000000000000000000000010000001111011111 1
1 0 599793 -117 16 12 12 8 -1 -1 2222202222000000200000000000000000000000000000000000000000000000000000000000000000000000000000000000000010000001111011111 1
2 0 599793 -117 0 12 4 16 -1 -1 2222202222000000200000000000000000000000000000000000000000000000000000000000000000000000000000000000001010000001111011110 1
1 0 599792 -117 13 13 11 11 -1 -1 0222202222000000202000000000000000000000000000000000000000000000000000000000000000000000000000000000001010000001111011110 1
2 0 599792 -117 3 15 5 17 8 14 0222202222000000202000000000000000000000000000000000000000000000000000000000000000000000000100000000001010000001101011110 1
1 0 599791 -117 14 12 10 12 -1 -1 0222202220000000202000000000000200000000000000000000000000000300000000000000000000000000000100000000001010000001101011110 1
2 0 599791 -117 2 12 6 16 7 9 0222202220000000202000000000000200000000000000000000000000000300000000000000000010000000000100000000001010000001101001110 1
1 0 599791 -117 13 11 9 11 -1 -1 0222002220000000202000000000000200000000002000000300000000000300000000000000000010000000000100000000001010000001101001110 1
2 0 599791 -117 5 17 9 9 -1 -1 0222002220000000202000000000000200000000002000000300000000000300000001000000000010000000000100000000001010000001001001110 1
1 0 595918 -117 11 11 3 15 -1 -1 0222002220000000202000000000000000000000002000000300000000000300000021000000000010000000000100000000001010000001001001110 1
2 0 595918 -117 9 9 13 13 -1 -1 0222002221000000202000000000000000000000002000000300000000000300000021000000000010000000000000000000001010000001001001110 1
1 0 592907 -117 12 12 11 11 -1 -1 0222002221000000202000000000000000000000002000000300000000000300000001000000000010000000000000000000001010000001021001110 1
2 0 592907 -117 3 11 5 13 -1 -1 0222002221000000202000000000000000000000002000000300000000000300000001000000000010000000000100000000001000000001021001110 1
1 0 586700 -117 14 14 8 16 -1 -1 0222002021000000202000000000020000000000002000000300000000000300000001000000000010000000000100000000001000000001021001110 1
2 0 586700 -117 3 13 9 15 -1 -1 0222002021000000202000000000020000000000002000000300000000000310000001000000000010000000000100000000001000000001021000110 1
1 0 578335 -117 11 11 5 17 -1 -1 0222002001000000202000000000020000000000002000000300000000000310000001020000000010000000000100000000001000000001021000110 1
2 0 578335 -117 4 16 6 18 -1 -1 0222002001000000202000000000020100000000002000000300000000000310000001020000000010000000000000000000001000000001021000110 1
1 0 574558 -117 10 12 6 8 -1 -1 0222002001000000200000000000020100000000002200000300000000000310000001020000000010000000000000000000001000000001021000110 1
2 0 574558 -117 4 12 6 14 -1 -1 0222002001000000200000000000020100000010002200000300000000000310000001020000000000000000000000000000001000000001021000110 1
1 0 569903 -117 13 9 12 10 -1 -1 0222002001000000000000000000020100000010022200000300000000000310000001020000000000000000000000000000001000000001021000110 1
2 0 569903 -117 5 13 9 13 -1 -1 0222002001000000000000000000020100000010022200000300000000000310000001020000000000000000000000000000001100000000021000110 1
1 0 563802 -117 13 15 11 9 -1 -1 0222002001000000000000000000000100000010022200000300000000000310000001220000000000000000000000000000001100000000021000110 1
2 0 563802 -117 2 10 4 16 -1 -1 0222002001000000000000000000000100000010022200000300000000000310000001220000000000000000001000000000001100000000020000110 1
1 0 558965 -117 9 11 9 9 -1 -1 0220002001000000002000000000000100000010022200000300000000000310000001220000000000000000001000000000001100000000020000110 1
2 0 558965 -117 13 13 14 14 -1 -1 0220002001000000002000000000000100000010022200000300000000000310000010220000000000000000001000000000001100000000020000110 1
1 0 554047 -117 12 8 6 10 -1 -1 0220002001000000002000000000000100000010022200000300000000000310000010220000000000000000001000000000001100000000000002110 1
2 0 554047 -117 14 14 16 12 -1 -1 0220002001000000002000000000000100000011022200000300000000000310000010220000000000000000001000000000000100000000000002110 1
1 0 549333 -117 12 10 8 10 -1 -1 0220002001000000002000000000000100000011022200000300000000000310000010220000000000000000001000000000000100000000000000112 1
2 0 549333 -117 9 13 10 14 -1 -1 0220002001000000002000000000000100000011022200000300000000010310000010220000000000000000001000000000000000000000000000112 1
1 0 544635 -117 9 9 5 9 -1 -1 0220002001000000002000000000000100000011022200000300000000010310000010020000000002000000001000000000000000000000000000112 1
2 0 544635 -117 9 15 11 13 -1 -1 0220002001000000002000000001000100000011022200000300000000010310000000020000000002000000001000000000000000000000000000112 1
1 0 540144 -117 6 10 0 12 -1 -1 0220002001000000002000000001000100000011022200000300000000010310000000000000000002000000001020000000000000000000000000112 1
2 0 540144 -117 10 14 12 12 -1 -1 1220002001000000002000000001000100000010022200000300000000010310000000000000000002000000001020000000000000000000000000112 1
1 0 535853 -117 8 16 2 10 -1 -1 1220002001000000002000000001000100000010022200000300000000010310000000000000000000000000001020000000000020000000000000112 1
2 0 535853 -117 11 13 13 11 -1 -1 1221002001000000002000000001000100000010022200000300000000010300000000000000000000000000001020000000000020000000000000112 1
1 0 532085 -117 15 13 14 12 -1 -1 1221002001000000002000000001000100000010022200000300000000010300000000000000000000000000001000000000000020000000200000112 1
2 0 532085 -117 13 11 15 13 -1 -1 1221002001000000002000000001000100000010022200000300000000010300000000000000000000000000001000000000000020000000200010102 1
1 0 527975 -117 15 11 11 11 -1 -1 1221002001000000002000000001000100000010022200000300000000010300000000000000000000000000001000000000000020000000000010122 1
2 0 527975 -117 12 12 13 11 -1 -1 1221002001000000002000000001000100000010022200000300000000010300000000000000000000000000001100000000000020000000000010022 1
1 0 522721 -117 14 12 10 8 -1 -1 1221002001000000002000000001000100000010022200000300000000010300000000000000000000000000001100000000000000000000200010022 1
2 0 522721 -117 13 11 14 10 -1 -1 1221002001000000002000000001000100000010022200000300000000010300000000000000001000000000001100000000000000000000200000022 1
1 0 518913 -117 5 9 4 10 -1 -1 1221002001000000002000000001000100000010022200000300000000010300000000000000001000000000001100000000000000000000000200022 1
2 0 518913 -117 3 9 5 11 -1 -1 1221002001000001002000000000000100000010022200000300000000010300000000000000001000000000001100000000000000000000000200022 1
1 0 511998 -117 11 11 3 11 -1 -1 1221000001000001002000000000200100000010022200000300000000010300000000000000001000000000001100000000000000000000000200022 1
2 0 511998 -117 1 11 3 13 -1 -1 1221000101000001002000000000200100000010022200000300000000010300000000000000001000000000001000000000000000000000000200022 1
1 0 505243 -117 4 10 2 12 -1 -1 1021000121000001002000000000200100000010022200000300000000010300000000000000001000000000001000000000000000000000000200022 1
2 0 505243 -117 4 16 8 8 -1 -1 1021100121000000002000000000200100000010022200000300000000010300000000000000001000000000001000000000000000000000000200022 1
1 0 497149 -117 6 8 6 10 -1 -1 1021100121000000000000000000200100000010022200000300000000210300000000000000001000000000001000000000000000000000000200022 1
2 0 497149 -117 14 10 15 11 -1 -1 1021100121000000000000000000200100000001022200000300000000210300000000000000001000000000001000000000000000000000000200022 1
1 0 490248 -117 11 9 11 7 -1 -1 1021100121000000000000000000200100000001022200000300000000210300000000000000001000000000001000000000000000000000000000222 1
2 0 490248 -117 8 8 9 7 -1 -1 1021100121000000000000000000200100000001022200000300000000210300000000000000001000000000010000000000000000000000000000222 1
1 0 482166 -117 11 7 5 9 -1 -1 1021100121000000000000000000200100000001022200000300000000010300000200000000001000000000010000000000000000000000000000222 1
2 0 482166 -117 9 7 11 9 -1 -1 1021100121000000000000000001200100000001022200000300000000010300000200000000001000000000000000000000000000000000000000222 1
1 0 477600 -117 6 10 2 14 -1 -1 1021100121000000000000000001200100000001022200000300000000010300000000000000001000000000002000000000000000000000000000222 1
2 0 477600 -117 11 9 12 8 -1 -1 1021110121000000000000000001200100000000022200000300000000010300000000000000001000000000002000000000000000000000000000222 1
1 0 474085 -117 10 8 9 9 -1 -1 1021110121000000000000000001200100000000022200000300000000010300000000000000001000000000000000000000002000000000000000222 1
2 0 474085 -117 12 8 13 9 -1 -1 1021110121000000000000000001200100000000022200000300000000010300000010000000000000000000000000000000002000000000000000222 1
1 0 470365 -117 9 9 7 11 -1 -1 1021110121000000000000000001200100000000022200000300000000010300000010000000000000000000000000000000000000000002000000222 1
2 0 470365 -117 13 9 14 10 -1 -1 1021110121000000000000000001200100000000022200000310000000010300000000000000000000000000000000000000000000000002000000222 1
1 0 466890 -117 8 10 4 10 -1 -1 1021110121000000000000000001200100000000022200000310000000010300000000000000000000000000000000000000000000000000000200222 1
2 0 466890 -117 6 16 8 10 -1 -1 1021110121000001000000000001200100000000022200000310000000000300000000000000000000000000000000000000000000000000000200222 1
1 0 464255 -117 4 10 3 9 -1 -1 1021110121000001000000000001200100000000020200000310000000020300000000000000000000000000000000000000000000000000000200222 1
2 0 464255 -117 8 10 9 11 -1 -1 1021111121000000000000000001200100000000020200000310000000020300000000000000000000000000000000000000000000000000000200222 1
1 0 460940 -117 7 11 6 10 -1 -1 1021111121000000000000000001200100000000020200000310000000000300000002000000000000000000000000000000000000000000000200222 1
2 0 460940 -117 9 11 10 12 -1 -1 1021111121000000000000000001200100000001020200000300000000000300000002000000000000000000000000000000000000000000000200222 1
1 0 459734 -117 2 10 1 11 -1 -1 1021111121000000000000000001200100000001020200000300000000000300000000000000000020000000000000000000000000000000000200222 1
2 0 459734 -117 10 12 11 11 -1 -1 1120111121000000000000000001200100000001020200000300000000000300000000000000000020000000000000000000000000000000000200222 1
1 0 456968 -117 6 10 2 10 -1 -1 1120111121000000000000000001200100000001020200000300000000000300000000000000000000000000000200000000000000000000000200222 1
