1322287934000
kingfish
artificialwintelligence
1 0 599805 600000 14 10 12 12 -1 -1 2222222222000000000000000000000000000000000000000000000000000000000000000000000000000000000000000000000000000001111111111 1
2 0 599805 599762 2 12 4 14 -1 -1 2222222222000000000000000000000000000000000000000000000000000000000000000000000000000000000000000000000010000001111011111 1
1 0 599803 599762 16 12 12 8 -1 -1 2222022222000000020000000000000000000000000000000000000000000000000000000000000000000000000000000000000010000001111011111 1
2 0 599803 599518 3 13 5 15 -1 -1 2222022222000000020000000000000000000000000000000000000000000000000000000000000000000000000000000000001010000001111011110 1
1 0 599802 599518 13 13 11 11 -1 -1 2222022202000000020000000000002000000000000000000000000000000000000000000000000000000000000000000000001010000001111011110 1
2 0 599802 599049 4 14 6 16 -1 -1 2222022202000000020000000000002000000000000000000000000000000000000000000000000000000000000100000000001010000001101011110 1
1 0 599801 599049 14 12 10 12 -1 -1 2222022202000000000000000000002000000000002000000000000000000000000000000000000000000000000100000000001010000001101011110 1
2 0 599801 598257 2 14 6 18 -1 -1 2222022202000000000000000000002000000000002000000000000000000000000000000000000010000000000100000000001010000001101001110 1
1 0 599800 598257 13 11 9 11 -1 -1 2222002202000000000000000000002000000000002200000000000000000000000000000000000010000000000100000000001010000001101001110 1
2 0 599800 597621 6 18 7 19 -1 -1 2222002202000000000000000000002000000000002200000000000000000000000001000000000010000000000100000000001010000001001001110 1
1 0 599611 597621 12 12 8 12 -1 -1 2222002202000000000000000000002000000000002000000000002000000000000001000000000010000000000100000000001010000001001001110 1
2 0 599611 596871 0 12 8 20 -1 -1 2222002202000000000000000000002000000000002000000000002000001000000001000000000010000000000100000000001000000001001001110 1
1 0 599610 596871 11 11 7 11 -1 -1 0222002202000000000000000000002000000000002000000000002000001000200001000000000010000000000100000000001000000001001001110 1
2 0 599610 596055 2 10 6 18 -1 -1 0222002202000000000000000000002000000000002000000010002000001000200001000000000010000000000000000000001000000001001001110 1
1 0 599608 596055 10 12 6 12 -1 -1 0220002202000000000000000000002000000000002200000010002000001000200001000000000010000000000000000000001000000001001001110 1
2 0 599608 594729 5 15 9 19 -1 -1 0220002202000000000000000000002000000000102200000010002000001000200001000000000000000000000000000000001000000001001001110 1
1 0 599454 594729 9 11 5 11 -1 -1 0220002202000000000000000000000000000000102200000010002000001000200001000200000000000000000000000000001000000001001001110 1
2 0 599454 593318 8 20 10 18 -1 -1 0220002202000000000000000000100000000000102200000010002000001000200000000200000000000000000000000000001000000001001001110 1
1 0 594446 593318 8 12 0 12 -1 -1 0220002202000000000000000000100000000000102200000010002000001000000000000200000000020000000000000000001000000001001001110 1
2 0 594446 592433 6 16 10 16 -1 -1 1220002202000000000000000000100000000000102200000010002000000000000000000200000000020000000000000000001000000001001001110 1
1 0 592021 592433 6 12 2 12 -1 -1 1220002202000000000000000000100000000000100200000010002000000000000000000200000000220000000000000000001000000001001001110 1
2 0 592021 591929 6 18 8 20 -1 -1 1220102202000000000000000000100000000000000200000010002000000000000000000200000000220000000000000000001000000001001001110 1
1 0 588439 591929 13 9 11 7 -1 -1 1220102202000000000000000000100000000000000000000010002000000000200000000200000000220000000000000000001000000001001001110 1
2 0 588439 591397 1 13 2 14 -1 -1 1220102202000000000000000000100000000000000000000010002000000000200000000200000000220000010000000000001000000000001001110 1
1 0 585302 591397 12 8 10 6 -1 -1 1200122202000000000000000000100000000000000000000010002000000000200000000200000000220000010000000000001000000000001001110 1
2 0 585302 590864 1 11 3 13 -1 -1 1200122202000000000000000000100000000000000000000010002000000000200000000200010000220000010000000000000000000000001001110 1
1 0 583171 590864 7 11 6 10 -1 -1 1000122222000000000000000000100000000000000000000010002000000000200000000200010000220000010000000000000000000000001001110 1
2 0 583171 590251 2 14 4 8 -1 -1 1000122222000000000000000000100000000001000000000000002000000000200000000200010000220000010000000000000000000000001001110 1
1 0 581187 590251 6 10 2 14 -1 -1 1000102222000020000000000000100000000001000000000000002000000000200000000200010000220000010000000000000000000000001001110 1
2 0 581187 589671 7 19 11 15 -1 -1 1000112222000020000000000000100000000000000000000000002000000000200000000200010000220000010000000000000000000000001001110 1
1 0 578358 589671 14 14 10 14 -1 -1 1000112222000020000000000000100000000000000000000000000000000000200000000200010000220000010002000000000000000000001001110 1
2 0 578358 589077 10 16 12 14 -1 -1 1000112222000020000000000000100000000000000000000000000000000000200000000200010001220000010002000000000000000000001000110 1
1 0 574496 589077 13 15 9 15 -1 -1 1000112222000020000000000000100000000000000000000000000000000000200000000200010001020000010002000000000002000000001000110 1
2 0 574496 588498 9 19 13 15 -1 -1 1000112222000020000000000000100000000000000000000000000000000000200000010200010001020000010002000000000002000000000000110 1
1 0 571952 588498 10 14 8 16 -1 -1 1000112222000020000000000000100000000000000000000000000000000000200000010000010001020000010002000000000002000000002000110 1
2 0 571952 587615 11 15 13 13 -1 -1 1000112222000020000000000000100000000000000000000000000000000010200000010000010000020000010002000000000002000000002000110 1
1 0 569072 587615 9 15 7 17 -1 -1 1000112222000020000000000000100000000000000000000000000000000010200000010000010000020000010000000000000002000000022000110 1
2 0 569072 587109 3 9 5 7 -1 -1 1000112222000020000000000000100000000000000000000000010000000010200000000000010000020000010000000000000002000000022000110 1
1 0 565111 587109 10 6 9 7 -1 -1 1000110222000020000000000020100000000000000000000000010000000010200000000000010000020000010000000000000002000000022000110 1
2 0 565111 586106 5 7 6 6 -1 -1 1000110222000020000000000020100000000000000000000000010000000010200100000000000000020000010000000000000002000000022000110 1
1 0 562633 586106 11 7 10 8 -1 -1 1000110222000020000000000000100000000200000000000000010000000010200100000000000000020000010000000000000002000000022000110 1
2 0 562633 585304 12 14 14 12 -1 -1 1000110222000020000000000000100000000200000000000000010000000010200100000000001000020000000000000000000002000000022000110 1
1 0 558308 585304 15 13 13 11 -1 -1 1000110222000020000000000000100000000200000000000000010000000010200100000000001000020000000000000000000000000000022020110 1
2 0 558308 584534 3 13 7 5 -1 -1 1000110222000020000000000000100000000200000000000000010000000010200100000000001000020000000000000000000000000000122020100 1
1 0 553743 584534 10 8 6 8 -1 -1 1000110202000020000000000000100000000200000000020000010000000010200100000000001000020000000000000000000000000000122020100 1
2 0 553743 583476 3 15 4 16 -1 -1 1000110202000020000000000000100000000210000000020000010000000010200100000000000000020000000000000000000000000000122020100 1
1 0 550185 583476 6 8 6 10 -1 -1 1000110200000020002000000000100000000210000000020000010000000010200100000000000000020000000000000000000000000000122020100 1
2 0 550185 582961 3 11 5 17 -1 -1 1000110200000020002000000000100000000201000000020000010000000010200100000000000000020000000000000000000000000000122020100 1
1 0 547758 582961 6 10 4 12 -1 -1 1000110000000020002000000000100200000201000000020000010000000010200100000000000000020000000000000000000000000000122020100 1
2 0 547758 582188 4 16 6 18 -1 -1 1000110000000020102000000000100200000200000000020000010000000010200100000000000000020000000000000000000000000000122020100 1
1 0 545047 582188 7 17 7 15 -1 -1 1000110000000020100000000000100200000200000200020000010000000010200100000000000000020000000000000000000000000000122020100 1
2 0 545047 581448 4 8 5 7 -1 -1 1000110000000020100000000000100200000200000200020000100000000010200100000000000000020000000000000000000000000000122020100 1
1 0 540157 581448 5 11 1 11 -1 -1 1000110000000000100000000020100200000200000200020000100000000010200100000000000000020000000000000000000000000000122020100 1
2 0 540157 580807 5 17 7 19 -1 -1 1100110000000000100000000020000200000200000200020000100000000010200100000000000000020000000000000000000000000000122020100 1
1 0 537959 580807 8 16 6 14 -1 -1 1100110000000000100000000020000000000200000200020000102000000010200100000000000000020000000000000000000000000000122020100 1
2 0 537959 580236 7 5 8 4 -1 -1 1100110000000000100000000020000000000200010200020000102000000000200100000000000000020000000000000000000000000000122020100 1
1 0 536115 580236 7 15 1 13 -1 -1 1100110000000000100000000020000000000200010200000000102020000000200100000000000000020000000000000000000000000000122020100 1
2 0 536115 579898 13 15 14 14 -1 -1 1110110000000000100000000020000000000200010200000000002020000000200100000000000000020000000000000000000000000000122020100 1
1 0 534212 579898 6 14 5 13 -1 -1 1110110000000000100000000020000000000200010200000000002020000000200100000000000000020000000000000000000000000000120022100 1
2 0 534212 579397 14 14 16 12 -1 -1 1110110000000000100000000020010000000200000200000000002020000000200100000000000000020000000000000000000000000000120022100 1
1 0 532971 579397 5 13 3 11 -1 -1 1110110000000000100000000020010000000200000200000000002020000000200100000000000000020000000000000000000000000000120020102 1
2 0 532971 579000 5 7 7 5 -1 -1 1110110100000000100000000020000000000200000200000000002020000000200100000000000000020000000000000000000000000000120020102 1
1 0 530623 579000 4 12 3 13 -1 -1 1110110100000000100000000000000000000200000200020000002020000000200100000000000000020000000000000000000000000000120020102 1
2 0 530623 578469 6 18 7 17 -1 -1 1110110110000000000000000000000000000200000200020000002020000000200100000000000000020000000000000000000000000000120020102 1
1 0 529150 578469 9 7 8 8 -1 -1 1110110110000000000000000000000000000200000000020000022020000000200100000000000000020000000000000000000000000000120020102 1
2 0 529150 578065 8 4 9 5 -1 -1 1110110110000000000000000000000000000200000000020000022020100000200000000000000000020000000000000000000000000000120020102 1
1 0 527892 578065 8 8 7 9 -1 -1 1110110110000000000000000000000000000200000000020000022000100000202000000000000000020000000000000000000000000000120020102 1
2 0 527892 577564 7 17 11 17 -1 -1 1110110110000000000000000000000000000200000000020100022000000000202000000000000000020000000000000000000000000000120020102 1
1 0 525959 577564 7 9 6 10 -1 -1 1110110110000000000000000000000000000200000000020100002000000000202000000000000000020000000000200000000000000000120020102 1
2 0 525959 577145 10 18 12 16 -1 -1 1110110110000000000000000000000000000201000000020000002000000000202000000000000000020000000000200000000000000000120020102 1
1 0 524667 577145 6 10 5 11 -1 -1 1110110110000000000000000000000000000201000000020000002000000000202000000000000000000000000000200000000000200000120020102 1
2 0 524667 576735 6 6 10 6 -1 -1 1110110110000000000000000000100000000200000000020000002000000000202000000000000000000000000000200000000000200000120020102 1
1 0 523125 576735 5 11 4 12 -1 -1 1110110110000000000000000000100000000000000000020000002000000000202000000000020000000000000000200000000000200000120020102 1
2 0 523125 576345 7 19 8 18 -1 -1 1110110110000000100000000000000000000000000000020000002000000000202000000000020000000000000000200000000000200000120020102 1
1 0 521940 576345 15 11 14 10 -1 -1 1110110110000000100000000000000000000000000000020000000000000002202000000000020000000000000000200000000000200000120020102 1
2 0 521940 575924 13 13 15 11 -1 -1 1110110110000000100000000000000000000000000000020000000000000002202000000000020000000000000000200000000000200000120120002 1
1 0 520812 575924 14 10 12 12 -1 -1 1110110110000000100000000000000000000000000000020000000000000002202000000000020000000000000000200000000000200000100120202 1
2 0 520812 575493 11 17 13 15 -1 -1 1110110110000000100000000000000000000000000000020000000000000002202000000000020000000000000000200000000010200000100020202 1
1 0 519674 575493 13 11 11 13 -1 -1 1110110110000000100000000000000000000000000000020000000000000002202000000000020000000000000000000000000010200000102020202 1
2 0 519674 574925 7 5 8 4 -1 -1 1110110110000000100000000000000000000000000000020000000000000002202000000000020000000000000010000000000010200000002020202 1
1 0 518289 574925 12 12 10 14 -1 -1 1110110110000000100000000000000000000000000000000000000020000002202000000000020000000000000010000000000010200000002020202 1
2 0 518289 574503 10 6 11 7 -1 -1 1110110110000000100000000000000000000000000000000000000020000002202000000000020001000000000010000000000000200000002020202 1
1 0 517229 574503 11 13 9 15 -1 -1 1110110110000000100000000000000000000000000000000000000020000002202000000000000001000000020010000000000000200000002020202 1
2 0 517229 574033 8 4 12 8 -1 -1 1110110110000000100000000000000000000000000000000000000020000002202000010000000001000000020000000000000000200000002020202 1
1 0 516122 574033 10 14 8 16 -1 -1 1110110110000000100000000000000000000000000000000000000000000002202000010000000001000000020000000000002000200000002020202 1
2 0 516122 573581 8 18 9 19 -1 -1 1110110110000000100000000000000000000000000000000000000000000012202000010000000000000000020000000000002000200000002020202 1
1 0 515137 573581 9 15 7 17 -1 -1 1110110110000000100000000000000000000000000000000000000000000010202000010200000000000000020000000000002000200000002020202 1
2 0 515137 573326 12 16 11 17 -1 -1 1110110110000000100000000000000000000000000000000000010000000010202000000200000000000000020000000000002000200000002020202 1
1 0 513683 573326 8 16 6 18 -1 -1 1110110110000000100000000000000000000000000000000000010000000010202000000200000000000000020000200000002000000000002020202 1
2 0 513683 572975 8 20 14 14 -1 -1 1110110110000000100000000000000000000000000100000000010000000000202000000200000000000000020000200000002000000000002020202 1
1 0 512630 572975 4 12 2 10 -1 -1 1110110110000000100000000000000000000000000100000000010000000000002000000200000000000000020000200000002000000000002022202 1
2 0 512630 572706 13 15 15 13 -1 -1 1111110110000000000000000000000000000000000100000000010000000000002000000200000000000000020000200000002000000000002022202 1
1 0 511878 572706 7 17 5 19 -1 -1 1111110110000000000000000000000000000000000100000000010000000000002000000200000000000000020000200000002000000000000022222 1
2 0 511878 572531 11 7 13 9 -1 -1 1111110110000000000000000000000010000000000100000000000000000000002000000200000000000000020000200000002000000000000022222 1
1 0 511132 572531 5 19 5 17 -1 -1 1111110110000000000000000000000010000000000100000000000000000000002000000200000000000000000000200000002000000002000022222 1
2 0 511132 572357 9 19 10 18 -1 -1 1111110110000000000000000000000100000000000100000000000000000000002000000200000000000000000000200000002000000002000022222 1
1 0 510653 572357 6 18 4 16 -1 -1 1111110110000000000000000000000100000000000100000000000000000000002000000000000000020000000000200000002000000002000022222 1
2 0 510653 572140 12 8 14 10 -1 -1 1111110110000000001000000000000100000000000000000000000000000000002000000000000000020000000000200000002000000002000022222 1
1 0 510415 572140 2 10 3 9 -1 -1 1111110110000000001000000000000100000000000000000000000000000000002000000000000000020000000000200000000000000002000222222 1
2 0 510415 571853 10 18 12 16 -1 -1 1110111110000000001000000000000100000000000000000000000000000000002000000000000000020000000000200000000000000002000222222 1
1 0 509976 571853 5 17 3 15 -1 -1 1110111110000000001000000000000100000000000000000000000000000000002000000000000000000000000000200000000000200002000222222 1
2 0 509976 571719 11 17 13 15 -1 -1 1110111111000000001000000000000000000000000000000000000000000000002000000000000000000000000000200000000000200002000222222 1
1 0 509706 571719 2 14 2 10 -1 -1 1110111111000000001000000000000000000000000000000000000000000000002000000000000000000000000000000000000000200002002222222 1
2 0 509706 571570 9 5 10 6 -1 -1 1111101111000000001000000000000000000000000000000000000000000000002000000000000000000000000000000000000000200002002222222 1
1 0 509359 571570 4 16 2 14 -1 -1 1111101111000000001000000000000000000000000000000000000000000000000000000000020000000000000000000000000000200002002222222 1
