1322287311000
googolhex
kingfish
1 0 599301 600000 14 10 12 12 -1 -1 2222222222000000000000000000000000000000000000000000000000000000000000000000000000000000000000000000000000000001111111111 2
2 0 599301 599908 2 14 4 12 -1 -1 2222222222000000000000000000000000000000000000000000000000000000000000000000000000000000000000000000000010000001111011111 2
1 0 597928 599908 16 12 12 8 -1 -1 2222202222000000200000000000000000000000000000000000000000000000000000000000000000000000000000000000000010000001111011111 2
2 0 597928 599907 0 12 4 16 -1 -1 2222202222000000200000000000000000000000000000000000000000000000000000000000000000000000000000000000001010000001111011110 2
1 0 596120 599907 13 15 12 14 -1 -1 0222202222000000202000000000000000000000000000000000000000000000000000000000000000000000000000000000001010000001111011110 2
2 0 596120 599906 3 11 5 13 -1 -1 0222202222000000202000000000000000000000000000000000000000000000000000000000000000000000000000000000001011000001110011110 2
1 0 593009 599906 15 13 11 13 -1 -1 0222202022000000202000000000020000000000000000000000000000000000000000000000000000000000000000000000001011000001110011110 2
2 0 593009 599905 2 12 6 12 -1 -1 0222202022000000202000000000020000000000000000000000000000000000000000000000000000000000000010000000001011000001110011100 2
1 0 587394 599905 13 13 11 11 -1 -1 0222002022000000202000000000020000000000200000000000000000000000000000000000000000000000000010000000001011000001110011100 2
2 0 587394 599904 3 13 7 13 -1 -1 0222002022000000202000000000020000000000200000000000000000000000000000000000000000000000000110000000001011000001100011100 2
1 0 575521 599904 15 11 14 10 -1 -1 0222002002000000202000000000020000000000200000000002000000000000000000000000000000000000000110000000001011000001100011100 2
2 0 575521 599738 4 12 8 12 -1 -1 0222002002000000202000000000020000000000200000000002000000000000000000000000000000000000000110000000001011000001100111000 2
1 0 568348 599738 14 14 13 13 -1 -1 0222002002000000002000000000020000000000200000000002000000002000000000000000000000000000000110000000001011000001100111000 2
2 0 568348 599737 5 13 9 13 -1 -1 0222002002000000002000000000020000000000200000000002000000002000000000000000000000000000000110000000001011000001110110000 2
1 0 560794 599737 14 12 8 10 -1 -1 0222002002000000002000000000000000000000200000000002000000002000000000200000000000000000000110000000001011000001110110000 2
2 0 560794 596839 6 12 14 12 -1 -1 0222002002000000002000000000000000000000200000000002000000012000000000200000000000000000000110000000001011000001110100000 2
1 0 551508 596839 12 14 6 12 -1 -1 0222002002000000002000000000000000000000000000000002000000012000000000200000000000000000000110000000001011000001110120000 2
2 0 551508 594608 7 13 9 11 -1 -1 0222002002000000002000000000000000000000100000000002000000012000000000200000000000000000000110000000001010000001110120000 2
1 0 543607 594608 11 11 10 10 -1 -1 0222002002000000002000000000000000000000100000000000000000012000000002200000000000000000000110000000001010000001110120000 2
2 0 543607 584774 9 13 9 9 -1 -1 0222002002000000002000000000000000000000100000000000000000012000000002200000000100000000000010000000001010000001110120000 2
1 0 534931 584774 11 13 10 12 -1 -1 0222002002000000002000000000000000000000100000000000000000012000000022000000000100000000000010000000001010000001110120000 2
2 0 534931 578722 8 12 9 13 -1 -1 0222002002000000002000000000000000000000100000000000000000012000000022000000000110000000000000000000001010000001110120000 2
1 0 526876 578722 13 13 11 11 -1 -1 0222002002000000002000000000000000000000100000000000000000010000000022200000000110000000000000000000001010000001110120000 2
2 0 526876 577913 3 9 4 10 -1 -1 0222002002000000002000000000000000000000100000000000000000010000000022200000000110000000000100000000001010000001100120000 2
1 0 518165 577913 12 12 12 10 -1 -1 0222000002000002002000000000000000000000100000000000000000010000000022200000000110000000000100000000001010000001100120000 2
2 0 518165 576811 9 13 10 14 -1 -1 0222000002000002002000000000000000000000100000000000000000010000000022200000000110000000000100000000001100000001100120000 2
1 0 511044 576811 10 10 10 8 -1 -1 0222000002000002002000000000000000000000100000000000000000010000000022000000000112000000000100000000001100000001100120000 2
2 0 511044 572149 10 14 12 12 -1 -1 0222000002000002002000000000000000000000100000000000000000010000000022000000001012000000000100000000001100000001100120000 2
1 0 505297 572149 12 8 11 9 -1 -1 0222000002000002002000000000000000000000100000000000000000010000000022000000001010000000000100000000001120000001100120000 2
2 0 505297 570523 9 11 10 10 -1 -1 0222000002000002002000000000000000000000100000000000000000010000000022000000001010000000001100000000000120000001100120000 2
1 0 499827 570523 14 10 12 8 -1 -1 0222000002000002002000000000000000000000100000000000000000010000000020000000001210000000001100000000000120000001100120000 2
2 0 499827 569948 1 11 7 13 -1 -1 0222000002000002002000000000000000000000100000000000000000010000000020000000001210000000001100000000001120000001100020000 2
1 0 493611 569948 13 11 7 9 -1 -1 0022000002000002002000000000000000000000100000000002000000010000000020000000001210000000001100000000001120000001100020000 2
2 0 493611 568669 12 12 13 13 -1 -1 0022000002000002002000000000000000000000100000000102000000010000000020000000001210000000001100000000001120000001000020000 2
1 0 485305 568669 7 9 6 10 -1 -1 0022000002000002002000000000000000000000100000000102000000010000000020000000001210000000001100000000001100000001020020000 2
2 0 485305 566212 7 13 9 11 -1 -1 0022000002000002002000000000000000000001100000000002000000010000000020000000001210000000001100000000001100000001020020000 2
1 0 478490 566212 8 10 8 8 -1 -1 0022000002000002002000000000000000000001100000000000000000010000000022000000001210000000001100000000001100000001020020000 2
2 0 478490 563377 4 10 5 11 -1 -1 0022000002000002002000000000000000000001100000000000000000100000000022000000001210000000001100000000001100000001020020000 2
1 0 472507 563377 6 12 4 10 -1 -1 0022000002000000002000000000200000000001100000000000000000100000000022000000001210000000001100000000001100000001020020000 2
2 0 472507 561865 5 11 9 7 -1 -1 0022000002000001002000000000200000000001000000000000000000100000000022000000001210000000001100000000001100000001020020000 2
1 0 467778 561865 8 8 7 9 -1 -1 0022000002000001002000000000000000000001000000000000000000100000000222000000001210000000001100000000001100000001020020000 2
2 0 467778 558876 2 10 2 12 -1 -1 0022000002000001002000000000000000000001000000000100000000000000000222000000001210000000001100000000001100000001020020000 2
1 0 460911 558876 11 11 9 13 -1 -1 0020200002000001002000000000000000000001000000000100000000000000000222000000001210000000001100000000001100000001020020000 2
2 0 460911 558215 1 13 7 11 -1 -1 0020200002000001002000000000000000000001000000000100000000000000000222100000001210000000001000000000001100000001020020000 2
1 0 450403 558215 7 9 3 9 -1 -1 0000200002000001002000000000000000000001000000000120000000000000000222100000001210000000001000000000001100000001020020000 2
2 0 450403 554762 7 11 8 10 -1 -1 0000201002000001002000000000000000000001000000000020000000000000000222100000001210000000001000000000001100000001020020000 2
1 0 445403 554762 6 10 5 11 -1 -1 0000201002000001002000000000000000000001000000000000000000020000000222100000001210000000001000000000001100000001020020000 2
2 0 445403 553356 9 11 11 13 -1 -1 0000201002000001002000000000100000000000000000000000000000020000000222100000001210000000001000000000001100000001020020000 2
1 0 435454 553356 11 9 7 9 -1 -1 0000201002000001002000000000100000000000000000000000000000020000000220100000001210000000001020000000001100000001020020000 2
2 0 435454 548103 4 16 12 12 -1 -1 0000201002000001002000000000100000000000000000000100000000020000000220100000001210000000000020000000001100000001020020000 2
1 0 425445 548103 10 12 10 14 -1 -1 0000201002000001000000000000100000000000000000000100000000020000000220100000001210000000000020000000001120000001020020000 2
2 0 425445 544149 9 7 15 13 -1 -1 0000201002000001000000000000100000000000000000000100000000020000000220100000001201000000000020000000001120000001020020000 2
1 0 405336 544149 10 14 4 12 -1 -1 0000201002000001000000000000100000000000000000000100000000020000000020100000001201000000000020000000001120000001020020020 2
2 0 405336 541104 11 13 13 11 -1 -1 0000201002000001100000000000100000000000000000000100000000020000000020100000001200000000000020000000001120000001020020020 2
1 0 405334 541104 5 11 1 11 -1 -1 0000201002000001100000000000100000000000000000000100000000020000000020100000001200000000000000000000001120000001220020020 2
2 0 405334 539253 12 12 16 12 -1 -1 0100201002000001100000000000000000000000000000000100000000020000000020100000001200000000000000000000001120000001220020020 2
1 0 405333 539253 4 12 0 12 11 9 0100201002000001100000000000000000000000000000000100000000020000000020100000001200000000000000000000001100000001220020022 2
2 0 405333 537741 3 15 4 14 -1 -1 1100201002000001000000000000000000000000000000000100000000020000000020100000001200000000003000000000001100000001220020022 2
1 0 405333 537741 13 9 11 11 -1 -1 1100201000000001020000000000000000000000000000000100000000020000000020100000001200000000003000000000001100000001220020022 2
2 0 405333 533276 9 9 13 9 -1 -1 1100201000000001020000000000000000000000000000000100000000020000000020100000001200000000003100000000001100000000220020022 2
1 0 405332 533276 12 10 8 14 -1 -1 1100201000000001020000000000000000000000000000000100000000020000000000100000001200000000003100000000001100000002220020022 2
2 0 405332 527721 10 10 14 14 -1 -1 1100201000000001020000000000000000000000000000000100000000020100000000100000001200000000003100000000001000000002220020022 2
1 0 405331 527721 11 11 1 13 6 8 1100201000000001020000000000000000000000000000000100000000020100000000100000001000000000003100000000001000000002220022022 2
2 0 405331 525712 4 14 5 13 -1 -1 1110201000000001020000000000000000000030000000000100000000020100000000100000001000000000003000000000001000000002220022022 2
1 0 405330 525712 12 8 10 10 -1 -1 1110201000000001000000000000020000000030000000000100000000020100000000100000001000000000003000000000001000000002220022022 2
2 0 405330 524056 2 12 3 11 -1 -1 1110201000000001000000000000020000000030000000000100000000020100000000100000001100000000003000000000000000000002220022022 2
1 0 405330 524056 9 13 7 15 -1 -1 1110001200000001000000000000020000000030000000000100000000020100000000100000001100000000003000000000000000000002220022022 2
2 0 405330 522381 3 11 11 11 -1 -1 1110001200000001000000000000020000000030000000000100100000020100000000000000001100000000003000000000000000000002220022022 2
1 0 405330 522381 8 14 6 16 -1 -1 1110001000000001000000000000020000000030000000000100100000020100000000000000001100000000003200000000000000000002220022022 2
2 0 405330 519974 11 11 12 12 -1 -1 1110001000000001000000000000020000000030001000000100100000020000000000000000001100000000003200000000000000000002220022022 2
1 0 405329 519974 7 9 5 7 -1 -1 1110001000000001000000000000020000000030001000000100100000020000000000000000001100000000003000000000000020000002220022022 2
2 0 405329 518076 12 12 14 10 -1 -1 1110001000000001000000000010020000000030001000000000100000020000000000000000001100000000003000000000000020000002220022022 2
1 0 405328 518076 7 15 5 17 -1 -1 1110001000000001000000000010020000000030001000000000100000020000000000000000001100000000003000000000000000000002220222022 2
2 0 405328 517070 8 10 9 9 -1 -1 1110001000000001000000000010020100000030001000000000000000020000000000000000001100000000003000000000000000000002220222022 2
1 0 405327 517070 10 10 8 8 -1 -1 1110001000000001000000000010020100000030001000000000000000000000000020000000001100000000003000000000000000000002220222022 2
2 0 405327 513585 5 13 6 12 -1 -1 1110001000000001000000000010020100000030001000000000000000100000000020000000001000000000003000000000000000000002220222022 2
1 0 405326 513585 10 8 8 6 -1 -1 1110001000000001000000000010000100000030201000000000000000100000000020000000001000000000003000000000000000000002220222022 2
2 0 405326 510087 9 9 10 8 -1 -1 1110001000000001000000000010000100000030201000000000000001100000000020000000000000000000003000000000000000000002220222022 2
1 0 405326 510087 8 6 7 5 -1 -1 1110001000000001000000000010000100000030201000000000000001100000000000000000002000000000003000000000000000000002220222022 2
2 0 405326 507297 14 12 15 11 -1 -1 1110001000000001000000000010000100000030201000010000000000100000000000000000002000000000003000000000000000000002220222022 2
1 0 405325 507297 8 8 7 7 -1 -1 1110001000000001000000000010000100000030201000010000000000100000000000000000002000000000003000000000000000000002220202222 2
2 0 405325 504890 6 12 7 11 -1 -1 1110001000000001000000000010000100000030201000011000000000000000000000000000002000000000003000000000000000000002220202222 2
1 0 405324 504890 7 7 3 11 -1 -1 1110001000000001000000000010000100000030001000011020000000000000000000000000002000000000003000000000000000000002220202222 2
2 0 405324 502546 7 11 8 12 -1 -1 1110001100000001000000000010000100000030001000010020000000000000000000000000002000000000003000000000000000000002220202222 2
1 0 405324 502546 4 10 2 12 -1 -1 1110001100000001000000000010000100000030001000010000000000002000000000000000002000000000003000000000000000000002220202222 2
2 0 405324 500063 8 12 9 13 -1 -1 1110101100000000000000000010000100000030001000010000000000002000000000000000002000000000003000000000000000000002220202222 2
1 0 405323 500063 7 5 6 6 -1 -1 1110101100000000000000000010000100000030001000010000000000000000000000200000002000000000003000000000000000000002220202222 2
2 0 405323 499206 9 13 10 12 -1 -1 1110101100000000000000000010000100000130001000000000000000000000000000200000002000000000003000000000000000000002220202222 2
1 0 405322 499206 6 6 2 14 -1 -1 1110101100000000000000000010000100000130001000000000000000000000000000000000002020000000003000000000000000000002220202222 2
2 0 405322 498220 10 8 14 12 -1 -1 1110111100000000000000000010000100000030001000000000000000000000000000000000002020000000003000000000000000000002220202222 2
1 0 405321 498220 6 16 5 15 -1 -1 1110111100000000000000000010000100000030001000000000000000000000000000000000000020000000003000000000000000000002220222222 2
2 0 405321 496978 10 12 11 13 -1 -1 1110111100000000000000000010001100000030000000000000000000000000000000000000000020000000003000000000000000000002220222222 2
1 0 405320 496978 5 15 4 16 -1 -1 1110111100000000000000000010001100000030000000000000000000000000000000000000000000000000003020000000000000000002220222222 2
2 0 405320 496499 11 13 12 14 -1 -1 1110111100000000001000000010000100000030000000000000000000000000000000000000000000000000003020000000000000000002220222222 2
1 0 405319 496499 5 17 3 15 -1 -1 1110111100000000001000000010000100000030000000000000000000000000000000000000000000000000003000000000000002000002220222222 2
2 0 405319 496328 12 14 13 15 -1 -1 1110111101000000001000000010000000000030000000000000000000000000000000000000000000000000003000000000000002000002220222222 2
