1322286789000
googolhex
kingfish
1 0 599240 600000 14 10 12 12 -1 -1 2222222222000000000000000000000000000000000000000000000000000000000000000000000000000000000000000000000000000001111111111 2
2 0 599240 599907 2 14 4 12 -1 -1 2222222222000000000000000000000000000000000000000000000000000000000000000000000000000000000000000000000010000001111011111 2
1 0 597730 599907 16 12 12 8 -1 -1 2222202222000000200000000000000000000000000000000000000000000000000000000000000000000000000000000000000010000001111011111 2
2 0 597730 599906 0 12 4 16 -1 -1 2222202222000000200000000000000000000000000000000000000000000000000000000000000000000000000000000000001010000001111011110 2
1 0 594991 599906 13 15 12 14 -1 -1 0222202222000000202000000000000000000000000000000000000000000000000000000000000000000000000000000000001010000001111011110 2
2 0 594991 599905 3 11 5 13 -1 -1 0222202222000000202000000000000000000000000000000000000000000000000000000000000000000000000000000000001011000001110011110 2
1 0 590311 599905 15 13 11 13 -1 -1 0222202022000000202000000000020000000000000000000000000000000000000000000000000000000000000000000000001011000001110011110 2
2 0 590311 599904 2 12 6 12 -1 -1 0222202022000000202000000000020000000000000000000000000000000000000000000000000000000000000010000000001011000001110011100 2
1 0 582219 599904 13 13 11 11 -1 -1 0222002022000000202000000000020000000000200000000000000000000000000000000000000000000000000010000000001011000001110011100 2
2 0 582219 599903 3 13 7 13 -1 -1 0222002022000000202000000000020000000000200000000000000000000000000000000000000000000000000110000000001011000001100011100 2
1 0 565702 599903 15 11 14 10 -1 -1 0222002002000000202000000000020000000000200000000002000000000000000000000000000000000000000110000000001011000001100011100 2
2 0 565702 599739 4 12 8 12 -1 -1 0222002002000000202000000000020000000000200000000002000000000000000000000000000000000000000110000000001011000001100111000 2
1 0 555167 599739 14 12 10 12 -1 -1 0222002002000000002000000000020000000000200000000002000000002000000000000000000000000000000110000000001011000001100111000 2
2 0 555167 598310 5 13 9 13 -1 -1 0222002002000000002000000000020000000000200000000002000000002000000000000000000010000000000110000000001011000001100101000 2
1 0 541799 598310 14 14 14 12 -1 -1 0222002002000000002000000000000000000000200000000002000000002000000000200000000010000000000110000000001011000001100101000 2
2 0 541799 597061 3 9 4 10 -1 -1 0222002002000000002000000000000000000000200000000002000000002000000000200000000010000000000110000000001011000001100110000 2
1 0 528138 597061 14 12 12 6 -1 -1 0222000002000002002000000000000000000000200000000002000000002000000000200000000010000000000110000000001011000001100110000 2
2 0 528138 596415 7 13 9 11 -1 -1 0222000002000002002000000000000000000000200000000002000000002000000000200000000010000000000110000000011011000001100100000 2
1 0 519913 596415 10 12 10 14 -1 -1 0222000002000002002000000000000000000000200000000000000000002000000002200000000010000000000110000000011011000001100100000 2
2 0 519913 595524 1 11 7 13 -1 -1 0222000002000002002000000000000000000000200000000000000000002000000002200000000001000000000110000000011011000001100100000 2
1 0 508081 595524 14 10 14 12 -1 -1 0022000002000002002000000000000000000000200000000002000000002000000002200000000001000000000110000000011011000001100100000 2
2 0 508081 589557 6 12 10 12 -1 -1 0022000002000002002000000000000000000000200000000002000000002000000002200000000001000000000110000000011011000001100010000 2
1 0 498263 589557 14 12 12 10 -1 -1 0022000002000002002000000000000000000000000000000002000000002000000002200000000021000000000110000000011011000001100010000 2
2 0 498263 588967 1 13 1 11 -1 -1 0022000002000002002000000000000000000000000000000002000000002000000002200000000021000000000110000000011111000001100000000 2
1 0 493820 588967 12 10 11 9 -1 -1 0202000002000002002000000000000000000000000000000002000000002000000002200000000021000000000110000000011111000001100000000 2
2 0 493820 588661 1 11 5 11 -1 -1 0202000002000002002000000000000000000000000000000002000000002000000002200000000021000000001110000000011011000001100000000 2
1 0 485635 588661 12 14 10 8 -1 -1 0002000002000002002000000000200000000000000000000002000000002000000002200000000021000000001110000000011011000001100000000 2
2 0 485635 586553 4 10 8 14 -1 -1 0002000002000002002000000000200000000000000000000002000000002000000002200000001021000000001110000000011010000001100000000 2
1 0 485400 586553 10 14 10 10 -1 -1 0002000002000000002000000000200000000000000000000002000000002200000002200000001021000000001110000000011010000001100000000 2
2 0 485400 583287 9 11 9 9 -1 -1 0002000002000000002000000000200000000000000000000002000000002200000002200000001120000000001110000000011010000001100000000 2
1 0 485177 583287 11 13 9 7 -1 -1 0002000002000000002000000000200000000000000000000002000000002200000020200000001120000000001110000000011010000001100000000 2
2 0 485177 580697 7 13 11 13 -1 -1 0002000002000000002000000000200000000000000000000002000000002200000120200000001120000000001100000000011010000001100000000 2
1 0 484963 580697 13 11 12 10 -1 -1 0002000002000000002000000000200000000000000000000000000000002200000120200000001120000000001120000000011010000001100000000 2
2 0 484963 579710 3 15 5 17 -1 -1 0002000002000000002000000000200000000000000000000000000000002200000120200000001120000000001120000000011110000001000000000 2
1 0 484830 579710 12 8 11 7 -1 -1 0002000000000000002000000000200200000000000000000000000000002200000120200000001120000000001120000000011110000001000000000 2
2 0 484830 577625 9 9 9 11 -1 -1 0002000000000000002000000000200200000000000000000000000000002200000120200000001120000000011120000000010110000001000000000 2
1 0 484700 577625 12 12 8 8 -1 -1 0002000000000000002000000000200200000000000000000000000000002200000102200000001120000000011120000000010110000001000000000 2
2 0 484700 576112 4 16 6 18 -1 -1 0002000000000000002000000000200200000000000000000000000000102200000102200000001120000000011120000000010100000001000000000 2
1 0 484540 576112 11 11 7 7 -1 -1 0002000000000000000000000000200200000000000200000000000000102200000102200000001120000000011120000000010100000001000000000 2
2 0 484540 573260 8 12 14 10 -1 -1 0002000000000000000000000000200200000000000200001000000000102200000102200000001120000000011020000000010100000001000000000 2
1 0 484265 573260 13 9 9 9 -1 -1 0002000000000000000000000000200200000000000200001000000000100200000102200000001120000000011020000000010100000001000200000 2
2 0 484265 570152 5 17 7 19 -1 -1 0002000000000000000000000000200200000000000200001000000000100200000112200000001120000000011020000000010100000000000200000 2
1 0 473333 570152 10 10 10 6 -1 -1 0002000000000000000000000000200000000000000200001000002000100200000112200000001120000000011020000000010100000000000200000 2
2 0 473333 567275 6 18 8 20 -1 -1 0002000000000000000000000000200000000000000200001000002000100200000112200000011020000000011020000000010100000000000200000 2
1 0 463945 567275 10 8 8 10 -1 -1 0002000000000000000000000000200000000000000000001000002000100200200112200000011020000000011020000000010100000000000200000 2
2 0 463945 552662 9 13 15 11 -1 -1 0002000000000000000000000000200000000000000000001000002000110200200112200000010020000000011020000000010100000000000200000 2
1 0 438262 552662 12 10 6 8 -1 -1 0002000000000000000000000000200000000000000000001000002000110200200112000000010020000000011020000000010100000000000200200 2
2 0 438262 547832 11 13 12 12 -1 -1 0002000000000000000000000000200000000010000000001000002000110200200112000000010020000000011020000000010000000000000200200 2
1 0 408403 547832 11 9 10 8 -1 -1 0002000000000000000000000000200000000010000000001000002000110200200112000000010020000000011000000000010020000000000200200 2
2 0 408403 544359 5 11 6 12 -1 -1 0002000000000000000000000000200000000010000000001000002000110200200112000000011020000000010000000000010020000000000200200 2
1 0 395269 544359 7 7 5 9 -1 -1 0002000000000000000000000000000000000010200000001000002000110200200112000000011020000000010000000000010020000000000200200 2
2 0 395269 542680 9 11 13 11 -1 -1 0002000000000000000000000001000000000010200000000000002000110200200112000000011020000000010000000000010020000000000200200 2
1 0 379892 542680 6 8 6 10 -1 -1 0002000000000000000000000001000000000010200000000000002000110200200110000000011020000000010000000000010020000000200200200 2
2 0 379892 540584 8 14 9 13 -1 -1 0002000000000000000000000001000000000001200000000000002000110200200110000000011020000000010000000000010020000000200200200 2
1 0 379891 540584 9 7 5 7 -1 -1 0002000000000000000000000001000000000001200000000000002000110000200110200000011020000000010000000000010020000000200200200 2
2 0 379891 536812 7 19 9 21 -1 -1 0002000000000000000000000011000000000001200000000000002000110000200010200000011020000000010000000000010020000000200200200 2
1 0 379890 536812 9 9 5 13 -1 -1 0002000000000000000000000011000000000001200000000000000000110000200010200020011020000000010000000000010020000000200200200 2
2 0 379890 533307 9 13 13 13 -1 -1 0002000000000000000000000011010000000001200000000000000000110000200000200020011020000000010000000000010020000000200200200 2
1 0 379889 533307 11 7 7 11 10 14 0002000000000000000000000011010000000001200000000000000000110000200000000020011020000000010000000000010020000000220200200 2
2 0 379889 529651 6 12 7 13 -1 -1 0002000000000000000000000011010000000001200000000010000000110000200000000020011023000000000000000000010020000000220200200 2
1 0 379889 529651 8 8 4 12 -1 -1 0002000000000000000000000011010000000001000000000012000000110000200000000020011023000000000000000000010020000000220200200 2
2 0 379889 528347 7 13 11 13 -1 -1 0002000000000000100000000011010000000001000000000012000000010000200000000020011023000000000000000000010020000000220200200 2
1 0 379888 528347 8 10 4 10 -1 -1 0002000000000000100000000011010000000001000000000010000000010000200000000020011023000000000020000000010020000000220200200 2
2 0 379888 527649 10 12 14 12 -1 -1 0002000000000001100000000011010000000001000000000010000000000000200000000020011023000000000020000000010020000000220200200 2
1 0 379887 527649 5 7 1 11 7 15 0002000000000001100000000011010000000001000000000010000000000000200000000020011003000000000020000000010020000000220220200 2
2 0 379887 526634 8 20 10 22 -1 -1 0102000000000001100000000001010000000001000000000010300000000000200000000020011003000000000020000000010020000000220220200 2
1 0 379886 526634 6 10 4 8 -1 -1 0102000000000001100000000001010000000001000000000010300000000000000000000020011003000200000020000000010020000000220220200 2
2 0 379886 525723 2 10 3 11 -1 -1 0102000000000011100000000001010000000000000000000010300000000000000000000020011003000200000020000000010020000000220220200 2
1 0 379886 525723 4 12 0 12 -1 -1 0100000200000011100000000001010000000000000000000010300000000000000000000020011003000200000020000000010020000000220220200 2
2 0 379886 524954 9 21 11 23 -1 -1 1100000200000011000000000001010000000000000000000010300000000000000000000020011003000200000020000000010020000000220220200 2
1 0 379885 524954 4 10 2 12 -1 -1 1100000200000011000000000001010000000000000000000010300000000000000000000000011003000200000020000200010020000000220220200 2
2 0 379885 523903 10 22 12 24 -1 -1 1100100200000010000000000001010000000000000000000010300000000000000000000000011003000200000020000200010020000000220220200 2
1 0 379884 523903 12 6 11 5 -1 -1 1100100200000010000000000001010000000000000000000010300000000000000000000000011003000000000020000200010020000020220220200 2
2 0 379884 521810 13 11 15 13 -1 -1 1100100200000010000000000001010000000000000000000010300000000000000000000000011003000000100020000200000020000020220220200 2
1 0 379883 521810 11 5 9 7 -1 -1 1100100200000010000000000001010000000000000000000010300000000000000000000000011003000000100020000200000020000020020220220 2
2 0 379883 517136 11 13 13 11 -1 -1 1100100200000010000000000001010000000000000000000010300000000000000100000000011003000000000020000200000020000020020220220 2
1 0 379883 517136 10 6 8 8 -1 -1 1100100200000010000000000001010000000000000000000010300000000000000100000000011003000000000000000200000020000020220220220 2
2 0 379883 512860 3 11 4 12 -1 -1 1100100200000010000000000001010000000000000000000010300000100000000100000000001003000000000000000200000020000020220220220 2
1 0 379882 512860 10 8 4 10 -1 -1 1100100000000010200000000001010000000000000000000010300000100000000100000000001003000000000000000200000020000020220220220 2
2 0 379882 510534 4 12 8 16 -1 -1 1100100000000011200000000001010000000000000000000010300000100000000100000000000003000000000000000200000020000020220220220 2
1 0 379882 510534 5 9 1 13 -1 -1 1100100000000011000000000001010000000000000000000010300000100020000100000000000003000000000000000200000020000020220220220 2
2 0 379882 507181 8 16 9 15 -1 -1 1110100000000011000000000000010000000000000000000010300000100020000100000000000003000000000000000200000020000020220220220 2
1 0 379881 507181 9 7 7 17 -1 -1 1110100000000011000000000000010000000000000000000010300000100000000100020000000003000000000000000200000020000020220220220 2
2 0 379881 506328 13 11 13 15 -1 -1 1110100000000011000000000000010000000000000000000010310000100000000000020000000003000000000000000200000020000020220220220 2
1 0 379881 506328 8 8 7 9 -1 -1 1110100000000011000000000000010000000000000000000010310000100000000000020000000003000000000000000200000020000020022220220 2
2 0 379881 505647 9 15 13 11 -1 -1 1110100000000011000000000000010000000000000000000110310000000000000000020000000003000000000000000200000020000020022220220 2
1 0 379880 505647 7 17 6 16 -1 -1 1110100000000011000000000000010000000000000000000110310000000000000000000000000003000000000000000200000020000020222220220 2
2 0 379880 503980 11 23 12 22 -1 -1 1110100000000011000000000000010000000000001000000110300000000000000000000000000003000000000000000200000020000020222220220 2
1 0 379880 503980 7 9 3 9 -1 -1 1110100000000011000000000000010000000000001000000110300000000000000000000000000003000000000000000000000020000220222220220 2
2 0 379880 503299 12 12 16 12 -1 -1 1110101000000011000000000000010000000000001000000010300000000000000000000000000003000000000000000000000020000220222220220 2
1 0 379880 503299 4 8 2 10 -1 -1 1110101000000011000000000000010000000000001000000010300000000000000000000000000003000000000000000000000000000220222220222 2
2 0 379880 502585 12 24 12 20 -1 -1 1111101000000001000000000000010000000000001000000010300000000000000000000000000003000000000000000000000000000220222220222 2
1 0 379879 502585 7 11 6 10 -1 -1 1111101000000001000000000000010000000000001000000010300000000000000000000000000003000000000000000000000000002200222220222 2
2 0 379879 502118 12 22 12 18 -1 -1 1111101000000001000000000000010000000001001000000000300000000000000000000000000003000000000000000000000000002200222220222 2
1 0 379867 502118 6 16 5 17 -1 -1 1111101000000001000000000000010000000001001000000000300000000000000000000000000003000000000000000000000000022000222220222 2
2 0 379867 501351 12 20 14 14 -1 -1 1111101000000001000000000000010100000001000000000000300000000000000000000000000003000000000000000000000000022000222220222 2
1 0 379867 501351 6 10 5 11 -1 -1 1111101000000001000000000000010100000001000000000000300000000000000000000000000003000000000000000000000000020000222222222 2
2 0 379867 500673 12 18 12 16 -1 -1 1111101000000001000000000000110100000000000000000000300000000000000000000000000003000000000000000000000000020000222222222 2
1 0 379866 500673 5 13 3 11 -1 -1 1111101000000001000000000000110100000000000000000000300000000000000000000000000003000000000000000000000000200000222222222 2
2 0 379866 500272 12 16 12 14 -1 -1 1111101100000001000000000000100100000000000000000000300000000000000000000000000003000000000000000000000000200000222222222 2
1 0 379865 500272 5 17 4 16 -1 -1 1111101100000001000000000000100100000000000000000000300000000000000000000000000003000000000000000000000002000000222222222 2
2 0 379865 500095 13 13 13 9 -1 -1 1111101100000001001000000000100000000000000000000000300000000000000000000000000003000000000000000000000002000000222222222 2
1 0 379864 500095 5 11 4 12 -1 -1 1111101100000001001000000000100000000000000000000000300000000000000000000000000003000000000000000000000002000002202222222 2
2 0 379864 500013 12 14 13 13 -1 -1 1111101100000001101000000000000000000000000000000000300000000000000000000000000003000000000000000000000002000002202222222 2
