1322289602000
kingfish
artificialwintelligence
1 0 599828 600000 14 10 12 12 -1 -1 2222222222000000000000000000000000000000000000000000000000000000000000000000000000000000000000000000000000000001111111111 1
2 0 599828 599742 2 12 4 14 -1 -1 2222222222000000000000000000000000000000000000000000000000000000000000000000000000000000000000000000000010000001111011111 1
1 0 599826 599742 16 12 12 8 -1 -1 2222022222000000020000000000000000000000000000000000000000000000000000000000000000000000000000000000000010000001111011111 1
2 0 599826 599403 3 13 5 15 -1 -1 2222022222000000020000000000000000000000000000000000000000000000000000000000000000000000000000000000001010000001111011110 1
1 0 599824 599403 13 13 11 11 -1 -1 2222022202000000020000000000002000000000000000000000000000000000000000000000000000000000000000000000001010000001111011110 1
2 0 599824 598635 4 14 6 16 -1 -1 2222022202000000020000000000002000000000000000000000000000000000000000000000000000000000000100000000001010000001101011110 1
1 0 599823 598635 14 12 10 12 -1 -1 2222022202000000000000000000002000000000002000000000000000000000000000000000000000000000000100000000001010000001101011110 1
2 0 599823 598063 2 14 6 18 -1 -1 2222022202000000000000000000002000000000002000000000000000000000000000000000000010000000000100000000001010000001101001110 1
1 0 599822 598063 13 11 9 11 -1 -1 2222002202000000000000000000002000000000002200000000000000000000000000000000000010000000000100000000001010000001101001110 1
2 0 599822 597363 6 18 7 19 -1 -1 2222002202000000000000000000002000000000002200000000000000000000000001000000000010000000000100000000001010000001001001110 1
1 0 599634 597363 12 12 8 12 -1 -1 2222002202000000000000000000002000000000002000000000002000000000000001000000000010000000000100000000001010000001001001110 1
2 0 599634 596795 0 12 8 20 -1 -1 2222002202000000000000000000002000000000002000000000002000001000000001000000000010000000000100000000001000000001001001110 1
1 0 599633 596795 11 11 7 11 -1 -1 0222002202000000000000000000002000000000002000000000002000001000200001000000000010000000000100000000001000000001001001110 1
2 0 599633 596097 2 10 6 18 -1 -1 0222002202000000000000000000002000000000002000000010002000001000200001000000000010000000000000000000001000000001001001110 1
1 0 599631 596097 10 12 6 12 -1 -1 0220002202000000000000000000002000000000002200000010002000001000200001000000000010000000000000000000001000000001001001110 1
2 0 599631 595267 5 15 9 19 -1 -1 0220002202000000000000000000002000000000102200000010002000001000200001000000000000000000000000000000001000000001001001110 1
1 0 599478 595267 9 11 5 11 -1 -1 0220002202000000000000000000000000000000102200000010002000001000200001000200000000000000000000000000001000000001001001110 1
2 0 599478 593824 8 20 10 18 -1 -1 0220002202000000000000000000100000000000102200000010002000001000200000000200000000000000000000000000001000000001001001110 1
1 0 594453 593824 8 12 0 12 -1 -1 0220002202000000000000000000100000000000102200000010002000001000000000000200000000020000000000000000001000000001001001110 1
2 0 594453 593298 6 16 10 16 -1 -1 1220002202000000000000000000100000000000102200000010002000000000000000000200000000020000000000000000001000000001001001110 1
1 0 592012 593298 6 12 2 12 -1 -1 1220002202000000000000000000100000000000100200000010002000000000000000000200000000220000000000000000001000000001001001110 1
2 0 592012 592671 6 18 8 20 -1 -1 1220102202000000000000000000100000000000000200000010002000000000000000000200000000220000000000000000001000000001001001110 1
1 0 588421 592671 13 9 11 7 -1 -1 1220102202000000000000000000100000000000000000000010002000000000200000000200000000220000000000000000001000000001001001110 1
2 0 588421 592320 1 13 2 14 -1 -1 1220102202000000000000000000100000000000000000000010002000000000200000000200000000220000010000000000001000000000001001110 1
1 0 585248 592320 12 8 10 6 -1 -1 1200122202000000000000000000100000000000000000000010002000000000200000000200000000220000010000000000001000000000001001110 1
2 0 585248 591713 1 11 3 13 -1 -1 1200122202000000000000000000100000000000000000000010002000000000200000000200010000220000010000000000000000000000001001110 1
1 0 583085 591713 7 11 6 10 -1 -1 1000122222000000000000000000100000000000000000000010002000000000200000000200010000220000010000000000000000000000001001110 1
2 0 583085 590490 2 14 4 8 -1 -1 1000122222000000000000000000100000000001000000000000002000000000200000000200010000220000010000000000000000000000001001110 1
1 0 581070 590490 6 10 2 14 -1 -1 1000102222000020000000000000100000000001000000000000002000000000200000000200010000220000010000000000000000000000001001110 1
2 0 581070 589975 7 19 11 15 -1 -1 1000112222000020000000000000100000000000000000000000002000000000200000000200010000220000010000000000000000000000001001110 1
1 0 578191 589975 14 14 10 14 -1 -1 1000112222000020000000000000100000000000000000000000000000000000200000000200010000220000010002000000000000000000001001110 1
2 0 578191 589308 10 16 12 14 -1 -1 1000112222000020000000000000100000000000000000000000000000000000200000000200010001220000010002000000000000000000001000110 1
1 0 574259 589308 13 15 9 15 -1 -1 1000112222000020000000000000100000000000000000000000000000000000200000000200010001020000010002000000000002000000001000110 1
2 0 574259 588267 9 19 13 15 -1 -1 1000112222000020000000000000100000000000000000000000000000000000200000010200010001020000010002000000000002000000000000110 1
1 0 571675 588267 10 14 8 16 -1 -1 1000112222000020000000000000100000000000000000000000000000000000200000010000010001020000010002000000000002000000002000110 1
2 0 571675 587403 11 15 13 13 -1 -1 1000112222000020000000000000100000000000000000000000000000000010200000010000010000020000010002000000000002000000002000110 1
1 0 568753 587403 9 15 7 17 -1 -1 1000112222000020000000000000100000000000000000000000000000000010200000010000010000020000010000000000000002000000022000110 1
2 0 568753 586766 12 14 14 12 -1 -1 1000112222000020000000000000100000000000000000000000010000000010200000000000010000020000010000000000000002000000022000110 1
1 0 565350 586766 15 11 14 10 -1 -1 1000112222000020000000000000100000000000000000000000010000000010200000000000010000020000010000000000000000000000022020110 1
2 0 565350 585822 13 13 15 11 -1 -1 1000112222000020000000000000100000000000000000000000010000000010200000000000010000020000010000000000000000000000022120010 1
1 0 562133 585822 15 13 13 11 -1 -1 1000112222000020000000000000100000000000000000000000010000000010200000000000010000020000010000000000000000000000002120210 1
2 0 562133 585385 3 9 5 7 -1 -1 1000112222000020000000000000100000000000000000000000010000000010200000000000010000020000010000000000000000000000102120200 1
1 0 557479 585385 10 6 9 7 -1 -1 1000110222000020000000000020100000000000000000000000010000000010200000000000010000020000010000000000000000000000102120200 1
2 0 557479 584530 5 7 6 6 -1 -1 1000110222000020000000000020100000000000000000000000010000000010200100000000000000020000010000000000000000000000102120200 1
1 0 553922 584530 13 11 13 9 -1 -1 1000110222000020000000000000100000000200000000000000010000000010200100000000000000020000010000000000000000000000102120200 1
2 0 553922 583585 3 13 7 5 -1 -1 1000110222000020000000000000100000000200000000000000010000000010200100000000000000020000010000000000000000000001002120200 1
1 0 547078 583585 14 10 8 8 -1 -1 1000110202000020000000000000100000000200000000020000010000000010200100000000000000020000010000000000000000000001002120200 1
2 0 547078 582976 3 11 4 10 -1 -1 1000110202000020000000000000100000000200000000020000010000100010200100000000000000020000010000000000000000000001002020200 1
1 0 542399 582976 11 7 10 8 -1 -1 1000110002000022000000000000100000000200000000020000010000100010200100000000000000020000010000000000000000000001002020200 1
2 0 542399 582049 3 15 5 13 -1 -1 1000110002000022000000000000100000000200000000020000010000100010200100000000001000020000000000000000000000000001002020200 1
1 0 536413 582049 8 16 6 18 -1 -1 1000110000000022000000000000120000000200000000020000010000100010200100000000001000020000000000000000000000000001002020200 1
2 0 536413 581343 4 8 5 7 -1 -1 1000110000000022000000000000120000000200000100020000010000100000200100000000001000020000000000000000000000000001002020200 1
1 0 532394 581343 10 8 4 6 -1 -1 1000110000000002000000000020120000000200000100020000010000100000200100000000001000020000000000000000000000000001002020200 1
2 0 532394 580611 5 13 9 5 -1 -1 1000110000000102000000000020120000000200000100020000010000100000200100000000000000020000000000000000000000000001002020200 1
1 0 528064 580611 9 7 7 9 -1 -1 1000110000000102000000000020100000000200000100020000010000100000202100000000000000020000000000000000000000000001002020200 1
2 0 528064 579984 4 10 6 12 -1 -1 1000110000000102000000000020100000000200000100020100010000100000202000000000000000020000000000000000000000000001002020200 1
1 0 524988 579984 8 8 4 12 -1 -1 1000110000000100000000000020100000000200200100020100010000100000202000000000000000020000000000000000000000000001002020200 1
2 0 524988 579049 6 6 10 6 -1 -1 1000110000000100100000000020100000000200200100020100010000000000202000000000000000020000000000000000000000000001002020200 1
1 0 522257 579049 13 9 12 10 -1 -1 1000110000000100100000000020100000000000200100020100010000000000202000000000020000020000000000000000000000000001002020200 1
2 0 522257 578510 9 5 11 7 -1 -1 1000110000000100100000000020100000000000200100020100010000000000202000000000020000020000000000000000000100000000002020200 1
1 0 518529 578510 4 12 3 11 -1 -1 1000110000000100100000000020100000000000200100020100010000000000200000000000020000020000020000000000000100000000002020200 1
2 0 518529 577819 5 7 6 6 -1 -1 1000110100000100000000000020100000000000200100020100010000000000200000000000020000020000020000000000000100000000002020200 1
1 0 513799 577819 7 17 5 19 -1 -1 1000110100000100000000000000100000000200200100020100010000000000200000000000020000020000020000000000000100000000002020200 1
2 0 513799 577070 6 6 8 4 -1 -1 1000110100000100000000000000100010000200200100020100000000000000200000000000020000020000020000000000000100000000002020200 1
1 0 504395 577070 7 9 6 10 -1 -1 1000110100000100000000000000100010000000200100020100000020000000200000000000020000020000020000000000000100000000002020200 1
2 0 504395 576362 6 12 7 11 -1 -1 1000110100000100000000000000100010000001200100020000000020000000200000000000020000020000020000000000000100000000002020200 1
1 0 500411 576362 6 10 2 10 -1 -1 1000110100000100000000000000100010000001000100020020000020000000200000000000020000020000020000000000000100000000002020200 1
2 0 500411 575538 7 11 8 12 -1 -1 1001110100000100000000000000100010000000000100020020000020000000200000000000020000020000020000000000000100000000002020200 1
1 0 497226 575538 5 11 4 12 -1 -1 1001110100000100000000000000100010000000000100020000000020002000200000000000020000020000020000000000000100000000002020200 1
2 0 497226 575037 10 6 12 8 -1 -1 1001110100000100100000000000000010000000000100020000000020002000200000000000020000020000020000000000000100000000002020200 1
1 0 495317 575037 5 19 5 17 -1 -1 1001110100000100100000000000000010000000000100020000000020002000200000000000000000020000020000000000002100000000002020200 1
2 0 495317 574600 11 7 13 9 -1 -1 1001110100000100100000000000000100000000000100020000000020002000200000000000000000020000020000000000002100000000002020200 1
1 0 493279 574600 6 18 4 16 -1 -1 1001110100000100100000000000000100000000000100020000000020002000200000000000000000020000000000000000002100000002002020200 1
2 0 493279 574207 7 5 8 6 -1 -1 1001110100000100101000000000000100000000000000020000000020002000200000000000000000020000000000000000002100000002002020200 1
1 0 491849 574207 4 12 3 13 -1 -1 1001110100000100101000000000000100000000000000000000000022002000200000000000000000020000000000000000002100000002002020200 1
2 0 491849 573811 12 8 16 12 -1 -1 1001110110000100001000000000000100000000000000000000000022002000200000000000000000020000000000000000002100000002002020200 1
1 0 490306 573811 5 17 1 13 -1 -1 1001110110000100001000000000000100000000000000000000000022002000200000000000000000020000000000000000000100000002002020202 1
2 0 490306 573487 8 6 9 5 -1 -1 1011110110000100001000000000000000000000000000000000000022002000200000000000000000020000000000000000000100000002002020202 1
1 0 489443 573487 4 6 4 8 -1 -1 1011110110000100001000000000000000000000000000000000000020002000202000000000000000020000000000000000000100000002002020202 1
2 0 489443 573010 8 4 10 6 -1 -1 1011110110000010001000000000000000000000000000000000000020002000202000000000000000020000000000000000000100000002002020202 1
1 0 488436 573010 4 8 3 9 -1 -1 1011110110000010001000000000000000000000000000000000000000002000202000000000020000020000000000000000000100000002002020202 1
2 0 488436 572674 8 12 9 13 -1 -1 1011111110000000001000000000000000000000000000000000000000002000202000000000020000020000000000000000000100000002002020202 1
1 0 487626 572674 4 16 3 15 -1 -1 1011111110000000001000000000000000000000000000000000000000000000202000200000020000020000000000000000000100000002002020202 1
2 0 487626 572494 9 5 11 7 -1 -1 1011111111000000000000000000000000000000000000000000000000000000202000200000020000020000000000000000000100000002002020202 1
1 0 486811 572494 12 10 12 8 -1 -1 1011111111000000000000000000000000000000000000000000000000000000200000200000020000020000020000000000000100000002002020202 1
2 0 486811 572321 8 20 9 19 -1 -1 1011111111000000000000000000000000000000000000000000000000000000200000200000020000020000020000000000001000000002002020202 1
1 0 485807 572321 12 8 11 9 -1 -1 1011111111000000000000000000000000000000000000000000000000000000000000200200020000020000020000000000001000000002002020202 1
2 0 485807 571984 10 6 14 14 -1 -1 1011111111000000000000000000000000000000000000000000000000000000000000200200020000020000021000000000000000000002002020202 1
1 0 484972 571984 11 9 10 10 -1 -1 1011111111000000000000000000000000000000000000000000000000000000000000200200000000020000021000000000000000000002002022202 1
2 0 484972 571658 13 15 12 16 -1 -1 1011111111000000000000000000000000000000000000000000000000000000000000200200000100020000020000000000000000000002002022202 1
1 0 484278 571658 10 10 9 11 -1 -1 1011111111000000000000000000000000000000000000000000000000000000000000200200000100020000020000000000000000200002000022202 1
2 0 484278 571480 9 13 10 12 -1 -1 1011111111000000000000000000000000000000000000000000000000000000000001200200000000020000020000000000000000200002000022202 1
1 0 483604 571480 9 11 8 12 -1 -1 1011111111000000000000000000000000000000000000000000000000000000000001000200000020020000020000000000000000200002000022202 1
2 0 483604 571180 11 7 12 8 -1 -1 1011111111000000000000000000000000000000000000000000000000001000000000000200000020020000020000000000000000200002000022202 1
1 0 483017 571180 8 12 7 11 -1 -1 1011111111000000000000000000000000000000000000000000000000001000000000000200000020020000000000000000002000200002000022202 1
2 0 483017 570859 9 19 15 13 -1 -1 1011111111000000000000000000000000000000000000000010000000000000000000000200000020020000000000000000002000200002000022202 1
1 0 482516 570859 7 11 6 12 -1 -1 1011111111000000000000000000000000000000000000000010000000000000000000000000000020020000000000000000002000200002000022222 1
2 0 482516 570664 10 18 11 17 -1 -1 1011111111000000000000000000000000000000100000000000000000000000000000000000000020020000000000000000002000200002000022222 1
1 0 482170 570664 2 10 1 11 -1 -1 1011111111000000000000000000000000000000100000000000000000000000000000000000000020000000000000200000002000200002000022222 1
2 0 482170 570516 11 17 13 15 -1 -1 1110111111000000000000000000000000000000100000000000000000000000000000000000000020000000000000200000002000200002000022222 1
1 0 481803 570516 6 12 5 11 -1 -1 1110111111000000000000000000000000000000100000000000000000000000000000000000000020000000000000000000002000200002002022222 1
2 0 481803 570191 12 8 14 10 -1 -1 1110111111000000000000000000100000000000000000000000000000000000000000000000000020000000000000000000002000200002002022222 1
1 0 481386 570191 5 11 4 12 -1 -1 1110111111000000000000000000100000000000000000000000000000000000000000000000000020000000000000000000000000200002002222222 1
2 0 481386 569978 10 12 11 13 -1 -1 1110111111000000100000000000000000000000000000000000000000000000000000000000000020000000000000000000000000200002002222222 1
1 0 481220 569978 4 12 2 10 -1 -1 1110111111000000100000000000000000000000000000000000000000000000000000000000000000000000000020000000000000200002002222222 1
