1322287668000
kingfish
benny
1 0 599815 600000 14 10 12 12 -1 -1 2222222222000000000000000000000000000000000000000000000000000000000000000000000000000000000000000000000000000001111111111 1
2 0 599815 599997 2 12 4 14 -1 -1 2222222222000000000000000000000000000000000000000000000000000000000000000000000000000000000000000000000010000001111011111 1
1 0 599814 599997 16 12 12 8 -1 -1 2222022222000000020000000000000000000000000000000000000000000000000000000000000000000000000000000000000010000001111011111 1
2 0 599814 599996 3 15 5 13 -1 -1 2222022222000000020000000000000000000000000000000000000000000000000000000000000000000000000000000000001010000001111011110 1
1 0 599813 599996 13 13 11 11 -1 -1 2222022220000000020000000000020000000000000000000000000000000000000000000000000000000000000000000000001010000001111011110 1
2 0 599813 599995 2 10 6 14 -1 -1 2222022220000000020000000000020000000000000000000000000000000000000000000000000000000000000100000000001010000001101011110 1
1 0 599812 599995 14 12 10 12 -1 -1 2220022220000000020000000000020000000000020000000000000000000000000000000000000000000000000100000000001010000001101011110 1
2 0 599812 599994 3 13 7 13 9 9 2220022220000000020000000000020000000000020000000000000000000000000000000000000010000000000100000000001010000001101001110 1
1 0 599812 599994 13 11 9 11 -1 -1 2220022200000000020000000000020000000000020000000002000000000000000030000000000010000000000100000000001010000001101001110 1
2 0 599812 599993 6 14 10 14 -1 -1 2220022200000000020000000000020000000000020000000002000000000000000031000000000010000000000100000000001010000001001001110 1
1 0 598832 599993 12 12 2 10 -1 -1 2220022200000000020000000000020000000000000000000002000000000000000031000000000012000000000100000000001010000001001001110 1
2 0 598832 599992 4 14 8 14 11 13 2221022200000000020000000000020000000000000000000002000000000000000031000000000012000000000100000000001000000001001001110 1
1 0 597951 599992 11 11 7 11 -1 -1 2221022200000000000000000000020000000000000000000002000000000200000031000000000012000000000130000000001000000001001001110 1
2 0 597951 599991 10 14 12 12 -1 -1 2221022200000000000000000000020000000000000000000012000000000200000031000000000012000000000030000000001000000001001001110 1
1 0 596942 599991 10 12 4 14 -1 -1 2221022200000000000000000000020000000000000000000012000000000200000031000000000010000000000030000000001020000001001001110 1
2 0 596942 599990 8 14 12 14 -1 -1 2221022200000000010000000000020000000000000000000012000000000200000031000000000000000000000030000000001020000001001001110 1
1 0 596335 599990 12 8 11 9 -1 -1 2221022200000000010000000000020000000000000000000012000000000000000031000000000000000000000030000000001022000001001001110 1
2 0 596335 599989 3 9 5 11 -1 -1 2221022200000000010000000000020000000000000000000012000000000000000031000000000000000000001030000000000022000001001001110 1
1 0 594794 599989 14 14 4 12 -1 -1 2221020200000000010000000000220000000000000000000012000000000000000031000000000000000000001030000000000022000001001001110 1
2 0 594794 599988 12 12 16 12 -1 -1 2221020200000000110000000000220000000000000000000012000000000000000031000000000000000000001030000000000022000001001000110 1
1 0 594024 599988 13 9 12 10 -1 -1 2221020200000000110000000000220000000000000000000012000000000000000031000000000000000000001030000000000002000001001000112 1
2 0 594024 599987 1 11 5 15 -1 -1 2221020200000000110000000000220000000000000000000012000000000000000031000000000000000000001030000000000102000000001000112 1
1 0 592832 599987 12 10 2 12 -1 -1 2021020200000000110000000000222000000000000000000012000000000000000031000000000000000000001030000000000102000000001000112 1
2 0 592832 599977 1 13 3 15 -1 -1 2021120200000000110000000000222000000000000000000012000000000000000031000000000000000000001030000000000002000000001000112 1
1 0 592017 599977 9 11 8 12 -1 -1 2001120202000000110000000000222000000000000000000012000000000000000031000000000000000000001030000000000002000000001000112 1
2 0 592017 599976 2 14 6 14 -1 -1 2001120202000000110000000000222000000000000000000012000000001000000030000000000000000000001030000000000002000000001000112 1
1 0 590903 599976 8 12 6 10 -1 -1 2001100202000000110000000000222000000000020000000012000000001000000030000000000000000000001030000000000002000000001000112 1
2 0 590903 599975 6 14 8 12 -1 -1 2001100202000000110000000000222000000001020000000012000000000000000030000000000000000000001030000000000002000000001000112 1
1 0 589968 599975 11 9 10 8 -1 -1 2001100202000000110000000000222000000001000000000012000000002000000030000000000000000000001030000000000002000000001000112 1
2 0 589968 599974 7 13 11 9 -1 -1 2001100202000000110000000000222000000001000000000012000000002000000030000000001000000000000030000000000002000000001000112 1
1 0 588288 599974 10 8 4 10 -1 -1 2001100202000000110000000000222000000001000000000010000000002000000030000000001000000000002030000000000002000000001000112 1
2 0 588288 599973 5 11 9 11 -1 -1 2001100202000001110000000000222000000001000000000010000000002000000030000000000000000000002030000000000002000000001000112 1
1 0 587314 599973 4 10 3 9 -1 -1 2001100202000001110000000000022000000001000000000010000000002000000032000000000000000000002030000000000002000000001000112 1
2 0 587314 599972 8 12 12 8 -1 -1 2001101202000000110000000000022000000001000000000010000000002000000032000000000000000000002030000000000002000000001000112 1
1 0 586059 599972 15 13 14 12 -1 -1 2001101202000000110000000000022000000001000000000010000000000000000032000000000000000000002030000000002002000000001000112 1
2 0 586059 599971 5 15 7 13 -1 -1 2001101202000000110000000000022000000001000000000010000000000000000032000000000000000000002030000000002002000000001010102 1
1 0 584580 599971 15 11 11 15 -1 -1 2001101202000000110000000000020000000001000000000012000000000000000032000000000000000000002030000000002002000000001010102 1
2 0 584580 599970 12 8 13 9 -1 -1 2001101202000000110000000000020000000001000000000012000000000000000032000000000000000000002031000000002002000000001010002 1
1 0 581428 599970 14 12 14 10 -1 -1 2001101202000000110000000000020000000001000000000012000000000000000032000000000000000000002031000000000002000002001010002 1
2 0 581428 599969 13 9 15 11 -1 -1 2001101202000000110000000000020000000001000000000012000000000000000032000000000000000000002031000000000002000002001100002 1
1 0 579619 599969 7 11 7 9 -1 -1 2001101202000000110000000000020000000001000000000012000000000000000032000000000000000000002031000000000002000000001100202 1
2 0 579619 599968 12 14 13 13 -1 -1 2001101202000000110000000000020000000001000000000102000000000000000032000000000000000000002031000000000002000000001100202 1
1 0 578165 599968 14 10 14 12 -1 -1 2001101202000000110000000000020000000001000000000102000000000000000032000000000000000000002031000000000000000000021100202 1
2 0 578165 599967 13 13 14 14 -1 -1 2001101202000000110000000000020000000001000000000102000000000000000032000000000000000000002031000000000000000000021010202 1
1 0 576757 599967 13 15 13 13 -1 -1 2001101202000000110000000000020000000001000000000102000000000000000032000000000000000000002031000000000000000000001012202 1
2 0 576757 599966 14 14 15 13 -1 -1 2001101202000000110000000000020000000001000000000102000000000000000032000000000000000000002031000000000000000000010012202 1
1 0 574946 599966 14 12 6 12 -1 -1 2001101202000000110000000000020000000001000000000102000000000000000032000000000000000000002031000000000000000000010010222 1
2 0 574946 599965 5 13 7 11 -1 -1 2001101202000000110000000000020000000001100000000102000000000000000032000000000000000000002031000000000000000000010000222 1
1 0 573404 599965 7 9 1 11 -1 -1 2001101202000000110000000000000000000001100000000122000000000000000032000000000000000000002031000000000000000000010000222 1
2 0 573404 599964 3 11 5 13 -1 -1 2101101202000000110000000000000000000001100000000022000000000000000032000000000000000000002031000000000000000000010000222 1
1 0 572170 599964 13 13 12 14 -1 -1 2101101002000000110000000000020000000001100000000022000000000000000032000000000000000000002031000000000000000000010000222 1
2 0 572170 599963 11 9 12 8 -1 -1 2101101002000000110000000000020000000001100000000022000000000000000032000000000000000000002031000000000001000000000000222 1
1 0 571232 599963 12 14 8 10 -1 -1 2101101002000000110000000000020000000001100000000022000000000000000032000000000000000000000031000000002001000000000000222 1
2 0 571232 599963 12 8 13 9 -1 -1 2101101002000000110000000000020000000001100000000022000000010000000032000000000000000000000031000000002000000000000000222 1
1 0 570515 599963 8 10 7 9 -1 -1 2101101002000000110000000000020000000001100000000022000000010000000032000000000000000000000031000000000000000002000000222 1
2 0 570515 599962 13 9 14 10 -1 -1 2101101002000000110000000000020000000001100000000122000000000000000032000000000000000000000031000000000000000002000000222 1
1 0 569897 599962 7 9 3 13 -1 -1 2101101002000000110000000000020000000001100000000122000000000000000032000000000000000000000031000000000000000000000200222 1
2 0 569897 599961 9 11 10 10 -1 -1 2101101012000000110000000000020000000001100000000022000000000000000032000000000000000000000031000000000000000000000200222 1
1 0 569440 599961 4 12 3 11 -1 -1 2101101012000000110000000000020000000001100000000022000000000000000030000000000200000000000031000000000000000000000200222 1
2 0 569440 599960 10 10 11 9 -1 -1 2101101112000000010000000000020000000001100000000022000000000000000030000000000200000000000031000000000000000000000200222 1
1 0 568914 599960 6 10 2 14 -1 -1 2101101112000000010000000000020000000001100000000022000000000000000030000000000000000000002031000000000000000000000200222 1
2 0 568914 599959 11 9 12 10 -1 -1 2101111112000000010000000000020000000000100000000022000000000000000030000000000000000000002031000000000000000000000200222 1
1 0 568773 599959 2 12 1 13 -1 -1 2101111112000000010000000000020000000000100000000022000000000000000030000000000000000000000031000000000200000000000200222 1
2 0 568773 599958 12 10 13 9 -1 -1 2111011112000000010000000000020000000000100000000022000000000000000030000000000000000000000031000000000200000000000200222 1
1 0 568615 599958 4 14 2 12 -1 -1 2111011112000000010000000000020000000000100000000022000000000000000030000000000000000000000031000000000000000002000200222 1
