1322295681000
kingfish
droptable
1 0 599812 600000 14 10 12 12 -1 -1 2222222222000000000000000000000000000000000000000000000000000000000000000000000000000000000000000000000000000001111111111 2
2 0 599812 594998 3 15 4 14 -1 -1 2222222222000000000000000000000000000000000000000000000000000000000000000000000000000000000000000000000010000001111011111 2
1 0 599810 594998 16 12 12 8 -1 -1 2222222220000000020000000000000000000000000000000000000000000000000000000000000000000000000000000000000010000001111011111 2
2 0 599810 589995 1 13 5 13 -1 -1 2222222220000000020000000000000000000000000000000000000000000000000000000000000000000000000000000000001010000001111011110 2
1 0 599809 589995 13 13 11 11 -1 -1 2202222220000000020000000000020000000000000000000000000000000000000000000000000000000000000000000000001010000001111011110 2
2 0 599809 580888 0 12 1 13 -1 -1 2202222220000000020000000000020000000000000000000000000000000000000000000000000000000000000100000000001010000001101011110 2
1 0 599808 580888 14 12 10 12 -1 -1 0222222220000000020000000000020000000000000000000000000000000000000000000000000000000000000100000000001010000001101011110 2
2 0 599808 573748 2 10 4 12 -1 -1 0222222220000000020000000000020000000000000000000000000000000000000000000000000010000000000100000000001010000001101001110 2
1 0 599807 573748 13 11 9 11 -1 -1 0220222220000000220000000000020000000000000000000000000000000000000000000000000010000000000100000000001010000001101001110 2
2 0 599807 559432 1 13 3 15 -1 -1 0220222220000000220000000000020000000000000000000000000000000000000001000000000010000000000100000000001010000001001001110 2
1 0 599629 559432 12 12 8 12 -1 -1 0200222222000000220000000000020000000000000000000000000000000000000001000000000010000000000100000000001010000001001001110 2
2 0 599629 545549 3 9 4 10 -1 -1 0200222222000000220000000000020000000000000000000000000000001000000001000000000010000000000100000000001000000001001001110 2
1 0 599628 545549 11 11 7 11 -1 -1 0200220222000002220000000000020000000000000000000000000000001000000001000000000010000000000100000000001000000001001001110 2
2 0 599628 534241 4 14 8 10 -1 -1 0200220222000002220000000000020000000000000000000010000000001000000001000000000010000000000000000000001000000001001001110 2
1 0 594938 534241 13 15 12 14 -1 -1 0200220222000002200000000000020000000000000000000010000000021000000001000000000010000000000000000000001000000001001001110 2
2 0 594938 483364 1 11 2 10 -1 -1 0200220222000002200000000000020000000000000000000010000000021000000001000000000010000000000000000000001001000001000001110 2
1 0 591776 483364 9 11 9 13 -1 -1 0002220222000002200000000000020000000000000000000010000000021000000001000000000010000000000000000000001001000001000001110 2
2 0 591776 437970 4 10 6 12 -1 -1 0002220222000002200000000000020000000000000000000010000000021000000000100000000010000000000000000000001001000001000001110 2
1 0 589523 437970 15 13 5 11 -1 -1 0002220222000000200000000000020000000000200000000010000000021000000000100000000010000000000000000000001001000001000001110 2
2 0 589523 399639 6 12 7 13 -1 -1 0002220222000000200000000000120000000000200000000010000000021000000000100000000010000000000000000000001001000001000001100 2
1 0 585916 399639 10 12 6 12 -1 -1 0002220222000000200000000000120000000000000000000012000000021000000000100000000010000000000000000000001001000001000001100 2
2 0 585916 373815 2 12 4 10 -1 -1 0002220222000000200000000000120000000000100000000012000000021000000000100000000000000000000000000000001001000001000001100 2
1 0 583410 373815 15 11 15 13 -1 -1 0002020222000002200000000000120000000000100000000012000000021000000000100000000000000000000000000000001001000001000001100 2
2 0 583410 356836 2 14 4 16 -1 -1 0002020222000002200000000000120000000000100000000012000000021000000000100000000000000000000000000000001001000001000001010 2
1 0 580412 356836 15 13 11 13 -1 -1 0002000222000002202000000000120000000000100000000012000000021000000000100000000000000000000000000000001001000001000001010 2
2 0 580412 343993 4 12 6 14 -1 -1 0002000222000002202000000000120000000000100000000012000000021000000000100000000000000000000010000000001001000001000001000 2
1 0 578473 343993 5 11 3 9 -1 -1 0002000222000002002000000000120000000000120000000012000000021000000000100000000000000000000010000000001001000001000001000 2
2 0 578473 333362 3 15 4 14 -1 -1 0002001222000002002000000000020000000000120000000012000000021000000000100000000000000000000010000000001001000001000001000 2
1 0 574574 333362 12 14 8 14 -1 -1 0002001220000002022000000000020000000000120000000012000000021000000000100000000000000000000010000000001001000001000001000 2
2 0 574574 327632 2 10 4 12 -1 -1 0002001220000002022000000000020000000000120000000012000000021100000000100000000000000000000010000000001000000001000001000 2
1 0 572464 327632 8 12 6 10 -1 -1 0000001220000002222000000000020000000000120000000012000000021100000000100000000000000000000010000000001000000001000001000 2
2 0 572464 318013 3 13 9 11 -1 -1 0000001220000002222000000000020000000001120000000012000000020100000000100000000000000000000010000000001000000001000001000 2
1 0 569957 318013 7 11 5 9 -1 -1 0000001200000002222000000000020000000001120000000012000000020100000002100000000000000000000010000000001000000001000001000 2
2 0 569957 302339 6 14 12 12 -1 -1 0000001200000002222000000001020000000001120000000002000000020100000002100000000000000000000010000000001000000001000001000 2
1 0 565872 302339 6 10 2 10 -1 -1 0000001200000002222000000001020000000001100000000002000000020100000002100000000000000000000010000000001020000001000001000 2
2 0 565872 297337 4 12 10 14 -1 -1 0001001200000002222000000001020000000000100000000002000000020100000002100000000000000000000010000000001020000001000001000 2
1 0 560921 297337 9 13 7 11 -1 -1 0001001200000002022000000001020000000000100000000002000000020100000002100000000002000000000010000000001020000001000001000 2
2 0 560921 288537 4 16 6 14 -1 -1 0001001200000002022000000001020000000000100000000012000000020100000002000000000002000000000010000000001020000001000001000 2
1 0 555174 288537 11 13 9 15 -1 -1 0001001200000002020000000001020000000000120000000012000000020100000002000000000002000000000010000000001020000001000001000 2
2 0 555174 258545 5 13 7 15 -1 -1 0001001200000002020000000001020000000000120000000012000000020100000002010000000002000000000000000000001020000001000001000 2
1 0 550632 258545 7 11 3 15 -1 -1 0001001200000002020000000001000000000000120000000012200000020100000002010000000002000000000000000000001020000001000001000 2
2 0 550632 252953 4 14 5 13 -1 -1 0001001201000002020000000001000000000000120000000002200000020100000002010000000002000000000000000000001020000001000001000 2
1 0 547036 252953 6 12 4 14 -1 -1 0001001201000002000000000001020000000000120000000002200000020100000002010000000002000000000000000000001020000001000001000 2
2 0 547036 237481 3 11 4 12 -1 -1 0001001201000002010000000001020000000000020000000002200000020100000002010000000002000000000000000000001020000001000001000 2
1 0 544094 237481 5 9 3 11 -1 -1 0001001001000002210000000001020000000000020000000002200000020100000002010000000002000000000000000000001020000001000001000 2
2 0 544094 230179 6 14 10 10 -1 -1 0001001101000002210000000000020000000000020000000002200000020100000002010000000002000000000000000000001020000001000001000 2
1 0 541256 230179 4 14 3 13 -1 -1 0001001101000002210000000000020000000000000000000002200000020100000002010000000202000000000000000000001020000001000001000 2
2 0 541256 214159 4 12 6 14 -1 -1 0001001111000002200000000000020000000000000000000002200000020100000002010000000202000000000000000000001020000001000001000 2
1 0 538822 214159 8 14 2 12 -1 -1 0001001111000002000000000000020000000000020000000002200000020100000002010000000202000000000000000000001020000001000001000 2
2 0 538822 206763 7 15 13 13 -1 -1 0001101111000002000000000000020000000000020000000002200000020000000002010000000202000000000000000000001020000001000001000 2
1 0 535899 206763 14 14 14 12 -1 -1 0001101111000002000000000000020000000000020000000002000000020000000002010000000202000000000000000000001020000001020001000 2
2 0 535899 197017 12 12 14 10 -1 -1 0001101111000002000000000000020000000000020000000002000000020000000002010000000202000000000000000000001020000001020010000 2
1 0 533375 197017 12 8 12 10 -1 -1 0001101111000002000000000000020000000000020000000002000000020000000002010000000202000000000000000000001000000001020210000 2
2 0 533375 188606 5 13 11 11 -1 -1 0001101111000002000000000000020000000000020000000002000000020000000002010000000202000000000000000000000100000001020210000 2
1 0 530714 188606 12 10 6 12 -1 -1 0001101111000002000000000000000000000000020000000002000000020000000002010000000202000000000200000000000100000001020210000 2
2 0 530714 183607 14 10 15 11 -1 -1 0001101111000002000000000000000000000000120000000002000000020000000002010000000202000000000200000000000000000001020210000 2
1 0 529415 183607 2 10 2 14 -1 -1 0001101111000002000000000000000000000000120000000002000000020000000002010000000202000000000200000000000000000001020010200 2
2 0 529415 172820 10 10 12 8 -1 -1 0000111111000002000000000000000000000000120000000002000000020000000002010000000202000000000200000000000000000001020010200 2
1 0 524925 172820 13 9 12 10 -1 -1 0000111111000002000000000000000000000000120000000002000000020000000002010000000002000000000200000000002000000001020010200 2
2 0 524925 167819 8 10 10 12 -1 -1 0000111111000002000000000000000000000000120000000002000000020000000002010000000002000000000200000000002100000000020010200 2
1 0 521992 167819 12 10 12 12 -1 -1 0000111111000002000000000000000000000000120000000002000000000000000002010000000022000000000200000000002100000000020010200 2
2 0 521992 162815 9 11 15 13 -1 -1 0000111111000002000000000000000000000000120000000002000000000000000002010000000022000000000200000000002010000000020010200 2
1 0 519622 162815 9 15 9 13 -1 -1 0000111111000002000000000000000000000000120000000002000000000000000000010000000022000000000200000000002010000000020010220 2
2 0 519622 157518 6 14 8 12 -1 -1 0000111111000002000000000000000000000000120000000002000000000000000000100000000022000000000200000000002010000000020010220 2
1 0 517283 157518 12 12 10 10 -1 -1 0000111111000002000000000000000000000000100000000002000000002000000000100000000022000000000200000000002010000000020010220 2
2 0 517283 152518 4 10 5 11 -1 -1 0000111111000002000000000000000000000000100000000002000000002000000000100000000122000000000200000000002000000000020010220 2
1 0 515430 152518 9 13 5 13 -1 -1 0000111111000000000000000000200000000000100000000002000000002000000000100000000122000000000200000000002000000000020010220 2
2 0 515430 147519 5 11 6 10 -1 -1 0000111111000000000000000000210000000000100000000002000000002000000000000000000122000000000200000000002000000000020010220 2
1 0 514344 147519 2 12 1 13 -1 -1 0000111111000000000000000000010000000002100000000002000000002000000000000000000122000000000200000000002000000000020010220 2
2 0 514344 141032 6 10 7 9 -1 -1 0010011111000000000000000000010000000002100000000002000000002000000000000000000122000000000200000000002000000000020010220 2
1 0 512534 141032 6 12 2 12 -1 -1 0010011111000000000000000000010000000000100000000202000000002000000000000000000122000000000200000000002000000000020010220 2
2 0 512534 130944 7 9 8 10 -1 -1 0010111111000000000000000000010000000000000000000202000000002000000000000000000122000000000200000000002000000000020010220 2
1 0 510250 130944 10 10 9 9 -1 -1 0010111111000000000000000000010000000000000000000002000000022000000000000000000122000000000200000000002000000000020010220 2
2 0 510250 119371 8 12 16 12 -1 -1 0010111111000000000000000000010000000000000000000002000000022000000010000000000022000000000200000000002000000000020010220 2
1 0 507467 119371 9 9 7 15 -1 -1 0010111111000000000000000000010000000000000000000002000000020000000010000000000022000000000200000000002000000000020010222 2
2 0 507467 112033 10 14 14 14 -1 -1 0010111111000000000000000000010000000000000000000002100000020000000000000000000022000000000200000000002000000000020010222 2
1 0 506357 112033 7 15 6 14 -1 -1 0010111111000000000000000000010000000000000000000002100000020000000000000000000020000000000200000000002000000000020012222 2
2 0 506357 107028 12 8 13 9 -1 -1 0010111111000000000000000000010000000000010000000002000000020000000000000000000020000000000200000000002000000000020012222 2
1 0 505061 107028 6 14 2 10 -1 -1 0010111111000000000000000000010000000000010000000002000000020000000000000000000020000000000200000000000000000002020012222 2
2 0 505061 102027 7 13 8 12 -1 -1 0011111111000000000000000000010000000000000000000002000000020000000000000000000020000000000200000000000000000002020012222 2
1 0 504172 102027 14 12 12 14 -1 -1 0011111111000000000000000000010000000000000000000000000000022000000000000000000020000000000200000000000000000002020012222 2
2 0 504172 94067 8 10 9 11 -1 -1 0011111111000000000000000000010000000000000000000000000000022000000000000000000020000000000200000000000001000002020002222 2
1 0 503019 94067 5 13 4 12 -1 -1 0011111111000000000000000000010000000000000000000000000000002000000002000000000020000000000200000000000001000002020002222 2
2 0 503019 89065 8 12 12 12 -1 -1 0011111111000000100000000000000000000000000000000000000000002000000002000000000020000000000200000000000001000002020002222 2
1 0 502451 89065 12 14 11 13 -1 -1 0011111111000000100000000000000000000000000000000000000000000000000002000000000020000000000200000000000021000002020002222 2
2 0 502451 79265 10 12 14 12 -1 -1 0011111111000000100000000000000000000000000000000000000000000000000002000000000020000000000210000000000020000002020002222 2
1 0 502027 79265 2 10 1 11 -1 -1 0011111111000000100000000000000000000000000000000000000000000000000002000000000000000000000210000000000020000002020022222 2
2 0 502027 74265 11 11 12 10 -1 -1 0110111111000000100000000000000000000000000000000000000000000000000002000000000000000000000210000000000020000002020022222 2
1 0 501649 74265 4 12 0 12 -1 -1 0110111111000000100000000000000000000000000000000000000000000000000002000000000000000000000010000000000220000002020022222 2
2 0 501649 69267 12 12 14 10 -1 -1 1110111111000000000000000000000000000000000000000000000000000000000002000000000000000000000010000000000220000002020022222 2
1 0 501338 69267 11 13 10 12 -1 -1 1110111111000000000000000000000000000000000000000000000000000000000002000000000000000000000010000000000200000002020222222 2
2 0 501338 64268 9 11 11 13 -1 -1 1110111111000000000000000000000000000000000000000000000000000000000002000000000010000000000000000000000200000002020222222 2
1 0 501029 64268 10 12 9 13 -1 -1 1110111111000000000000000000000000000000000000000000000000000000000000000000000010000000000020000000000200000002020222222 2
2 0 501029 64267 11 13 12 12 -1 -1 1110111111000000000000000000000000000000000000000000000000000000000000100000000000000000000020000000000200000002020222222 2
1 0 500826 64267 9 13 8 12 -1 -1 1110111111000000000000000000000000000000000000000000000000000000000000100000000000000000000000000000000220000002020222222 2
2 0 500826 64266 12 10 13 11 -1 -1 1110111111000000000000000000000000000000000000000000000000001000000000000000000000000000000000000000000220000002020222222 2
1 0 500738 64266 8 12 7 11 -1 -1 1110111111000000000000000000000000000000000000000000000000001000000000000000000000000000000000000000000020000002220222222 2
2 0 500738 64265 12 12 12 14 -1 -1 1110111111000000000000000000000000000000000000000010000000000000000000000000000000000000000000000000000020000002220222222 2
1 0 500652 64265 7 11 6 12 -1 -1 1110111111000000000000000000000000000000000000000010000000000000000000000000000000000000000000000000000002000002220222222 2
2 0 500652 64264 12 14 13 15 -1 -1 1110111111000000000000000000000000000000100000000000000000000000000000000000000000000000000000000000000002000002220222222 2
