1322296102000
kingfish
artificialwintelligence
1 0 599826 600000 14 10 12 12 -1 -1 2222222222000000000000000000000000000000000000000000000000000000000000000000000000000000000000000000000000000001111111111 2
2 0 599826 599676 2 12 4 14 -1 -1 2222222222000000000000000000000000000000000000000000000000000000000000000000000000000000000000000000000010000001111011111 2
1 0 599824 599676 16 12 12 8 -1 -1 2222022222000000020000000000000000000000000000000000000000000000000000000000000000000000000000000000000010000001111011111 2
2 0 599824 599087 3 13 5 15 -1 -1 2222022222000000020000000000000000000000000000000000000000000000000000000000000000000000000000000000001010000001111011110 2
1 0 599823 599087 13 13 11 11 -1 -1 2222022202000000020000000000002000000000000000000000000000000000000000000000000000000000000000000000001010000001111011110 2
2 0 599823 598322 2 10 4 16 -1 -1 2222022202000000020000000000002000000000000000000000000000000000000000000000000000000000000100000000001010000001101011110 2
1 0 599822 598322 14 12 10 12 -1 -1 2220022202000000022000000000002000000000000000000000000000000000000000000000000000000000000100000000001010000001101011110 2
2 0 599822 597238 4 14 6 16 -1 -1 2220022202000000022000000000002000000000000000000000000000000000000000000000000010000000000100000000001010000001101001110 2
1 0 599821 597238 13 11 9 11 -1 -1 2220022202000000002000000000002000000000002000000000000000000000000000000000000010000000000100000000001010000001101001110 2
2 0 599821 596215 0 12 4 8 -1 -1 2220022202000000002000000000002000000000002000000000000000000000000001000000000010000000000100000000001010000001001001110 2
1 0 599626 596215 12 12 8 12 -1 -1 0220022202000020002000000000002000000000002000000000000000000000000001000000000010000000000100000000001010000001001001110 2
2 0 599626 594336 3 15 7 15 -1 -1 0220022202000020002000000000002000000000002000000000000000001000000001000000000010000000000100000000001000000001001001110 2
1 0 599625 594336 11 11 7 11 -1 -1 0220022200000020002000000000002000000000002000000000200000001000000001000000000010000000000100000000001000000001001001110 2
2 0 599625 592709 7 15 8 16 -1 -1 0220022200000020002000000000002000000000002000000010200000001000000001000000000010000000000000000000001000000001001001110 2
1 0 599624 592709 10 12 6 12 -1 -1 0220022200000020002000000000002000000000002000000010000000001020000001000000000010000000000000000000001000000001001001110 2
2 0 599624 590194 1 13 9 17 -1 -1 0220022200000020002000000000002000000000102000000010000000001020000001000000000000000000000000000000001000000001001001110 2
1 0 599623 590194 9 11 5 11 -1 -1 0200022200000020002000000000002000000000102000000010000000001020000001002000000000000000000000000000001000000001001001110 2
2 0 599623 587114 1 11 2 10 -1 -1 0200022200000020002000000000102000000000102000000010000000001020000000002000000000000000000000000000001000000001001001110 2
1 0 593699 587114 7 11 1 13 -1 -1 0002022200000020002000000000102000000000102000000010000000001020000000002000000000000000000000000000001000000001001001110 2
2 0 593699 584562 5 15 9 15 -1 -1 0012022200000020002000000000102000000000102000000000000000001020000000002000000000000000000000000000001000000001001001110 2
1 0 590951 584562 6 12 2 12 -1 -1 0012022200000020002000000000100000000000102000000000000000001020000000022000000000000000000000000000001000000001001001110 2
2 0 590951 583005 2 10 6 10 -1 -1 0012122200000020002000000000100000000000002000000000000000001020000000022000000000000000000000000000001000000001001001110 2
1 0 586403 583005 13 15 12 14 -1 -1 0010122200000020002000000000100000000002002000000000000000001020000000022000000000000000000000000000001000000001001001110 2
2 0 586403 580921 2 14 3 15 -1 -1 0010122200000020002000000000100000000002002000000000000000001020000000022000000000000000000000000000001001000001000001110 2
1 0 579695 580921 15 13 11 13 -1 -1 0010102202000020002000000000100000000002002000000000000000001020000000022000000000000000000000000000001001000001000001110 2
2 0 579695 578704 9 17 10 16 -1 -1 0010102202000020002000000000100000000002002000000000000000001020000000022000000000000000000010000000001001000001000001100 2
1 0 573363 578704 12 14 11 15 -1 -1 0010102202000020002000000000100000000002002000000000000000001020000000020000000000200000000010000000001001000001000001100 2
2 0 573363 576429 3 15 9 13 -1 -1 0010102202000020002000000000100000000002002000000000000000001020000000020000000000200000000011000000001000000001000001100 2
1 0 565113 576429 11 15 3 15 -1 -1 0010102200000020002000000000100000000002002000000000000000001020000000220000000000200000000011000000001000000001000001100 2
2 0 565113 574612 6 10 6 8 -1 -1 0010102201000020002000000000100000000002002000000000000000001020000000220000000000200000000010000000001000000001000001100 2
1 0 559548 574612 11 13 10 12 -1 -1 0010102201000020002000000000100000000020002000000000000000001020000000220000000000200000000010000000001000000001000001100 2
2 0 559548 573425 3 11 4 10 -1 -1 0010102201000020002000000000100000000020002000000000000000001020000000220000000010200000000000000000001000000001000001100 2
1 0 553680 573425 10 12 8 14 -1 -1 0010102001000022002000000000100000000020002000000000000000001020000000220000000010200000000000000000001000000001000001100 2
2 0 553680 571944 9 13 11 15 -1 -1 0010102001000022002000000000100000000020002000000000000000001120000000220000000000200000000000000000001000000001000001100 2
1 0 548963 571944 13 9 11 7 -1 -1 0010102001000022002000000000100000000020002000000000000000001120000000020000000000200000000002000000001000000001000001100 2
2 0 548963 570016 3 9 7 9 -1 -1 0010102001000022002000000000100000000020002000000000000000001120000000020000000000200000010002000000001000000000000001100 2
1 0 542963 570016 5 11 3 9 -1 -1 0010100001000022002000000000100000000020002000000200000000001120000000020000000000200000010002000000001000000000000001100 2
2 0 542963 567104 4 10 5 9 -1 -1 0010101001000022002000000000000000000020002000000200000000001120000000020000000000200000010002000000001000000000000001100 2
1 0 537786 567104 12 8 10 6 -1 -1 0010101001000020002000000002000000000020002000000200000000001120000000020000000000200000010002000000001000000000000001100 2
2 0 537786 565825 4 8 8 8 -1 -1 0010101001000020002000000002000000000020002000000200000000001120000000020000010000200000010002000000000000000000000001100 2
1 0 526301 565825 11 7 9 5 -1 -1 0010101001000000002000000002000000000020002000000200000000201120000000020000010000200000010002000000000000000000000001100 2
2 0 526301 564290 4 16 6 10 -1 -1 0010101001000000002000000002000000000020002000000200000000201120001000020000010000200000000002000000000000000000000001100 2
1 0 521754 564290 8 12 7 11 -1 -1 0010101001000000000000000002000000000022002000000200000000201120001000020000010000200000000002000000000000000000000001100 2
2 0 521754 562029 5 9 9 9 -1 -1 0010101001000000000000000002000000000022002000000210000000200120001000020000010000200000000002000000000000000000000001100 2
1 0 518745 562029 7 11 5 9 -1 -1 0010101001000000000000000000000000000022002000000210000000200120001020020000010000200000000002000000000000000000000001100 2
2 0 518745 560535 6 8 10 8 -1 -1 0010101001000000000000000001000000000022002000000200000000200120001020020000010000200000000002000000000000000000000001100 2
1 0 513884 560535 10 6 9 7 -1 -1 0010101001000000000000000001000000000002002000000200000000200120001020020000012000200000000002000000000000000000000001100 2
2 0 513884 558936 8 16 12 16 -1 -1 0010101001000000000000000001000000000002002000000200000000200120001120020000002000200000000002000000000000000000000001100 2
1 0 508784 558936 9 7 8 6 -1 -1 0010101001000000000000000001000000000002002000000200000000200100001120020000002000200000000002000000000000200000000001100 2
2 0 508784 555873 7 9 11 9 -1 -1 0010101001000000000000000001000000000002002000000200000001200100001020020000002000200000000002000000000000200000000001100 2
1 0 505682 555873 9 5 7 7 -1 -1 0010101001000000000000000001000000000002002000000000000001200100001020020000002000200000002002000000000000200000000001100 2
2 0 505682 553927 9 15 15 13 -1 -1 0010101001000000000000000001000000000002002000001000000001200100000020020000002000200000002002000000000000200000000001100 2
1 0 500548 553927 8 6 4 10 -1 -1 0010101001000000000000000001000000000002002000001000000001200100000020000000002000200000002002000000000000200000000001120 2
2 0 500548 552014 8 8 12 8 -1 -1 0010101001000001000000000001000000000002002000001000000000200100000020000000002000200000002002000000000000200000000001120 2
1 0 497794 552014 5 9 3 11 -1 -1 0010101001000001000000000001000000000002002000001000000000000100000020000000002000200000002002000000002000200000000001120 2
2 0 497794 550545 9 9 13 9 -1 -1 0010101101000001000000000000000000000002002000001000000000000100000020000000002000200000002002000000002000200000000001120 2
1 0 494885 550545 14 14 13 15 -1 -1 0010101101000001000000000000000000000002002000001000000000000100000000000000002000200000002002000000002000200002000001120 2
2 0 494885 548544 6 16 7 15 -1 -1 0010101101000001000000000000000000000002002000001000000000000100000000000000002000200000002002000000002000200002001000120 2
1 0 489009 548544 13 15 7 13 -1 -1 0010101101000001000000000000000000000002000000001000200000000100000000000000002000200000002002000000002000200002001000120 2
2 0 489009 546269 7 15 9 13 -1 -1 0010101101000001000000000000000000000002000000001001200000000100000000000000002000200000002002000000002000200002000000120 2
1 0 484239 546269 8 14 6 8 -1 -1 0010101101000001000000000000000000000002000000001001000000000100000000200000002000200000002002000000002000200002000000120 2
2 0 484239 543328 6 10 8 8 -1 -1 0010101101000001000000000000000000000012000000001001000000000000000000200000002000200000002002000000002000200002000000120 2
1 0 479312 543328 3 11 3 13 -1 -1 0010101101000001000000000000000000000010000000001001000000200000000000200000002000200000002002000000002000200002000000120 2
2 0 479312 540832 9 13 9 15 -1 -1 0010101011000001000000000000000000000010000000001001000000200000000000200000002000200000002002000000002000200002000000120 2
1 0 476468 540832 7 7 3 11 -1 -1 0010101011000001000000000000000000000010000000001001000000200000000000020000002000200000002002000000002000200002000000120 2
2 0 476468 539800 9 15 13 15 -1 -1 0010101111000001000000000000000000000010000000000001000000200000000000020000002000200000002002000000002000200002000000120 2
1 0 473756 539800 6 8 5 7 -1 -1 0010101111000001000000000000000000000010000000000001000000200000000000000000002000200000002002000000002000200002002000120 2
2 0 473756 538568 8 8 9 9 -1 -1 0010101111000001000000000010000000000000000000000001000000200000000000000000002000200000002002000000002000200002002000120 2
1 0 471938 538568 5 7 4 8 -1 -1 0010101111000001000000000010000000000000000000000001000000000000000020000000002000200000002002000000002000200002002000120 2
2 0 471938 537178 9 9 11 7 -1 -1 0010101111000011000000000000000000000000000000000001000000000000000020000000002000200000002002000000002000200002002000120 2
1 0 470545 537178 2 12 1 11 -1 -1 0010101111000011000000000000000000000000000000000001000000000000000000000000002000200000022002000000002000200002002000120 2
2 0 470545 536223 10 16 12 14 -1 -1 0110001111000011000000000000000000000000000000000001000000000000000000000000002000200000022002000000002000200002002000120 2
1 0 469311 536223 4 8 2 10 -1 -1 0110001111000011000000000000000000000000000000000001000000000000000000000000002000000000022002000000002002200002002000120 2
2 0 469311 535128 12 8 16 12 -1 -1 0111001111000001000000000000000000000000000000000001000000000000000000000000002000000000022002000000002002200002002000120 2
1 0 467245 535128 15 11 14 10 -1 -1 0111001111000001000000000000000000000000000000000001000000000000000000000000002000000000022002000000000002200002002000122 2
2 0 467245 534257 10 8 12 10 -1 -1 0111001111000001000000000000000000000000000000000001000000000000000000000000002000000000022002000000000002200002002100022 2
1 0 464826 534257 14 10 10 10 -1 -1 0111001111000001000000000000000000000000000000000001000000000000000000000000000000000000022002000000000202200002002100022 2
2 0 464826 532310 11 15 13 13 -1 -1 0111001111000001000000000000000000000000000000000001000000000000000000000000000100000000022002000000000202200002002000022 2
1 0 463465 532310 4 10 4 12 -1 -1 0111001111000001000000000000000000000000000000000001000000000000000000000000000100000000022000000000000202200002022000022 2
2 0 463465 531071 11 9 13 11 -1 -1 0111001111000000100000000000000000000000000000000001000000000000000000000000000100000000022000000000000202200002022000022 2
1 0 462254 531071 4 12 0 12 -1 -1 0111001111000000100000000000000000000000000000000001000000000000000000000000000100000000020000000000000202200002222000022 2
2 0 462254 530508 12 10 14 12 -1 -1 1111001111000000000000000000000000000000000000000001000000000000000000000000000100000000020000000000000202200002222000022 2
1 0 461468 530508 7 13 6 12 -1 -1 1111001111000000000000000000000000000000000000000001000000000000000000000000000100000000020000000000000002200002222020022 2
2 0 461468 529705 11 7 12 8 -1 -1 1111001111000000000000000000000000000000100000000000000000000000000000000000000100000000020000000000000002200002222020022 2
1 0 460753 529705 10 10 9 11 -1 -1 1111001111000000000000000000000000000000100000000000000000000000000000000000000100000000000000000000002002200002222020022 2
2 0 460753 529040 12 16 14 14 -1 -1 1111001111000000000000000000000000000000100000000000000000000000000001000000000000000000000000000000002002200002222020022 2
1 0 460222 529040 9 11 8 12 -1 -1 1111001111000000000000000000000000000000100000000000000000000000000001000000000000000000000000000000002002000002222022022 2
2 0 460222 528334 13 13 15 11 -1 -1 1111001111000000000000000000000000000000100000000000000000001000000000000000000000000000000000000000002002000002222022022 2
1 0 459846 528334 6 12 5 11 -1 -1 1111001111000000000000000000000000000000100000000000000000001000000000000000000000000000000000000000002002000002202022222 2
2 0 459846 527908 12 8 14 10 -1 -1 1111001111000000000000000000100000000000000000000000000000001000000000000000000000000000000000000000002002000002202022222 2
1 0 459695 527908 5 11 4 12 -1 -1 1111001111000000000000000000100000000000000000000000000000001000000000000000000000000000000000000000000002000002202222222 2
2 0 459695 527653 12 14 13 13 -1 -1 1111001111000000100000000000000000000000000000000000000000001000000000000000000000000000000000000000000002000002202222222 2
