1322296221000
kingfish
eigenbot
1 0 599766 600000 14 10 12 12 -1 -1 2222222222000000000000000000000000000000000000000000000000000000000000000000000000000000000000000000000000000001111111111 2
2 0 599766 587618 3 13 4 14 -1 -1 2222222222000000000000000000000000000000000000000000000000000000000000000000000000000000000000000000000010000001111011111 2
1 0 599759 587618 16 12 12 8 -1 -1 2222222202000000020000000000000000000000000000000000000000000000000000000000000000000000000000000000000010000001111011111 2
2 0 599759 576144 3 15 5 13 -1 -1 2222222202000000020000000000000000000000000000000000000000000000000000000000000000000000000000000000001010000001111011110 2
1 0 599756 576144 13 13 11 11 -1 -1 2222222200000000020000000000020000000000000000000000000000000000000000000000000000000000000000000000001010000001111011110 2
2 0 599756 564521 3 9 5 11 -1 -1 2222222200000000020000000000020000000000000000000000000000000000000000000000000000000000000100000000001010000001101011110 2
1 0 599755 564521 14 12 10 12 -1 -1 2222220200000000020000000000220000000000000000000000000000000000000000000000000000000000000100000000001010000001101011110 2
2 0 599755 552774 4 14 6 12 -1 -1 2222220200000000020000000000220000000000000000000000000000000000000000000000000010000000000100000000001010000001101001110 2
1 0 599753 552774 13 11 9 11 -1 -1 2222220200000000000000000000220000000000200000000000000000000000000000000000000010000000000100000000001010000001101001110 2
2 0 599753 541359 2 10 6 14 -1 -1 2222220200000000000000000000220000000000200000000000000000000000000001000000000010000000000100000000001010000001001001110 2
1 0 599445 541359 12 12 8 12 -1 -1 2220220200000000000000000000220000000000220000000000000000000000000001000000000010000000000100000000001010000001001001110 2
2 0 599445 530041 2 14 6 10 -1 -1 2220220200000000000000000000220000000000220000000000000000001000000001000000000010000000000100000000001000000001001001110 2
1 0 592272 530041 11 11 5 9 -1 -1 2220200200000000000000000000220000000002220000000000000000001000000001000000000010000000000100000000001000000001001001110 2
2 0 592272 518974 5 13 11 11 -1 -1 2220200200000000000000000001220000000002220000000000000000001000000001000000000010000000000000000000001000000001001001110 2
1 0 590216 518974 9 11 5 15 -1 -1 2220200200000000000000000001200000000002220000000000000000001000000001000000000010000000000200000000001000000001001001110 2
2 0 590216 508271 0 12 4 12 -1 -1 2220200200000000000000000001201000000002220000000000000000001000000000000000000010000000000200000000001000000001001001110 2
1 0 587390 508271 13 9 11 7 -1 -1 0220200200000000200000000001201000000002220000000000000000001000000000000000000010000000000200000000001000000001001001110 2
2 0 587390 497709 3 11 9 13 -1 -1 0220200200000000200000000001201000000002220000000000000000001000000000000000000010000000010200000000001000000000001001110 2
1 0 585037 497709 5 9 3 11 -1 -1 0220200000000000200000000001201000000002220000000000000000001000000000200000000010000000010200000000001000000000001001110 2
2 0 585037 487208 1 13 2 14 -1 -1 0220200100000000200000000000201000000002220000000000000000001000000000200000000010000000010200000000001000000000001001110 2
1 0 580789 487208 10 12 8 14 -1 -1 0200220100000000200000000000201000000002220000000000000000001000000000200000000010000000010200000000001000000000001001110 2
2 0 580789 477151 11 11 12 12 -1 -1 0200220100000000200000000000201000000002220000000000000000001100000000200000000000000000010200000000001000000000001001110 2
1 0 576041 477151 12 8 10 6 -1 -1 0200220100000000200000000000201000000002220000000000000000001100000000200000000000000000010000000000001020000000001001110 2
2 0 576041 467176 5 11 9 11 -1 -1 0200220100000000200000000000201000000002220000000000000000001100000000200000010000000000010000000000000020000000001001110 2
1 0 572360 467176 5 15 3 9 -1 -1 0200220100000000200000000000001000000002220000000000000000001100000002200000010000000000010000000000000020000000001001110 2
2 0 572360 457385 9 11 10 12 -1 -1 0200221100000000200000000000000000000002220000000000000000001100000002200000010000000000010000000000000020000000001001110 2
1 0 568172 457385 11 7 9 5 -1 -1 0200221100000000200000000000000000000002220000000000000000001100000000200000010020000000010000000000000020000000001001110 2
2 0 568172 447956 1 11 11 13 -1 -1 0200221100000000200000000000000000000002220000000000000000001100001000200000010020000000000000000000000020000000001001110 2
1 0 563596 447956 10 6 8 4 -1 -1 0000221100000000200000000000000000000002220000000000000000001100001000200000010020000000000020000000000020000000001001110 2
2 0 563596 438967 2 12 3 13 -1 -1 0000221100000000200000000000000000000002220000000000000010001100001000200000000020000000000020000000000020000000001001110 2
1 0 558377 438967 9 5 7 3 -1 -1 0000021120000000200000000000000000000002220000000000000010001100001000200000000020000000000020000000000020000000001001110 2
2 0 558377 430403 3 13 9 11 -1 -1 0000021120000000200000000000000000000002220000100000000010001100000000200000000020000000000020000000000020000000001001110 2
1 0 553730 430403 8 4 6 2 -1 -1 0000021100000000200000000000000000000002220000100000000010001100000002200000000020000000000020000000000020000000001001110 2
2 0 553730 421911 4 12 4 14 -1 -1 0000021100000000200000000000000000010002220000100000000000001100000002200000000020000000000020000000000020000000001001110 2
1 0 549638 421911 7 3 5 1 -1 -1 0000021100000000020000000000000000010002220000100000000000001100000002200000000020000000000020000000000020000000001001110 2
2 0 549638 413793 9 13 13 13 -1 -1 0000021100000000020000010000000000010002220000000000000000001100000002200000000020000000000020000000000020000000001001110 2
1 0 543521 413793 6 2 4 0 -1 -1 0000021100000000020000010000000000010002220000000000000000001100000002000000000020000000000020000000000020000000021001110 2
2 0 543521 406143 2 14 3 13 -1 -1 0000021100100000020000010000000000000002220000000000000000001100000002000000000020000000000020000000000020000000021001110 2
1 0 537827 406143 14 14 12 16 -1 -1 0000001120100000020000010000000000000002220000000000000000001100000002000000000020000000000020000000000020000000021001110 2
2 0 537827 398849 10 12 14 12 -1 -1 0000001120100000020000010000000000000002220000000000000000001100000002000000000020000000000020000000000020100000021000110 2
1 0 531029 398849 15 13 13 11 -1 -1 0000001120100000020000010000000000000002220000000000000000001100000002000000000000000000000020000000000020100000021020110 2
2 0 531029 391656 3 13 7 9 -1 -1 0000001120100000020000010000000000000002220000000000000000001100000002000000000000000000000020000000000020100000121020100 2
1 0 527264 391656 8 14 6 8 -1 -1 0000001100100000020000010000000000000002220000000200000000001100000002000000000000000000000020000000000020100000121020100 2
2 0 527264 384726 7 9 8 10 -1 -1 0000001100100000020000010000000000000012220000000200000000001000000002000000000000000000000020000000000020100000121020100 2
1 0 521691 384726 13 15 11 17 -1 -1 0000001100100000020000010000000000000012220000000000000000021000000002000000000000000000000020000000000020100000121020100 2
2 0 521691 378193 8 10 12 10 -1 -1 0000001100100000020000010000000000000012220000000000000000021000000002000000000000000000000020100000000020100000120020100 2
1 0 513813 378193 11 17 10 16 -1 -1 0000001100100000020000010000000000000012220000000000000000001000000002000000000000000000000020100000000220100000120020100 2
2 0 513813 372027 4 14 5 13 -1 -1 0000001100100000020000010000000000000012220000000000000000001000000002000000000000100000000020000000000220100000120020100 2
1 0 506191 372027 13 11 9 15 -1 -1 0000001100100000000000010000020000000012220000000000000000001000000002000000000000100000000020000000000220100000120020100 2
2 0 506191 366040 5 13 13 9 -1 -1 0000001100100000000000010000020000000012220000000000000000001000000002010000000000100000000020000000000220100000020020100 2
1 0 498608 366040 6 8 5 9 -1 -1 0000001100100000000000010000000000000012220000000000000000001000000002010000000000100000000020000000000220100002020020100 2
2 0 498608 360427 12 12 14 10 -1 -1 0000001100100000000000010001000000000002220000000000000000001000000002010000000000100000000020000000000220100002020020100 2
1 0 487914 360427 15 11 15 13 -1 -1 0000001100100000000000010001000000000002220000000000000000001000000002010000000000100000000020000000000200100002020220100 2
2 0 487914 355043 14 12 14 14 -1 -1 0000001100100000000000010001000000000002220000000000000000001000000002010000000000100000000020000000000200100002020220010 2
1 0 479208 355043 9 15 8 16 -1 -1 0000001100100000000000010001000000000002220000000000000000001000000002010000000000100000000020000000000200100002020202010 2
2 0 479208 349650 13 13 13 15 -1 -1 0000001100100000000000010001000000000002220000000000000000001010000002000000000000100000000020000000000200100002020202010 2
1 0 473273 349650 12 16 11 15 -1 -1 0000001100100000000000010001000000000002220000000000000000001010000002000000000000100000000020000000000200100002002202010 2
2 0 473273 344565 14 10 15 11 -1 -1 0000001100100000000000010001000000000002220000000000000000001010000002000000000000100000000021000000000200000002002202010 2
1 0 467108 344565 11 15 5 13 -1 -1 0000001100100000000000010001000000000002220000000000000000001010000002000000000000100000000021000000000200000002002002210 2
2 0 467108 339703 6 14 7 13 -1 -1 0000001100100000000000010001010000000002220000000000000000001010000002000000000000100000000020000000000200000002002002210 2
1 0 457773 339703 8 12 2 10 -1 -1 0000001100100000000000010001010000000002200000000002000000001010000002000000000000100000000020000000000200000002002002210 2
2 0 457773 335077 9 11 9 13 -1 -1 0001001100100000000000010001010000000002200000000002000000000010000002000000000000100000000020000000000200000002002002210 2
1 0 454087 335077 5 1 4 2 -1 -1 0001001100100000000000010001010000000002200000000002000000000010000000200000000000100000000020000000000200000002002002210 2
2 0 454087 328440 6 10 16 12 -1 -1 0001001100110000000000000001010000000002200000000002000000000010000000200000000000100000000020000000000200000002002002210 2
1 0 450667 328440 5 9 4 10 -1 -1 0001001100110000000000000001010000000000200000000002000000000010000000200000000000100000000020000000000200000002002002212 2
2 0 450667 324612 6 12 12 14 -1 -1 0001001100110001000000000000010000000000200000000002000000000010000000200000000000100000000020000000000200000002002002212 2
1 0 446533 324612 4 10 2 12 -1 -1 0001001100110001000000000000010000000000000000000002000000000010000000200000000000100000000020000000000202000002002002212 2
2 0 446533 321302 7 13 8 14 -1 -1 0001101100110000000000000000010000000000000000000002000000000010000000200000000000100000000020000000000202000002002002212 2
1 0 442913 321302 10 16 9 17 -1 -1 0001101100110000000000000000010000000000000000000000000000000210000000200000000000100000000020000000000202000002002002212 2
2 0 442913 318398 12 10 13 11 -1 -1 0001101100110000000000000000010000000000000000000000000000000210000000201000000000000000000020000000000202000002002002212 2
1 0 441083 318398 9 17 7 15 -1 -1 0001101100110000000000000000010000000000000000000000000000000210000000201000000000000000000020000000000002000002202002212 2
2 0 441083 315811 11 13 12 12 -1 -1 0001101100110000000000000000010000000000000000000000100000000210000000200000000000000000000020000000000002000002202002212 2
1 0 439841 315811 5 13 4 14 -1 -1 0001101100110000000000000000010000000000000000000000100000000210000000200000000000000000000000000000000022000002202002212 2
2 0 439841 313448 8 14 10 12 -1 -1 0001101100110000010000000000000000000000000000000000100000000210000000200000000000000000000000000000000022000002202002212 2
1 0 437415 313448 8 16 6 14 -1 -1 0001101100110000010000000000000000000000000000000000100000000010000000200000000020000000000000000000000022000002202002212 2
2 0 437415 311526 9 13 11 11 -1 -1 0001101100110000010000000000000000000000010000000000100000000000000000200000000020000000000000000000000022000002202002212 2
1 0 434674 311526 15 13 14 12 -1 -1 0001101100110000010000000000000000000000010000000000100000000000000000000000000020000000000200000000000022000002202002212 2
2 0 434674 309112 13 11 15 13 -1 -1 0001101100110000010000000000000000000000010000000000100000000000000000000000000020000000000200000000000022000002202012202 2
1 0 432555 309112 7 15 3 15 -1 -1 0001101100110000010000000000000000000000010000000000100000000000000000000000000020000000000200000000000022000002002012222 2
2 0 432555 307292 10 12 12 10 -1 -1 0001101101110000010000000000000000000000010000000000000000000000000000000000000020000000000200000000000022000002002012222 2
1 0 431127 307292 6 14 5 15 -1 -1 0001101101110000010000000000000000000000010000000000000000000000000000000000000000000000000200000000000222000002002012222 2
2 0 431127 305840 11 11 13 13 -1 -1 0001101101110000010000000000001000000000000000000000000000000000000000000000000000000000000200000000000222000002002012222 2
1 0 430389 305840 5 15 1 11 -1 -1 0001101101110000010000000000001000000000000000000000000000000000000000000000000000000000000000000000000222000002022012222 2
2 0 430389 304602 12 10 13 11 -1 -1 0101101101110000010000000000000000000000000000000000000000000000000000000000000000000000000000000000000222000002022012222 2
1 0 430017 304602 4 14 3 13 -1 -1 0101101101110000010000000000000000000000000000000000000000000000000000000000000000000000000000000000000022000002222012222 2
2 0 430017 304359 12 12 14 10 -1 -1 0101101111110000000000000000000000000000000000000000000000000000000000000000000000000000000000000000000022000002222012222 2
