1322294647000
kingfish
benny
1 0 599813 600000 14 10 12 12 -1 -1 2222222222000000000000000000000000000000000000000000000000000000000000000000000000000000000000000000000000000001111111111 1
2 0 599813 599997 2 10 4 8 8 8 2222222222000000000000000000000000000000000000000000000000000000000000000000000000000000000000000000000010000001111011111 1
1 0 599812 599997 16 12 12 8 -1 -1 2220222222000020000000000000000000000000000000000000000000300000000000000000000000000000000000000000000010000001111011111 1
2 0 599812 599996 0 12 4 12 -1 -1 2220222222000020000000000000000000000000000000000000000000300000000000000000000000000000000000000000001010000001111011110 1
1 0 599811 599996 13 13 11 11 -1 -1 0220222222000020200000000000000000000000000000000000000000300000000000000000000000000000000000000000001010000001111011110 1
2 0 599811 599995 3 11 5 13 -1 -1 0220222222000020200000000000000000000000000000000000000000300000000000000000000000000000000100000000001010000001101011110 1
1 0 599810 599995 14 12 10 12 -1 -1 0220222022000020200000000000020000000000000000000000000000300000000000000000000000000000000100000000001010000001101011110 1
2 0 599810 599994 2 12 6 12 -1 -1 0220222022000020200000000000020000000000000000000000000000300000000000000000000010000000000100000000001010000001101001110 1
1 0 599809 599994 13 11 9 11 -1 -1 0220022022000020200000000000020000000000200000000000000000300000000000000000000010000000000100000000001010000001101001110 1
2 0 599809 599993 3 13 7 13 -1 -1 0220022022000020200000000000020000000000200000000000000000300000000001000000000010000000000100000000001010000001001001110 1
1 0 593763 599993 12 12 6 14 -1 -1 0220022002000020200000000000020000000000200000000002000000300000000001000000000010000000000100000000001010000001001001110 1
2 0 593763 599992 6 12 8 14 -1 -1 0220022002000020200000000000020000000000210000000002000000300000000001000000000010000000000100000000001000000001001001110 1
1 0 588859 599992 13 15 13 13 -1 -1 0220022002000020200000000000020000000000010000000002000000300200000001000000000010000000000100000000001000000001001001110 1
2 0 588859 599991 5 13 9 13 10 10 0220022002000020200000000000020000000000010000000002000000300200000001000000000010000000000100000000001000000001010001110 1
1 0 583869 599991 10 12 8 10 -1 -1 0220022002000020200000000000000000000000010000000002000000300200000001200000000310000000000100000000001000000001010001110 1
2 0 583869 599990 8 14 12 10 -1 -1 0220022002000020200000000000000000000000010000000002000000310200000001200000000300000000000100000000001000000001010001110 1
1 0 578458 599990 11 11 3 11 -1 -1 0220022002000020200000000000000000000000010000000002000000310000000001200000000300000000000100000000001200000001010001110 1
2 0 578458 599989 9 13 11 11 -1 -1 0220022102000020200000000000000000000000010000000002000000310000000001200000000300000000000000000000001200000001010001110 1
1 0 571322 599989 15 13 11 13 -1 -1 0220022102000020200000000000000000000000010000000002000000310000000001000000000300000000000200000000001200000001010001110 1
2 0 571322 599988 12 10 14 12 -1 -1 0220022102000020200000000000000000000000010000000002000000310000000001000000000300000000000210000000001200000001010001100 1
1 0 564499 599988 14 14 10 14 -1 -1 0220022102000020200000000000000000000000010000000002000000310000000001000000000300000000000210000000001000000001010021100 1
2 0 564499 599987 3 9 5 7 -1 -1 0220022102000020200000000000000000000000010000000002000000310000000001000000000301000000000210000000001000000001010020100 1
1 0 554023 599987 13 13 12 14 -1 -1 0220020102000020200000000020000000000000010000000002000000310000000001000000000301000000000210000000001000000001010020100 1
2 0 554023 599985 11 11 13 13 -1 -1 0220020102000020200000000020000000000000010000000002000000310000000001000000000301000000000210000000001001000001000020100 1
1 0 540956 599985 12 14 10 8 -1 -1 0220020102000020200000000020000000000000010000000002000000310000000001000000000301000000000010000000001001000001020020100 1
2 0 540956 599984 4 8 6 6 -1 -1 0220020102000020200000000020000000000000010000000002000000310000000001000000001301000000000010000000001000000001020020100 1
1 0 528101 599984 11 13 9 15 -1 -1 0220020102000000200000000020000000000200010000000002000000310000000001000000001301000000000010000000001000000001020020100 1
2 0 528101 599983 5 7 7 5 -1 -1 0220020102000000200000000020000000000200010000000002000000310000000001010000001301000000000000000000001000000001020020100 1
1 0 512285 599983 10 14 9 13 -1 -1 0220020102000000200000000000000000000200010000020002000000310000000001010000001301000000000000000000001000000001020020100 1
2 0 512285 599982 6 6 8 4 -1 -1 0220020102000000200000000000000000000200010000020002000000310000000001110000001300000000000000000000001000000001020020100 1
1 0 500014 599982 13 9 7 15 -1 -1 0220020102000000200000000000000000000000010000020002000020310000000001110000001300000000000000000000001000000001020020100 1
2 0 500014 599981 2 14 4 16 -1 -1 0220020102000000200000000000000000000000010000020002100020310000000001110000001300000000000000000000001000000000020020100 1
1 0 491107 599981 7 15 5 13 -1 -1 0220000102000000202000000000000000000000010000020002100020310000000001110000001300000000000000000000001000000000020020100 1
2 0 491107 599980 3 15 5 17 -1 -1 0220000102000000202000000000010000000000010000020002000020310000000001110000001300000000000000000000001000000000020020100 1
1 0 482588 599980 10 8 2 12 -1 -1 0220000100000000202000000000010200000000010000020002000020310000000001110000001300000000000000000000001000000000020020100 1
2 0 482588 599979 1 11 5 15 -1 -1 0220100100000000202000000000010200000000010000020002000020310000000001110000000300000000000000000000001000000000020020100 1
1 0 475014 599979 8 10 4 14 -1 -1 0020100100000000202000000000012200000000010000020002000020310000000001110000000300000000000000000000001000000000020020100 1
2 0 475014 599979 4 16 6 18 -1 -1 0020100100000000212000000000012200000000010000020002000020300000000001110000000300000000000000000000001000000000020020100 1
1 0 468345 599979 9 15 8 14 -1 -1 0020100100000000210000000000012200000000010200020002000020300000000001110000000300000000000000000000001000000000020020100 1
2 0 468345 599978 7 13 9 15 -1 -1 0020100100000000210000000000012200000000010200020002000020300100000001100000000300000000000000000000001000000000020020100 1
1 0 461537 599978 5 13 3 15 -1 -1 0020100100000000210000000000012200000000010200020000000020300100000001120000000300000000000000000000001000000000020020100 1
2 0 461537 599977 5 17 7 19 -1 -1 0020100101000000210000000000002200000000010200020000000020300100000001120000000300000000000000000000001000000000020020100 1
1 0 454145 599977 9 13 5 13 -1 -1 0020100101000000210000000000002000000000010200020000002020300100000001120000000300000000000000000000001000000000020020100 1
2 0 454145 599966 6 18 8 20 -1 -1 0020100101000000210000000000012000000000010200020000002020300100000001020000000300000000000000000000001000000000020020100 1
1 0 450089 599966 6 14 0 12 -1 -1 0020100101000000210000000000012000000000010000020000002020300100200001020000000300000000000000000000001000000000020020100 1
2 0 450089 599965 4 12 6 14 -1 -1 1020100101000000210000000000012000000000000000020000002020300100200001020000000300000000000000000000001000000000020020100 1
1 0 446348 599965 4 14 3 13 -1 -1 1020100101000000010000000000012000000000020000020000002020300100200001020000000300000000000000000000001000000000020020100 1
2 0 446348 599964 5 15 7 13 -1 -1 1020100111000000000000000000012000000000020000020000002020300100200001020000000300000000000000000000001000000000020020100 1
1 0 443045 599964 8 14 4 14 -1 -1 1020100111000000000000000000010000000000020000020002002020300100200001020000000300000000000000000000001000000000020020100 1
2 0 443045 599963 6 14 8 12 -1 -1 1020100111000000010000000000010000000000020000020002002020300000200001020000000300000000000000000000001000000000020020100 1
1 0 438639 599963 5 13 4 12 -1 -1 1020100111000000010000000000010000000000000000020002002020302000200001020000000300000000000000000000001000000000020020100 1
2 0 438639 599962 14 12 15 13 -1 -1 1020100111000000110000000000000000000000000000020002002020302000200001020000000300000000000000000000001000000000020020100 1
1 0 436173 599962 4 12 2 14 -1 -1 1020100111000000110000000000000000000000000000020002002020302000200001020000000300000000000000000000001000000000020000120 1
2 0 436173 599961 15 13 16 12 -1 -1 1020110111000000010000000000000000000000000000020002002020302000200001020000000300000000000000000000001000000000020000120 1
1 0 433480 599961 12 8 11 9 -1 -1 1020110111000000010000000000000000000000000000020002002020302000200001020000000300000000000000000000001000000000020000102 1
2 0 433480 599960 13 13 14 12 -1 -1 1020110111000000010000000000000000000000000000020002002020302000200001020000000300000000001000000000000000000000020000102 1
1 0 431136 599960 11 9 10 8 -1 -1 1020110111000000010000000000000000000000000000020002002020302000200001020000000300000000001000000000000000000000000020102 1
2 0 431136 599959 14 12 15 13 -1 -1 1020110111000000010000000000000000000000000000020002002020302000200001020000001300000000000000000000000000000000000020102 1
1 0 428948 599959 10 8 6 12 -1 -1 1020110111000000010000000000000000000000000000020002002020302000200001020000001300000000000000000000000000000000000000122 1
2 0 428948 599958 9 15 10 14 -1 -1 1020110111000000010000000000000000000000100000020002002020302000200001020000000300000000000000000000000000000000000000122 1
1 0 427073 599958 6 12 5 11 -1 -1 1020110111000000010000000000000000000000100000020002002020302000200001000000000302000000000000000000000000000000000000122 1
2 0 427073 599958 10 14 11 13 -1 -1 1020110111000000010000000000100000000000000000020002002020302000200001000000000302000000000000000000000000000000000000122 1
1 0 425259 599958 5 11 4 12 -1 -1 1020110111000000010000000000100000000000000000020002002020302000200001000000000300000000000020000000000000000000000000122 1
2 0 425259 599957 11 13 12 12 -1 -1 1020110111000000110000000000000000000000000000020002002020302000200001000000000300000000000020000000000000000000000000122 1
1 0 423803 599957 4 12 2 10 -1 -1 1020110111000000110000000000000000000000000000020002002020302000200001000000000300000000000000000000000020000000000000122 1
2 0 423803 599956 12 12 13 13 -1 -1 1021110111000000010000000000000000000000000000020002002020302000200001000000000300000000000000000000000020000000000000122 1
1 0 422298 599956 15 11 14 12 -1 -1 1021110111000000010000000000000000000000000000020002002020302000200001000000000300000000000000000000000000000000020000122 1
2 0 422298 599955 13 13 15 11 -1 -1 1021110111000000010000000000000000000000000000020002002020302000200001000000000300000000000000000000000000000000020010022 1
1 0 421045 599955 14 12 13 13 -1 -1 1021110111000000010000000000000000000000000000020002002020302000200001000000000300000000000000000000000000000000000010222 1
2 0 421045 599954 8 20 9 19 -1 -1 1021110111000000010000000000000000000000000000020002002020302000200001000000000300000000000000000000000000000000010000222 1
1 0 419638 599954 13 13 12 12 -1 -1 1021110111000000010000000000000000000000000000020002002020302000000001000200000300000000000000000000000000000000010000222 1
2 0 419638 599953 9 19 10 18 -1 -1 1021110111000000010000000000000000000000000000020002002020302000000001000200000300000000000000000000000010000000000000222 1
1 0 417992 599953 12 12 11 11 -1 -1 1021110111000000010000000000000000000000000000020002002020302000000001000000000300020000000000000000000010000000000000222 1
2 0 417992 599952 10 18 11 17 -1 -1 1021110111000000010000000000000000000000000000020002002020302000000001000000000300020000000100000000000000000000000000222 1
1 0 416576 599952 3 13 1 11 -1 -1 1021110111000000010000000000000000000000000000020002002020302000000001000000000300000000000100200000000000000000000000222 1
2 0 416576 599951 11 17 12 16 -1 -1 1121110101000000010000000000000000000000000000020002002020302000000001000000000300000000000100200000000000000000000000222 1
1 0 415255 599951 4 14 3 13 -1 -1 1121110101000000010000000000000000000000000000020002002020302000000001000000000300000000000100000000000000200000000000222 1
2 0 415255 599951 12 16 13 15 -1 -1 1121110111000000000000000000000000000000000000020002002020302000000001000000000300000000000100000000000000200000000000222 1
1 0 414447 599951 11 11 7 11 -1 -1 1121110111000000000000000000000000000000000000020002002020302000000001000000000300000000000100000000000000000000002000222 1
2 0 414447 599951 7 13 9 7 -1 -1 1121110111000000000000000000000000000000000000020012002020302000000001000000000300000000000000000000000000000000002000222 1
1 0 413320 599951 9 11 7 13 -1 -1 1121110111000000000000000000000000000000000000020010002020302000000201000000000300000000000000000000000000000000002000222 1
2 0 413320 599951 13 15 14 14 -1 -1 1121110111000000000000000000000000000000000000020011002020302000000200000000000300000000000000000000000000000000002000222 1
1 0 412432 599951 7 11 6 12 -1 -1 1121110111000000000000000000000000000000000000020011002020302000000200000000000300000000000000000000000000000000000002222 1
2 0 412432 599950 9 7 10 6 -1 -1 1121110111000000000000000000000000000000100000020001002020302000000200000000000300000000000000000000000000000000000002222 1
1 0 411546 599950 7 13 5 11 -1 -1 1121110111000000000000000000000000000000100000020001002020302000000000000000020300000000000000000000000000000000000002222 1
2 0 411546 599949 10 6 11 7 -1 -1 1121110111000000000000000000100000000000100000020000002020302000000000000000020300000000000000000000000000000000000002222 1
1 0 410946 599949 6 12 4 10 -1 -1 1121110111000000000000000000100000000000100000020000002020302000000000000000000300000000020000000000000000000000000002222 1
2 0 410946 599949 11 7 12 8 -1 -1 1121110111000001000000000000100000000000000000020000002020302000000000000000000300000000020000000000000000000000000002222 1
1 0 410455 599949 5 11 3 9 -1 -1 1121110111000001000000000000100000000000000000020000002020302000000000000000000300000000000000000000002000000000000002222 1
