1322291303000
kingfish
droptable
1 0 599816 600000 14 10 12 12 -1 -1 2222222222000000000000000000000000000000000000000000000000000000000000000000000000000000000000000000000000000001111111111 1
2 0 599816 589061 3 13 4 12 -1 -1 2222222222000000000000000000000000000000000000000000000000000000000000000000000000000000000000000000000010000001111011111 1
1 0 599814 589061 16 12 12 8 -1 -1 2222222202000000200000000000000000000000000000000000000000000000000000000000000000000000000000000000000010000001111011111 1
2 0 599814 582802 2 14 3 13 -1 -1 2222222202000000200000000000000000000000000000000000000000000000000000000000000000000000000000000000001010000001111011110 1
1 0 599807 582802 13 13 11 11 -1 -1 2222202222000000200000000000000000000000000000000000000000000000000000000000000000000000000000000000001010000001111011110 1
2 0 599807 571916 3 13 4 14 -1 -1 2222202222000000200000000000000000000000000000000000000000000000000000000000000000000000000100000000001010000001101011110 1
1 0 599806 571916 14 12 10 12 -1 -1 2222202202000000220000000000000000000000000000000000000000000000000000000000000000000000000100000000001010000001101011110 1
2 0 599806 563924 4 12 5 13 -1 -1 2222202202000000220000000000000000000000000000000000000000000000000000000000000010000000000100000000001010000001101001110 1
1 0 599805 563924 13 11 9 11 -1 -1 2222202202000000020000000000020000000000000000000000000000000000000000000000000010000000000100000000001010000001101001110 1
2 0 599805 552465 3 11 4 12 -1 -1 2222202202000000020000000000020000000000000000000000000000000000000001000000000010000000000100000000001010000001001001110 1
1 0 599625 552465 12 12 8 12 -1 -1 2222202002000000220000000000020000000000000000000000000000000000000001000000000010000000000100000000001010000001001001110 1
2 0 599625 538603 0 12 2 14 -1 -1 2222202002000000220000000000020000000000000000000000000000001000000001000000000010000000000100000000001000000001001001110 1
1 0 599624 538603 11 11 7 11 -1 -1 0222222002000000220000000000020000000000000000000000000000001000000001000000000010000000000100000000001000000001001001110 1
2 0 599624 522763 4 14 5 15 -1 -1 0222222002000000220000000000020000000000000000000010000000001000000001000000000010000000000000000000001000000001001001110 1
1 0 596306 522763 10 12 4 14 -1 -1 0222222002000000200000000000022000000000000000000010000000001000000001000000000010000000000000000000001000000001001001110 1
2 0 596306 517089 1 11 5 11 -1 -1 0222222002000000210000000000022000000000000000000010000000001000000001000000000000000000000000000000001000000001001001110 1
1 0 593997 517089 9 11 7 13 -1 -1 0022222002000000210000000000222000000000000000000010000000001000000001000000000000000000000000000000001000000001001001110 1
2 0 593997 511619 2 14 4 16 -1 -1 0022222002000000210000000000222000000000000000000011000000001000000000000000000000000000000000000000001000000001001001110 1
1 0 590470 511619 12 8 11 9 -1 -1 0022202002000000212000000000222000000000000000000011000000001000000000000000000000000000000000000000001000000001001001110 1
2 0 590470 507555 2 10 3 11 -1 -1 0022202002000000212000000000222000000000000000000011000000001000000000000000000000000000001000000000000000000001001001110 1
1 0 588613 507555 4 14 4 10 -1 -1 0020202202000000212000000000222000000000000000000011000000001000000000000000000000000000001000000000000000000001001001110 1
2 0 588613 499394 5 11 6 10 -1 -1 0020202202000001202000000000222000000000000000000011000000001000000000000000000000000000001000000000000000000001001001110 1
1 0 584981 499394 7 13 5 11 -1 -1 0020202202000001202000000000022000000002000000000011000000001000000000000000000000000000001000000000000000000001001001110 1
2 0 584981 496644 5 13 6 12 -1 -1 0020202202000001202000000000122000000002000000000010000000001000000000000000000000000000001000000000000000000001001001110 1
1 0 580917 496644 14 14 10 10 -1 -1 0020202202000001202000000000102000000002200000000010000000001000000000000000000000000000001000000000000000000001001001110 1
2 0 580917 489329 3 15 5 17 -1 -1 0020202202000001202000000000102000000002200000000010000000001000000000000000000100000000001000000000000000000001001000110 1
1 0 577113 489329 11 9 7 13 -1 -1 0020202200000001202000000000102200000002200000000010000000001000000000000000000100000000001000000000000000000001001000110 1
2 0 577113 478010 3 11 5 9 -1 -1 0020202200000001202000000000102200000002200000000011000000001000000000000000000100000000000000000000000000000001001000110 1
1 0 573903 478010 13 9 12 10 -1 -1 0020202000000001202000000002102200000002200000000011000000001000000000000000000100000000000000000000000000000001001000110 1
2 0 573903 473072 1 13 5 13 -1 -1 0020202000000001202000000002102200000002200000000011000000001000000000000000000100000000000000000000000100000000001000110 1
1 0 570269 473072 15 11 14 12 -1 -1 0000202000000001202000000002122200000002200000000011000000001000000000000000000100000000000000000000000100000000001000110 1
2 0 570269 469112 6 12 8 10 -1 -1 0000202000000001202000000002122200000002200000000011000000001000000000000000000100000000000000000000000100000000001010010 1
1 0 564012 469112 15 13 7 9 -1 -1 0000202000000001202000000002122200000002000000000011000000021000000000000000000100000000000000000000000100000000001010010 1
2 0 564012 443710 4 16 6 18 -1 -1 0000202000000001202000000002122200000002000000000111000000021000000000000000000100000000000000000000000100000000001010000 1
1 0 558530 443710 5 11 1 11 -1 -1 0000202000000001200000000002122200000002000200000111000000021000000000000000000100000000000000000000000100000000001010000 1
2 0 558530 438629 3 9 5 11 -1 -1 0100202000000001200000000002022200000002000200000111000000021000000000000000000100000000000000000000000100000000001010000 1
1 0 552802 438629 14 12 13 13 -1 -1 0100200000000001200000000002222200000002000200000111000000021000000000000000000100000000000000000000000100000000001010000 1
2 0 552802 419892 6 18 7 17 -1 -1 0100200000000001200000000002222200000002000200000111000000021000000000000000000100000000000000000000000100000000011000000 1
1 0 547079 419892 8 12 4 16 -1 -1 0100200000000001200000000002222200000002000000000111020000021000000000000000000100000000000000000000000100000000011000000 1
2 0 547079 378904 8 10 9 11 -1 -1 0100200000000001201000000002222200000002000000000111020000020000000000000000000100000000000000000000000100000000011000000 1
1 0 542595 378904 10 10 8 12 -1 -1 0100200000000001201000000002222200000002000000000111020000000000000002000000000100000000000000000000000100000000011000000 1
2 0 542595 341791 5 17 6 16 -1 -1 0100200000000001201000000002222200000002000000000111020000001000000002000000000000000000000000000000000100000000011000000 1
1 0 537179 341791 7 11 3 15 -1 -1 0100200000000001201000000002222000000002002000000111020000001000000002000000000000000000000000000000000100000000011000000 1
2 0 537179 320059 4 12 8 16 -1 -1 0100200001000001201000000002222000000002002000000101020000001000000002000000000000000000000000000000000100000000011000000 1
1 0 531135 320059 4 16 0 12 -1 -1 0100200001000001001000000002222000000002002000000101020000001020000002000000000000000000000000000000000100000000011000000 1
2 0 531135 288060 5 9 9 13 -1 -1 1100200001000001000000000002222000000002002000000101020000001020000002000000000000000000000000000000000100000000011000000 1
1 0 523678 288060 8 12 2 14 -1 -1 1100200001000001000000000000222000000002002000000101020000001020000002200000000000000000000000000000000100000000011000000 1
2 0 523678 273552 6 16 10 12 -1 -1 1100210001000001000000000000222000000002002000000101020000000020000002200000000000000000000000000000000100000000011000000 1
1 0 514906 273552 7 13 6 12 -1 -1 1100210001000001000000000000222000000002000000000101020000000020000002200000000020000000000000000000000100000000011000000 1
2 0 514906 246302 7 17 9 15 -1 -1 1100210001000001000000000000222000000002100000000100020000000020000002200000000020000000000000000000000100000000011000000 1
1 0 509301 246302 4 10 3 11 -1 -1 1100210001000001000000000000222000000002100000000100000000000020000002220000000020000000000000000000000100000000011000000 1
2 0 509301 239406 5 11 7 13 -1 -1 1100210101000000000000000000222000000002100000000100000000000020000002220000000020000000000000000000000100000000011000000 1
1 0 503682 239406 7 9 5 11 -1 -1 1100210101000000000000000000022000000002100000000102000000000020000002220000000020000000000000000000000100000000011000000 1
2 0 503682 230404 6 10 10 14 -1 -1 1100210101000000000000000000122000000002100000000002000000000020000002220000000020000000000000000000000100000000011000000 1
1 0 498201 230404 13 15 11 9 -1 -1 1100210101000000000000000000122000000000100000000002000000000020000002220000000022000000000000000000000100000000011000000 1
2 0 498201 226700 5 13 7 15 -1 -1 1100210101000000000000000000122000000000100000000002000000000020000002220000000022000000001000000000000100000000010000000 1
1 0 490650 226700 6 12 4 14 -1 -1 1100210101000000000000000000102000000000100000000002200000000020000002220000000022000000001000000000000100000000010000000 1
2 0 490650 221591 9 13 11 11 -1 -1 1100210101000000010000000000102000000000000000000002200000000020000002220000000022000000001000000000000100000000010000000 1
1 0 481174 221591 4 14 3 13 -1 -1 1100210101000000010000000000102000000000000000000002200000000020000002020000000022000000001200000000000100000000010000000 1
2 0 481174 220243 8 16 12 12 -1 -1 1100210111000000000000000000102000000000000000000002200000000020000002020000000022000000001200000000000100000000010000000 1
1 0 474021 220243 13 13 13 11 -1 -1 1100210111000000000000000000102000000000000000000002200000000000000002020000000022000000001200000000000120000000010000000 1
2 0 474021 217207 2 12 8 14 -1 -1 1100210111000000000000000000102000000000000000000002200000000000000002020000000022000000001200000000000120000000100000000 1
1 0 468055 217207 11 9 10 10 -1 -1 1100010111000000000000000000102000000000000000000002200000000200000002020000000022000000001200000000000120000000100000000 1
2 0 468055 214653 5 15 6 16 -1 -1 1100010111000000000000000000102000000000000000000002200000000200000002020000000122000000000200000000000120000000100000000 1
1 0 461724 214653 10 10 6 14 -1 -1 1100010111000000000000000000100000000000002000000002200000000200000002020000000122000000000200000000000120000000100000000 1
2 0 461724 207873 9 15 11 9 -1 -1 1100010111000000000000000000100000000000012000000002200000000200000002020000000022000000000200000000000120000000100000000 1
1 0 456416 207873 13 11 9 15 -1 -1 1100010111000000000000000000100000000000012000000002200000000200000002000000000022000000002200000000000120000000100000000 1
2 0 456416 190032 7 15 9 13 -1 -1 1100010111000000000000000000100000000000012000000002200000000200000002010000000022000000002200000000000120000000000000000 1
1 0 452848 190032 6 14 6 12 -1 -1 1100010111000000000000000000100000000000012000000002000000000200000002210000000022000000002200000000000120000000000000000 1
2 0 452848 176163 11 9 13 11 -1 -1 1100010111000000000000000000100000000000102000000002000000000200000002210000000022000000002200000000000120000000000000000 1
1 0 449133 176163 6 12 2 12 -1 -1 1100010111000000000000000000100000000000102000000002000000000200000002210000000022000000000200000000000120000000200000000 1
2 0 449133 165465 13 11 14 12 -1 -1 1100110111000000000000000000100000000000002000000002000000000200000002210000000022000000000200000000000120000000200000000 1
1 0 447486 165465 5 11 4 12 -1 -1 1100110111000000000000000000100000000000002000000002000000000200000002210000000022000000000200000000000120000000000020000 1
2 0 447486 160683 9 13 11 15 -1 -1 1100110111000000100000000000000000000000002000000002000000000200000002210000000022000000000200000000000120000000000020000 1
1 0 444225 160683 12 10 10 16 -1 -1 1100110111000000100000000000000000000000002000000002000000000200000002010000000022000000000202000000000120000000000020000 1
2 0 444225 158453 6 16 7 17 -1 -1 1100110111000000100000000000000000000000002000000002000000000200000002010000000022100000000202000000000020000000000020000 1
1 0 442341 158453 9 15 8 16 -1 -1 1100110111000000100000000000000000000000000000000002020000000200000002010000000022100000000202000000000020000000000020000 1
2 0 442341 149424 7 13 15 13 -1 -1 1100110111000000100000000000000000000000000000000002020000000210000002000000000022100000000202000000000020000000000020000 1
1 0 440345 149424 8 16 6 18 -1 -1 1100110111000000100000000000000000000000000000000000020000000210000002000000000022100000000202000000000020000000000020020 1
2 0 440345 137489 11 11 15 11 -1 -1 1100110111000000100000000000000000000000000100000000020000000200000002000000000022100000000202000000000020000000000020020 1
1 0 438257 137489 10 16 11 17 -1 -1 1100110111000000100000000000000000000000000100000000020000000200000002000000000022100000000002000000000020000000000020220 1
2 0 438257 134730 9 11 11 13 -1 -1 1100110111000000100000000000000000000000000100000000020000000200000002000000000022000000000002100000000020000000000020220 1
1 0 435358 134730 4 12 2 10 -1 -1 1100110111000000100000000000000000000000000100000000020000000200000000000000000022000000000022100000000020000000000020220 1
2 0 435358 133297 11 15 12 16 -1 -1 1101110111000000000000000000000000000000000100000000020000000200000000000000000022000000000022100000000020000000000020220 1
1 0 433178 133297 6 18 5 17 -1 -1 1101110111000000000000000000000000000000000100000000020000000200000000000000000022000000000020100000000020200000000020220 1
2 0 433178 133061 10 12 12 10 -1 -1 1101110111000000000000000000000100000000000000000000020000000200000000000000000022000000000020100000000020200000000020220 1
1 0 431299 133061 11 17 11 15 -1 -1 1101110111000000000000000000000100000000000000000000020000000200000000000000000002000000000020100000000220200000000020220 1
2 0 431299 132719 8 14 9 15 -1 -1 1101110111000000000000000000000100000000000000000000020000000200000000000000000002000000000021000000000220200000000020220 1
1 0 429375 132719 11 15 9 13 -1 -1 1101110111000000000000000000000100000000000000000000020000000000000000020000000002000000000021000000000220200000000020220 1
2 0 429375 132571 12 12 13 11 -1 -1 1101110111000000000000000000000100000000000000000000020000000000000000120000000002000000000020000000000220200000000020220 1
1 0 428359 132571 2 14 1 13 -1 -1 1101110111000000000000000000000100000000000000000000020000000000000000120000000002000000000020000000000200200000200020220 1
2 0 428359 132440 10 14 16 12 -1 -1 1111100111000000000000000000000100000000000000000000020000000000000000120000000002000000000020000000000200200000200020220 1
1 0 425975 132440 5 17 4 16 -1 -1 1111100111000000000000000000000100000000000000000000020000000000000000120000000000000000000020000000000200200000200020222 1
2 0 425975 132384 12 10 13 9 -1 -1 1111100111000000001000000000000000000000000000000000020000000000000000120000000000000000000020000000000200200000200020222 1
1 0 424988 132384 4 16 2 14 -1 -1 1111100111000000001000000000000000000000000000000000020000000000000000120000000000000000000020000000000000200002200020222 1
2 0 424988 132368 12 16 13 15 -1 -1 1111110111000000000000000000000000000000000000000000020000000000000000120000000000000000000020000000000000200002200020222 1
1 0 424396 132368 9 13 8 14 -1 -1 1111110111000000000000000000000000000000000000000000020000000000000000120000000000000000000020000000000000000002202020222 1
2 0 424396 132353 7 17 8 16 -1 -1 1111110111000000000000000000000000000000000000000000020000000100000000020000000000000000000020000000000000000002202020222 1
1 0 423856 132353 8 14 7 15 -1 -1 1111110111000000000000000000000000000000000000000000000000000120000000020000000000000000000020000000000000000002202020222 1
2 0 423856 132335 8 16 14 14 -1 -1 1111110111000000000000000000000000000000000000000000100000000020000000020000000000000000000020000000000000000002202020222 1
1 0 423360 132335 7 15 6 14 -1 -1 1111110111000000000000000000000000000000000000000000100000000000000000020000000000000000000020000000000000000002202022222 1
2 0 423360 132320 9 15 10 14 -1 -1 1111110111000000000000000000000000000000010000000000000000000000000000020000000000000000000020000000000000000002202022222 1
1 0 423068 132320 2 10 3 9 -1 -1 1111110111000000000000000000000000000000010000000000000000000000000000000000000002000000000020000000000000000002202022222 1
2 0 423068 132300 10 14 12 12 -1 -1 1110111111000000000000000000000000000000010000000000000000000000000000000000000002000000000020000000000000000002202022222 1
1 0 422642 132300 6 14 5 13 -1 -1 1110111111000000000000000000000000000000010000000000000000000000000000000000000000000000000020000000000020000002202022222 1
2 0 422642 132288 12 12 13 13 -1 -1 1110111111000000000000000000010000000000000000000000000000000000000000000000000000000000000020000000000020000002202022222 1
1 0 422406 132288 5 13 4 12 -1 -1 1110111111000000000000000000010000000000000000000000000000000000000000000000000000000000000020000000000000000002222022222 1
2 0 422406 102302 13 11 14 10 -1 -1 1110111111000000100000000000000000000000000000000000000000000000000000000000000000000000000020000000000000000002222022222 1
1 0 422324 102302 4 12 2 10 -1 -1 1110111111000000100000000000000000000000000000000000000000000000000000000000000000000000000020000000000000000002022222222 1
