1322289851000
skynet
kingfish
1 0 599919 600000 14 10 12 12 -1 -1 2222222222000000000000000000000000000000000000000000000000000000000000000000000000000000000000000000000000000001111111111 2
2 0 599919 599890 2 14 4 12 -1 -1 2222222222000000000000000000000000000000000000000000000000000000000000000000000000000000000000000000000010000001111011111 2
1 0 599911 599890 13 13 11 11 -1 -1 2222202222000000200000000000000000000000000000000000000000000000000000000000000000000000000000000000000010000001111011111 2
2 0 599911 599889 0 12 4 16 -1 -1 2222202222000000200000000000000000000000000000000000000000000000000000000000000000000000000100000000000010000001101011111 2
1 0 599898 599889 14 12 10 12 -1 -1 0222202222000000202000000000000000000000000000000000000000000000000000000000000000000000000100000000000010000001101011111 2
2 0 599898 599888 3 11 5 13 -1 -1 0222202222000000202000000000000000000000000000000000000000000000000000000000000010000000000100000000000010000001101001111 2
1 0 599875 599888 13 11 9 11 -1 -1 0222202022000000202000000000020000000000000000000000000000000000000000000000000010000000000100000000000010000001101001111 2
2 0 599875 599887 2 12 6 12 -1 -1 0222202022000000202000000000020000000000000000000000000000000000000001000000000010000000000100000000000010000001001001111 2
1 0 599863 599887 16 12 12 8 -1 -1 0222002022000000202000000000020000000000200000000000000000000000000001000000000010000000000100000000000010000001001001111 2
2 0 599863 599886 3 13 7 13 -1 -1 0222002022000000202000000000020000000000200000000000000000000000000001000000000010000000000100000000001010000001001001110 2
1 0 599852 599886 13 9 11 7 -1 -1 0222002002000000202000000000020000000000200000000002000000000000000001000000000010000000000100000000001010000001001001110 2
2 0 599852 595218 4 12 10 10 -1 -1 0222002002000000202000000000020000000000200000000002000000000000000001000000000010000000010100000000001010000000001001110 2
1 0 599844 595218 13 15 12 14 -1 -1 0222002002000000002000000000020000000000200000000002000000000000000001000000000210000000010100000000001010000000001001110 2
2 0 599844 589787 4 16 5 15 -1 -1 0222002002000000002000000000020000000000200000000002000000000000000001000000000210000000010100000000001011000000000001110 2
1 0 599837 589787 15 13 11 9 -1 -1 0222002002000000000000000000022000000000200000000002000000000000000001000000000210000000010100000000001011000000000001110 2
2 0 599837 584833 5 13 7 15 -1 -1 0222002002000000000000000000022000000000200000000002000000000000000001000000000210000000011100000000001011000000000001100 2
1 0 599830 584833 14 14 13 13 -1 -1 0222002002000000000000000000002000000000200000000002200000000000000001000000000210000000011100000000001011000000000001100 2
2 0 599830 580687 2 10 8 16 -1 -1 0222002002000000000000000000002000000000200000000002200000000000000001000000000210000000011100000000001011000000010000100 2
1 0 599823 580687 15 11 14 12 -1 -1 0220002002000000000000000000002000000000200000000002200000000020000001000000000210000000011100000000001011000000010000100 2
2 0 599823 577597 1 11 0 12 -1 -1 0220002002000000000000000000002000000000200000000002200000000020000001000000000210000000011100000000001011000000010010000 2
1 0 599816 577597 12 12 11 13 -1 -1 2020002002000000000000000000002000000000200000000002200000000020000001000000000210000000011100000000001011000000010010000 2
2 0 599816 569927 0 12 6 14 -1 -1 2020002002000000000000000000002000000000200000000002200000000020000001000000000210000000011110000000001001000000010010000 2
1 0 599809 569927 11 11 9 13 -1 -1 0020002002000000000000000000002000000000220000000002200000000020000001000000000210000000011110000000001001000000010010000 2
2 0 599809 561890 6 14 14 10 -1 -1 0020002002000000000000000000002000000000220000000002200000000020000001100000000210000000011010000000001001000000010010000 2
1 0 599804 561890 10 12 4 14 -1 -1 0020002002000000000000000000002000000000200000000002200000000020000001100000000210000000011010000000001001000000010210000 2
2 0 599804 553592 8 16 14 14 -1 -1 0020002002000000010000000000002000000000200000000002200000000020000001100000000200000000011010000000001001000000010210000 2
1 0 599799 553592 9 11 8 12 -1 -1 0020002002000000010000000000002000000000200000000002200000000000000001100000000200000000011010000000001001000000010212000 2
2 0 599799 548283 6 12 10 12 -1 -1 0020002002000000010000000000002000000000200000000002200000001000000000100000000200000000011010000000001001000000010212000 2
1 0 599795 548283 12 8 10 6 -1 -1 0020002002000000010000000000002000000000000000000002200000001000000000100000000220000000011010000000001001000000010212000 2
2 0 599795 541946 7 13 9 11 -1 -1 0020002002000000010000000000002000000000000000000002200000001000000000100000010220000000011010000000000001000000010212000 2
1 0 599791 541946 11 7 9 9 -1 -1 0020002002000000010000000000002000000000000000000000200000001000000002100000010220000000011010000000000001000000010212000 2
2 0 599791 539094 1 13 2 14 -1 -1 0020002002000000010000000000002000000000000000000000200000001000000012100000010220000000001010000000000001000000010212000 2
1 0 599787 539094 12 14 12 12 -1 -1 0000022002000000010000000000002000000000000000000000200000001000000012100000010220000000001010000000000001000000010212000 2
2 0 599787 536034 10 12 12 14 -1 -1 0000022002000000010000000000002000000000000000000000200000001000000012100000010220000000001010000000000010000000010212000 2
1 0 599783 536034 11 9 10 8 -1 -1 0000022002000000010000000000002000000000000000000000200000001000000012100000010200000000001010000000000012000000010212000 2
2 0 599783 533879 2 14 8 16 -1 -1 0000022002000000010000000000002000000000000000000000200000001000000012100000011200000000000010000000000012000000010212000 2
1 0 599779 533879 13 13 11 11 -1 -1 0000002002000000010000000000002000000000000000000000200000001020000012100000011200000000000010000000000012000000010212000 2
2 0 599779 527563 7 15 8 14 -1 -1 0000002002000000010000000000002000000000000000000000200000001020000012100000011200000000000110000000000012000000000212000 2
1 0 599775 527563 14 12 13 13 -1 -1 0000002002000000010000000000002000000000000000000000000000001220000012100000011200000000000110000000000012000000000212000 2
2 0 599775 522201 8 14 12 10 -1 -1 0000002002000000010000000000002000000000000000000000000000001220000012100000011200000000000110000000000012000000010202000 2
1 0 599771 522201 11 13 10 12 -1 -1 0000002002000000010000000000002000000000000000000000000000001020000012100000011200000000000110000000000212000000010202000 2
2 0 599771 518660 9 11 15 13 -1 -1 0000002002000000010000000000002000000000000000000000000000001020000012100000011210000000000100000000000212000000010202000 2
1 0 599767 518660 9 13 7 11 -1 -1 0000002002000000010000000000002000000000000000000000000000001020000010100000011210000000000100000000000212000000010202020 2
2 0 599767 515728 3 15 5 13 -1 -1 0000002002000000010000000000002000000000000000000010000000001020000010000000011210000000000100000000000212000000010202020 2
1 0 599763 515728 4 14 3 13 -1 -1 0000002000000000010000000000022000000000000000000010000000001020000010000000011210000000000100000000000212000000010202020 2
2 0 599763 511436 5 13 6 12 -1 -1 0000002010000000000000000000022000000000000000000010000000001020000010000000011210000000000100000000000212000000010202020 2
1 0 599760 511436 8 12 6 10 -1 -1 0000002010000000000000000000002000000000200000000010000000001020000010000000011210000000000100000000000212000000010202020 2
2 0 599760 507836 6 12 8 10 -1 -1 0000002010000000000000000000002000000001200000000010000000000020000010000000011210000000000100000000000212000000010202020 2
1 0 599756 507836 10 6 9 7 -1 -1 0000002010000000000000000000002000000001000000000010000000020020000010000000011210000000000100000000000212000000010202020 2
2 0 599756 504644 8 10 9 11 -1 -1 0000002010000000000000000000002000000001000000000010000000020020000110000000001210000000000100000000000212000000010202020 2
1 0 599752 504644 9 9 8 10 -1 -1 0000002010000000000000000000002000000001000000000010000000000020000112000000001210000000000100000000000212000000010202020 2
2 0 599752 498156 12 14 13 15 -1 -1 0000002010000000000000000000002000000001000000000010000000010020000102000000001210000000000100000000000212000000010202020 2
1 0 599749 498156 12 12 12 8 -1 -1 0000002010000000000000000000002000000001000000000010000000010020000102000000001210000000000100000000000210000000012202020 2
2 0 599749 493760 10 10 12 12 -1 -1 0000002010000000000000000000002000000001000000000010000000010020000102000000001210000000000100000000001200000000012202020 2
1 0 599746 493760 10 8 8 6 -1 -1 0000002010000000000000000000002000000001000000000010000000010020000102000000001010000000000100000000001220000000012202020 2
2 0 599746 489294 9 11 13 11 -1 -1 0000002010000000000000000000002000000001000000000010000001010020000102000000000010000000000100000000001220000000012202020 2
1 0 599743 489294 11 11 9 13 -1 -1 0000002010000000000000000000002000000001000000000010000001010020000100000000000010000000000100000000001220000000212202020 2
2 0 599743 484413 8 16 9 15 -1 -1 0000002010000000000000000000002000000001000000000010000001010020000100100000000010000000000000000000001220000000212202020 2
1 0 599739 484413 13 13 11 11 -1 -1 0000002010000000000000000000002000000001000000000010000001010000000100120000000010000000000000000000001220000000212202020 2
2 0 599739 479754 9 15 11 13 -1 -1 0000002010000000000000000000002000000001000000000010000001010000000100120000000010000000000100000000001220000000202202020 2
1 0 599736 479754 10 12 8 14 -1 -1 0000002010000000000000000000002000000001000000000010000001010000000100100000000010000000000120000000001220000000202202020 2
2 0 599736 476142 12 10 14 12 -1 -1 0000002010000000000000000000002000000001000000000010000001010100000100100000000000000000000120000000001220000000202202020 2
1 0 599733 476142 7 11 6 12 -1 -1 0000002010000000000000000000002000000001000000000010000001010100000100100000000000000000000120000000001020000000202222020 2
2 0 599733 473822 3 9 4 10 -1 -1 0000002010000000000000000000002000000001100000000000000001010100000100100000000000000000000120000000001020000000202222020 2
1 0 599730 473822 3 13 2 12 -1 -1 0000000010000002000000000000002000000001100000000000000001010100000100100000000000000000000120000000001020000000202222020 2
2 0 599730 472229 4 10 5 11 -1 -1 0000100000000002000000000000002000000001100000000000000001010100000100100000000000000000000120000000001020000000202222020 2
1 0 599726 472229 6 10 4 12 -1 -1 0000100000000000000000000000202000000001100000000000000001010100000100100000000000000000000120000000001020000000202222020 2
2 0 599726 469202 5 11 9 15 -1 -1 0000100000000000100000000000202000000000100000000000000001010100000100100000000000000000000120000000001020000000202222020 2
1 0 599723 469202 9 7 7 5 -1 -1 0000100000000000100000000000002000000000100000000000000001010100000100120000000000000000000120000000001020000000202222020 2
2 0 599723 466506 12 12 13 13 -1 -1 0000100000000000100000000000002000000000100000010000000001010100000000120000000000000000000120000000001020000000202222020 2
1 0 599720 466506 8 10 7 11 -1 -1 0000100000000000100000000000002000000000100000010000000001010100000000120000000000000000000120000000001000000000222222020 2
2 0 599720 463890 5 15 6 14 -1 -1 0000100000000000100000000000002000000000100000010010000001000100000000120000000000000000000120000000001000000000222222020 2
1 0 599717 463890 12 8 11 9 -1 -1 0000100000000000100000000000000000000000120000010010000001000100000000120000000000000000000120000000001000000000222222020 2
2 0 599717 460604 6 14 12 12 -1 -1 0000100000000000100000000000000000000000120000010010000001000100000000120000000000000000001120000000000000000000222222020 2
1 0 599714 460604 8 6 7 7 -1 -1 0000100000000000100000000000000000000000100000010010000001000100000000120000000000000000001120000000000020000000222222020 2
2 0 599714 458939 9 15 10 14 -1 -1 0000100000000000100000000000000000000000100000011010000000000100000000120000000000000000001120000000000020000000222222020 2
1 0 599711 458939 9 13 8 12 -1 -1 0000100000000000100000000000000000000000100000011010000000000100000000100000000002000000001120000000000020000000222222020 2
2 0 599711 457440 10 14 10 12 -1 -1 0000100000000000100000000000000000000000100000011010000000001100000000000000000002000000001120000000000020000000222222020 2
1 0 599707 457440 11 11 7 15 -1 -1 0000100000000000100000000000000000000000100000011010000000001100000000000000000020000000001120000000000020000000222222020 2
2 0 599707 456046 10 12 12 10 -1 -1 0000100000000000100000000000000000000000100000011010100000001100000000000000000020000000001020000000000020000000222222020 2
1 0 599704 456046 8 14 7 13 -1 -1 0000100000000000100000000000000000000000100000011010100000001100000000000000000000000000001020000000000220000000222222020 2
2 0 599704 454860 12 10 13 9 -1 -1 0000100000000000100000000000000000000000100000011011100000001000000000000000000000000000001020000000000220000000222222020 2
1 0 599701 454860 6 12 5 13 -1 -1 0000100000000000100000000000000000000000100000011011100000001000000000000000000000000000001020000000000020000002222222020 2
2 0 599701 454116 11 13 12 14 -1 -1 0000100000000000100000000000010000000000000000011011100000001000000000000000000000000000001020000000000020000002222222020 2
1 0 599698 454116 2 12 1 11 -1 -1 0000100000000000100000000000010000000000000000011011100000001000000000000000000000000000001000000000000022000002222222020 2
2 0 599698 453238 13 9 15 11 -1 -1 0100000000000000100000000000010000000000000000011011100000001000000000000000000000000000001000000000000022000002222222020 2
1 0 599695 453238 4 12 3 13 -1 -1 0100000000000000100000000000010000000000000000011011100000001000000000000000000000000000001000000000000022000000222222220 2
2 0 599695 452367 14 10 16 12 -1 -1 0100000010000000000000000000010000000000000000011011100000001000000000000000000000000000001000000000000022000000222222220 2
1 0 599692 452367 7 5 6 6 -1 -1 0100000010000000000000000000010000000000000000011011100000001000000000000000000000000000001000000000000022000000222022222 2
2 0 599692 451684 12 12 14 10 -1 -1 0100000010000000000000000000010000000100000000001011100000001000000000000000000000000000001000000000000022000000222022222 2
1 0 599686 451684 7 11 6 12 -1 -1 0100000010000000000000000000010000000100000000001011100000001000000000000000000000000000001000000000000002000000222222222 2
2 0 599686 451300 13 13 13 9 -1 -1 0100000010000000000000000000010000000100100000001001100000001000000000000000000000000000001000000000000002000000222222222 2
1 0 599683 451300 11 9 10 10 -1 -1 0100000010000000000000000000010000000100100000001001100000001000000000000000000000000000001000000000000002000002202222222 2
2 0 599683 450837 12 14 13 13 -1 -1 0100000010000000000000000000010000000100100000001001100000001000000000000000000100000000000000000000000002000002202222222 2
