1322352449000
eigenbot
kingfish
1 0 587393 600000 13 11 12 10 -1 -1 2222222222000000000000000000000000000000000000000000000000000000000000000000000000000000000000000000000000000001111111111 1
2 0 587393 599806 2 14 4 12 -1 -1 2222222222000000000000000000000000000000000000000000000000000000000000000000000000000000000000000000000100000001011111111 1
1 0 575878 599806 13 15 11 9 -1 -1 2222202222000000200000000000000000000000000000000000000000000000000000000000000000000000000000000000000100000001011111111 1
2 0 575878 599805 0 12 4 16 -1 -1 2222202222000000200000000000000000000000000000000000000000000000000000000000000000000000001000000000000100000001010111111 1
1 0 564548 599805 14 14 10 10 -1 -1 0222202222000000202000000000000000000000000000000000000000000000000000000000000000000000001000000000000100000001010111111 1
2 0 564548 599803 3 11 5 13 -1 -1 0222202222000000202000000000000000000000000000000000000000000000000000000000000100000000001000000000000100000001010110111 1
1 0 553080 599803 13 9 9 9 -1 -1 0222202022000000202000000000020000000000000000000000000000000000000000000000000100000000001000000000000100000001010110111 1
2 0 553080 599802 2 12 6 12 -1 -1 0222202022000000202000000000020000000000000000000000000000000000000010000000000100000000001000000000000100000000010110111 1
1 0 541840 599802 10 10 9 11 -1 -1 0222002022000000202000000000020000000000200000000000000000000000000010000000000100000000001000000000000100000000010110111 1
2 0 541840 599800 3 13 7 13 -1 -1 0222002022000000202000000000020000000000200000000000000000000000000011000000000000000000001000000000000100000000010110111 1
1 0 530590 599800 14 10 6 14 -1 -1 0222002002000000202000000000020000000000200000000002000000000000000011000000000000000000001000000000000100000000010110111 1
2 0 530590 595570 6 12 8 14 -1 -1 0222002002000000202000000000020000000000210000000002000000000000000011000000000000000000001000000000000100000000010010111 1
1 0 519054 595570 16 12 8 8 -1 -1 0222002002000000202000000000020000000000010000000002000000000200000011000000000000000000001000000000000100000000010010111 1
2 0 519054 594393 5 13 9 13 -1 -1 0222002002000000202000000000020000000000010000000002000000100200000011000000000000000000001000000000000100000000010010110 1
1 0 508174 594393 13 13 12 12 -1 -1 0222002002000000202000000000000000000000010000000002000000100200000011200000000000000000001000000000000100000000010010110 1
2 0 508174 593550 7 13 9 15 -1 -1 0222002002000000202000000000000000000000010000000002000000100200000011200000000000000000001000000000000110000000000010110 1
1 0 497736 593550 12 10 10 8 -1 -1 0222002002000000202000000000000000000000010000000000000000100200000011220000000000000000001000000000000110000000000010110 1
2 0 497736 592931 1 11 2 12 -1 -1 0222002002000000202000000000000000000000010000000000000000100200000011220000001000000000001000000000000010000000000010110 1
1 0 487433 592931 15 11 11 7 -1 -1 0022202002000000202000000000000000000000010000000000000000100200000011220000001000000000001000000000000010000000000010110 1
2 0 487433 592070 1 13 7 15 -1 -1 0022202002000000202000000000000000000000010000000000000000100200000011220000001000000000011000000000000010000000000010010 1
1 0 477282 592070 11 9 7 9 -1 -1 0002202002000000202000000000000000000000010000000000200000100200000011220000001000000000011000000000000010000000000010010 1
2 0 477282 591066 8 14 10 12 -1 -1 0002202002000000202000000000000000000000010000000100200000100200000011220000001000000000010000000000000010000000000010010 1
1 0 467707 591066 7 9 7 11 -1 -1 0002202002000000202000000000000000000000010000000100200000100000000011220000001020000000010000000000000010000000000010010 1
2 0 467707 588995 7 15 8 16 -1 -1 0002202002000000202000000000000000000000010000000010200000100000000011220000001020000000010000000000000010000000000010010 1
1 0 458456 588995 8 8 7 9 -1 -1 0002202002000000202000000000000000000000010000000010000000100020000011220000001020000000010000000000000010000000000010010 1
2 0 458456 587340 3 9 5 11 -1 -1 0002202002000000202000000000000000000000010000000110000000000020000011220000001020000000010000000000000010000000000010010 1
1 0 449119 587340 15 13 11 13 -1 -1 0002200002000000202000000000200000000000010000000110000000000020000011220000001020000000010000000000000010000000000010010 1
2 0 449119 585134 4 12 10 14 -1 -1 0002200002000000202000000000200000000000010000000110000000000020000011220000001020000000010010000000000010000000000010000 1
1 0 440052 585134 14 12 13 13 -1 -1 0002200002000000002000000000200000000000010000000110000000000020000011220000001022000000010010000000000010000000000010000 1
2 0 440052 583689 4 16 4 14 -1 -1 0002200002000000002000000000200000000000010000000110000000000020000011220000001022000000010010000000000010000000010000000 1
1 0 431246 583689 13 13 11 11 -1 -1 0002200002000000020000000000200000000000010000000110000000000020000011220000001022000000010010000000000010000000010000000 1
2 0 431246 582119 2 10 10 10 -1 -1 0002200002000000020000000000200000000000010000000110000000000020000011220000001022000000010110000000000010000000000000000 1
1 0 422626 582119 10 8 4 10 -1 -1 0000200002000000020000000000200000000000010000000110000000000020000011220000001222000000010110000000000010000000000000000 1
2 0 422626 580066 3 15 9 17 -1 -1 0000200002000001020000000000200000000000010000000110000000000020000011220000000222000000010110000000000010000000000000000 1
1 0 414484 580066 7 9 1 11 -1 -1 0000200000000001020000000000200000000000010000000110000000000020000011222000000222000000010110000000000010000000000000000 1
2 0 414484 577917 8 16 10 18 -1 -1 0100200000000001020000000000200000000000010000000010000000000020000011222000000222000000010110000000000010000000000000000 1
1 0 406759 577917 9 11 8 12 -1 -1 0100200000000001020000000000200000000000010000000010000000000000000011222000000222020000010110000000000010000000000000000 1
2 0 406759 576643 5 11 6 12 -1 -1 0100200000000001020000000000200000000000010000000010000000001000000010222000000222020000010110000000000010000000000000000 1
1 0 399595 576643 11 7 10 8 -1 -1 0100200000000001020000000000000000000000210000000010000000001000000010222000000222020000010110000000000010000000000000000 1
2 0 399595 575529 6 12 10 16 -1 -1 0100200000000001020000000000000000000000210000000010000000001000000010222000001222020000000110000000000010000000000000000 1
1 0 392846 575529 10 8 6 12 -1 -1 0100200000000001020000000000000000000000010000000010000000001000000010222000001222220000000110000000000010000000000000000 1
2 0 392846 574689 2 12 3 13 -1 -1 0100200000000001020000000000000000000000110000000010000000001000000010222000000222220000000110000000000010000000000000000 1
1 0 386487 574689 11 13 5 15 -1 -1 0100000020000001020000000000000000000000110000000010000000001000000010222000000222220000000110000000000010000000000000000 1
2 0 386487 573511 9 15 13 11 -1 -1 0100000020000001020000000000001000000000110000000010000000001000000010222000000222220000000100000000000010000000000000000 1
1 0 380223 573511 12 12 11 13 -1 -1 0100000020000001020000000000001000000000110000000010000000001000000010202000000222220000000100000000000010000000200000000 1
2 0 380223 572290 10 10 14 10 -1 -1 0100000020000001020000000000001000000000110000000010000000001000000010202000000222220000000110000000000000000000200000000 1
1 0 374286 572290 6 14 2 14 -1 -1 0100000020000001020000000000001000000000110000000010000000001000000010202000000022220000000110000000000000000000200200000 1
2 0 374286 571361 4 14 6 16 -1 -1 0100010020000001020000000000001000000000100000000010000000001000000010202000000022220000000110000000000000000000200200000 1
1 0 368659 571361 11 11 11 15 -1 -1 0100010020000001000000000000001000000000102000000010000000001000000010202000000022220000000110000000000000000000200200000 1
2 0 368659 570503 10 14 12 12 -1 -1 0100010020000001000000000000001000000000102000000010000000001000000010202000000022220000000011000000000000000000200200000 1
1 0 362799 570503 11 13 3 9 -1 -1 0100010020000001000000000000001000000000102000000010000000001000000010202000000020220000000011000000000020000000200200000 1
2 0 362799 569321 9 13 13 13 -1 -1 0100011020000001000000000000001000000000102000000010000000001000000010202000000020220000000001000000000020000000200200000 1
1 0 357602 569321 9 9 8 10 -1 -1 0100011020000001000000000000001000000000102000000010000000001000000010002000000020220000000001000000000020000000220200000 1
2 0 357602 568396 3 13 4 12 -1 -1 0100011020000001000000000000001000000000102000000010000000011000000000002000000020220000000001000000000020000000220200000 1
1 0 352602 568396 11 15 11 13 -1 -1 0100011000000001200000000000001000000000102000000010000000011000000000002000000020220000000001000000000020000000220200000 1
2 0 352602 567188 10 12 14 12 -1 -1 0100011000000001200000000000001000000000102000000010000000011000000000002000000020220000000010000000000020000000220200000 1
1 0 347741 567188 11 13 10 12 -1 -1 0100011000000001200000000000001000000000102000000010000000011000000000002000000000220000000010000000000020000000220220000 1
2 0 347741 566347 4 12 5 11 -1 -1 0100011000000001200000000000001000000000102000000010000000011000000000002000000010220000000000000000000020000000220220000 1
1 0 343180 566347 6 12 5 13 -1 -1 0100011000000001000000000000201000000000102000000010000000011000000000002000000010220000000000000000000020000000220220000 1
2 0 343180 565662 5 11 6 10 -1 -1 0100011000000001000000000000211000000000002000000010000000011000000000002000000010220000000000000000000020000000220220000 1
1 0 338394 565662 10 12 9 13 -1 -1 0100011000000001000000000000011000000002002000000010000000011000000000002000000010220000000000000000000020000000220220000 1
2 0 338394 564955 6 10 7 9 -1 -1 0100011000000001000000000000011000000002002000000010000000011000000000102000000000220000000000000000000020000000220220000 1
1 0 334148 564955 9 13 8 14 -1 -1 0100011000000001000000000000011000000000002000000210000000011000000000102000000000220000000000000000000020000000220220000 1
2 0 334148 563986 7 9 11 17 -1 -1 0100011000000001000000000000011000000000002000000210000000011100000000002000000000220000000000000000000020000000220220000 1
1 0 330017 563986 8 10 4 14 -1 -1 0100011000000001000000000000011000000000002000000010000000011100000000002000000000220000000000200000000020000000220220000 1
2 0 330017 563245 6 16 7 17 -1 -1 0100011000000001010000000000011000000000002000000010000000001100000000002000000000220000000000200000000020000000220220000 1
1 0 326356 563245 8 14 6 12 -1 -1 0100011000000001010000000000011000000000000000000010020000001100000000002000000000220000000000200000000020000000220220000 1
2 0 326356 562707 7 17 8 16 -1 -1 0100011000000001010000000000011000000000100000000010020000001000000000002000000000220000000000200000000020000000220220000 1
1 0 322980 562707 4 10 3 11 -1 -1 0100011000000001010000000000011000000000100000000010000000001020000000002000000000220000000000200000000020000000220220000 1
2 0 322980 562156 10 18 11 19 -1 -1 0100011100000000010000000000011000000000100000000010000000001020000000002000000000220000000000200000000020000000220220000 1
1 0 319850 562156 8 12 0 12 -1 -1 0100011100000000010000000000011000000000100000000010000000001020000000002000000000200000000000220000000020000000220220000 1
2 0 319850 561471 8 16 12 16 -1 -1 1100011100000000010000000000011000000000100000000010000000000020000000002000000000200000000000220000000020000000220220000 1
1 0 317076 561471 5 13 1 13 -1 -1 1100011100000000010000000000011000000000100000000010000000000000000000002000000000200000000000220000000020200000220220000 1
2 0 317076 561002 11 17 13 15 -1 -1 1110011100000000010000000000001000000000100000000010000000000000000000002000000000200000000000220000000020200000220220000 1
1 0 314687 561002 7 11 3 15 -1 -1 1110011100000000010000000000001000000000100000000010000000000000000000002000000000200000000000020000000020200000222220000 1
2 0 314687 560701 9 17 11 15 -1 -1 1110011101000000010000000000001000000000100000000000000000000000000000002000000000200000000000020000000020200000222220000 1
1 0 312603 560701 6 12 6 14 -1 -1 1110011101000000010000000000001000000000100000000000000000000000000000000000000000200000000002020000000020200000222220000 1
2 0 312603 560360 10 16 12 10 -1 -1 1110011101000000010000000000001000000000010000000000000000000000000000000000000000200000000002020000000020200000222220000 1
1 0 310919 560360 6 14 2 10 -1 -1 1110011101000000010000000000001000000000010000000000000000000000000000000000000000000000000002020000000220200000222220000 1
2 0 310919 560116 12 10 13 9 -1 -1 1111011101000000010000000000001000000000000000000000000000000000000000000000000000000000000002020000000220200000222220000 1
1 0 309710 560116 5 15 3 13 -1 -1 1111011101000000010000000000001000000000000000000000000000000000000000000000000000000000000002020000000020200002222220000 1
2 0 309710 560072 12 16 14 14 -1 -1 1111011111000000010000000000000000000000000000000000000000000000000000000000000000000000000002020000000020200002222220000 1
1 0 309372 560072 4 14 2 12 -1 -1 1111011111000000010000000000000000000000000000000000000000000000000000000000000000000000000002020000000020000002222222000 1
