1322291326000
kingfish
ccplus
1 0 599816 600000 14 10 12 12 -1 -1 2222222222000000000000000000000000000000000000000000000000000000000000000000000000000000000000000000000000000001111111111 1
2 0 599816 599959 2 10 4 12 -1 -1 2222222222000000000000000000000000000000000000000000000000000000000000000000000000000000000000000000000010000001111011111 1
1 0 599815 599959 16 12 12 8 -1 -1 2220222222000000200000000000000000000000000000000000000000000000000000000000000000000000000000000000000010000001111011111 1
2 0 599815 599920 4 12 5 11 9 11 2220222222000000200000000000000000000000000000000000000000000000000000000000000000000000000000000000001010000001111011110 1
1 0 599814 599920 13 13 11 11 -1 -1 2220222222000000000000000000200000000000000000000000000000000000000003000000000000000000000000000000001010000001111011110 1
2 0 599814 599892 0 12 6 10 9 13 2220222222000000000000000000200000000000000000000000000000000000000003000000000000000000000100000000001010000001101011110 1
1 0 599813 599892 14 12 10 12 -1 -1 0220222222000000000000000000200000000002000000000000000000000000000003300000000000000000000100000000001010000001101011110 1
2 0 599813 599866 6 10 7 11 -1 -1 0220222222000000000000000000200000000002000000000000000000000000000003300000000010000000000100000000001010000001101001110 1
1 0 599634 599866 12 12 0 12 -1 -1 0220222222000000000000000000200000000000000000000020000000000000000003300000000010000000000100000000001010000001101001110 1
2 0 599634 599833 2 12 8 10 -1 -1 1220222222000000000000000000200000000000000000000020000000000000000003300000000010000000000100000000001000000001101001110 1
1 0 596630 599833 14 14 2 10 -1 -1 1220022222000000000000000000200000000000000000000020000000020000000003300000000010000000000100000000001000000001101001110 1
2 0 596630 599806 2 14 16 12 -1 -1 1221022222000000000000000000200000000000000000000020000000020000000003300000000010000000000100000000001000000001101000110 1
1 0 594543 599806 12 8 2 14 -1 -1 1221002222000000000000000000200000000000000000000020000000020000000003300000000010000000000100000000001000000001101000112 1
2 0 594543 599779 3 11 4 12 -1 -1 1221012222000000000000000000200000000000000000000020000000020000000003300000000010000000000100000000000000000001101000112 1
1 0 593402 599779 13 11 12 12 -1 -1 1221012022000000200000000000200000000000000000000020000000020000000003300000000010000000000100000000000000000001101000112 1
2 0 593402 599741 1 11 2 12 -1 -1 1221012022000000200000000000200000000000000000000020000000020000000003300000000010000000000100000000000010000001001000112 1
1 0 592047 599741 12 12 6 10 -1 -1 1021212022000000200000000000200000000000000000000020000000020000000003300000000010000000000100000000000010000001001000112 1
2 0 592047 599711 1 13 5 13 -1 -1 1021212022000000200000000000200000000001000000000020000000020000000003300000000010000000000100000000000000000001001000112 1
1 0 589385 599711 15 11 14 12 -1 -1 1001212022000000200000000000220000000001000000000020000000020000000003300000000010000000000100000000000000000001001000112 1
2 0 589385 599676 8 10 9 9 -1 -1 1001212022000000200000000000220000000001000000000020000000020000000003300000000010000000000100000000000000000001001010012 1
1 0 587597 599676 10 12 4 14 -1 -1 1001212022000000200000000000220000000001000000000020000000000000000023300000000010000000000100000000000000000001001010012 1
2 0 587597 599649 3 9 3 11 -1 -1 1001212022000000210000000000220000000001000000000020000000000000000023300000000000000000000100000000000000000001001010012 1
1 0 585644 599649 11 11 10 12 -1 -1 1001210222000000210000000000220000000001000000000020000000000000000023300000000000000000000100000000000000000001001010012 1
2 0 585644 599624 2 12 10 8 -1 -1 1001210222000000210000000000220000000001000000000020000000000000000023300000000010000000000000000000000000000001001010012 1
1 0 583274 599624 10 12 2 12 -1 -1 1001010222000000210000000000220000000001000000000020000000000000000023300000002010000000000000000000000000000001001010012 1
2 0 583274 599595 5 11 7 13 -1 -1 1001110222000000210000000000220000000001000000000020000000000000000023300000002000000000000000000000000000000001001010012 1
1 0 581184 599595 15 13 13 11 -1 -1 1001110222000000210000000000020000000001000000000022000000000000000023300000002000000000000000000000000000000001001010012 1
2 0 581184 599560 4 12 8 8 -1 -1 1001110222000000210000000000020000000001000000000022000000000000000023300000002000000000000000000000000000000001101010002 1
1 0 576837 599560 6 10 4 12 -1 -1 1001110222000000010000000000020000000001000000000022000000200000000023300000002000000000000000000000000000000001101010002 1
2 0 576837 599524 7 13 11 9 -1 -1 1001110222000000110000000000020000000000000000000022000000200000000023300000002000000000000000000000000000000001101010002 1
1 0 574701 599524 13 11 12 10 -1 -1 1001110222000000110000000000020000000000000000000020000000200000000023300000002000000000002000000000000000000001101010002 1
2 0 574701 599483 8 8 12 12 -1 -1 1001110222000000110000000000020000000000000000000020000000200000000023300000002000000000002000000000000100000001001010002 1
1 0 572527 599483 13 9 11 11 -1 -1 1001110222000000110000000000020000000000000000000020000000000000000023300000002000000000002000000000000120000001001010002 1
2 0 572527 599450 3 13 5 11 -1 -1 1001110222000000110000000000020000000000000000000020000000000000000023300000002000000000002100000000000120000000001010002 1
1 0 567119 599450 12 10 4 10 -1 -1 1001110202000000110000000000220000000000000000000020000000000000000023300000002000000000002100000000000120000000001010002 1
2 0 567119 599406 3 11 5 9 -1 -1 1001110202000001110000000000220000000000000000000020000000000000000023300000002000000000002100000000000020000000001010002 1
1 0 562285 599406 13 15 12 14 -1 -1 1001110002000001110000000002220000000000000000000020000000000000000023300000002000000000002100000000000020000000001010002 1
2 0 562285 599355 5 13 6 14 -1 -1 1001110002000001110000000002220000000000000000000020000000000000000023300000002000000000002100000000000021000000000010002 1
1 0 553703 599355 12 14 6 16 -1 -1 1001110002000001110000000002200000000000020000000020000000000000000023300000002000000000002100000000000021000000000010002 1
2 0 553703 599287 3 15 7 15 -1 -1 1001110002000001110000000002200000000000021000000020000000000000000023300000002000000000002100000000000020000000000010002 1
1 0 545624 599287 4 10 3 11 -1 -1 1001110000000001110000000002200000000000021000000020200000000000000023300000002000000000002100000000000020000000000010002 1
2 0 545624 599214 5 9 6 8 -1 -1 1001110100000000110000000002200000000000021000000020200000000000000023300000002000000000002100000000000020000000000010002 1
1 0 535705 599214 6 16 5 15 -1 -1 1001110100000000110000000000200000000020021000000020200000000000000023300000002000000000002100000000000020000000000010002 1
2 0 535705 599146 5 11 6 12 -1 -1 1001110100000000110000000000201000000020020000000020200000000000000023300000002000000000002100000000000020000000000010002 1
1 0 531589 599146 5 15 3 13 -1 -1 1001110100000000110000000000001000000020220000000020200000000000000023300000002000000000002100000000000020000000000010002 1
2 0 531589 599070 6 14 12 8 -1 -1 1001110110000000110000000000000000000020220000000020200000000000000023300000002000000000002100000000000020000000000010002 1
1 0 529295 599070 4 14 3 15 -1 -1 1001110110000000110000000000000000000020200000000020200000000000000023300000002000000000002100000000002020000000000010002 1
2 0 529295 598995 6 8 7 9 -1 -1 1001110111000000100000000000000000000020200000000020200000000000000023300000002000000000002100000000002020000000000010002 1
1 0 527155 598995 11 11 10 12 -1 -1 1001110111000000100000000000000000000000200000000220200000000000000023300000002000000000002100000000002020000000000010002 1
2 0 527155 598941 6 12 8 10 -1 -1 1001110111000000100000000000000000000000200000000220200000000000000023300000002010000000002000000000002020000000000010002 1
1 0 525622 598941 14 12 13 13 -1 -1 1001110111000000100000000000000000000000000000000220200000020000000023300000002010000000002000000000002020000000000010002 1
2 0 525622 598901 9 9 13 9 -1 -1 1001110111000000100000000000000000000000000000000220200000020000000023300000002010000000002000000000002020000000010000002 1
1 0 523307 598901 13 13 9 9 -1 -1 1001110111000000100000000000000000000000000000000220200000020000000003300000002010000000002000000000002020000002010000002 1
2 0 523307 598863 10 8 12 14 -1 -1 1001110111000000100000000000000000000000000000000220200000020000000013300000002010000000002000000000002020000002000000002 1
1 0 520877 598863 10 12 6 16 -1 -1 1001110111000000100000000000000000000000000000000220200000020000000013300000000010000000002000000000002022000002000000002 1
2 0 520877 598815 12 12 13 11 -1 -1 1001110111000000100000000000000000000000001000000220200000020000000013300000000000000000002000000000002022000002000000002 1
1 0 519280 598815 6 16 5 15 -1 -1 1001110111000000100000000000000000000000001000000220200000020000000013300000000000000000002000000000002002000002200000002 1
2 0 519280 598766 8 10 14 12 -1 -1 1001110111000000100000000000001000000000000000000220200000020000000013300000000000000000002000000000002002000002200000002 1
1 0 515843 598766 9 9 8 10 -1 -1 1001110111000000100000000000001000000000000000000220200000000000000013300000000000000000002000000000002002000002200020002 1
2 0 515843 598720 7 11 9 9 -1 -1 1001110111000000100000000000001000000000000000000220200000010000000003300000000000000000002000000000002002000002200020002 1
1 0 513018 598720 8 10 4 14 -1 -1 1001110111000000100000000000001000000000000000000200200000010000000023300000000000000000002000000000002002000002200020002 1
2 0 513018 598684 12 8 14 14 -1 -1 1001110111000000110000000000001000000000000000000200200000000000000023300000000000000000002000000000002002000002200020002 1
1 0 511105 598684 3 13 1 11 -1 -1 1001110111000000110000000000001000000000000000000200200000000000000023300000000000000000002000000000000002000002200022002 1
2 0 511105 598643 13 9 15 11 -1 -1 1101110101000000110000000000001000000000000000000200200000000000000023300000000000000000002000000000000002000002200022002 1
1 0 509828 598643 1 11 1 13 -1 -1 1101110101000000110000000000001000000000000000000200200000000000000023300000000000000000002000000000000002000000200022202 1
2 0 509828 598607 13 11 15 13 -1 -1 1011110101000000110000000000001000000000000000000200200000000000000023300000000000000000002000000000000002000000200022202 1
1 0 509164 598607 2 10 1 11 -1 -1 1011110101000000110000000000001000000000000000000200200000000000000023300000000000000000002000000000000002000000000022222 1
2 0 509164 598582 7 9 8 8 -1 -1 1110110101000000110000000000001000000000000000000200200000000000000023300000000000000000002000000000000002000000000022222 1
1 0 508368 598582 5 15 3 13 -1 -1 1110110101000000110000000000001000000000000000000000200000200000000023300000000000000000002000000000000002000000000022222 1
2 0 508368 598567 7 15 8 16 -1 -1 1110110111000000110000000000000000000000000000000000200000200000000023300000000000000000002000000000000002000000000022222 1
1 0 508161 598567 4 12 2 10 -1 -1 1110110111000000110000000000000000000000000000000000000000200020000023300000000000000000002000000000000002000000000022222 1
2 0 508161 598549 8 8 12 8 -1 -1 1111110111000000010000000000000000000000000000000000000000200020000023300000000000000000002000000000000002000000000022222 1
1 0 507958 598549 3 13 3 9 -1 -1 1111110111000000010000000000000000000000000000000000000000000020000023300000000000000000002000000000002002000000000022222 1
2 0 507958 598534 8 16 9 15 -1 -1 1111111101000000010000000000000000000000000000000000000000000020000023300000000000000000002000000000002002000000000022222 1
1 0 507750 598534 4 14 3 13 -1 -1 1111111101000000010000000000000000000000000000000000000000000000000023320000000000000000002000000000002002000000000022222 1
