1322296109000
artificialwintelligence
kingfish
1 0 599646 600000 14 12 12 10 -1 -1 2222222222000000000000000000000000000000000000000000000000000000000000000000000000000000000000000000000000000001111111111 2
2 0 599646 599871 2 14 4 12 -1 -1 2222222222000000000000000000000000000000000000000000000000000000000000000000000000000000000000000000000100000001111101111 2
1 0 599219 599871 13 11 11 9 -1 -1 2222202222000000200000000000000000000000000000000000000000000000000000000000000000000000000000000000000100000001111101111 2
2 0 599219 599870 0 12 4 16 -1 -1 2222202222000000200000000000000000000000000000000000000000000000000000000000000000000000001000000000000100000001011101111 2
1 0 598480 599870 14 14 12 8 -1 -1 0222202222000000202000000000000000000000000000000000000000000000000000000000000000000000001000000000000100000001011101111 2
2 0 598480 599869 2 12 4 10 -1 -1 0222202222000000202000000000000000000000000000000000000000000000000000000000000000000000001000000000001100000001011100111 2
1 0 598149 599869 12 10 10 8 -1 -1 0222002222000002202000000000000000000000000000000000000000000000000000000000000000000000001000000000001100000001011100111 2
2 0 598149 599868 3 9 5 11 -1 -1 0222002222000002202000000000000000000000000000000000000000000000000000000000001000000000001000000000001000000001011100111 2
1 0 597003 599868 13 9 9 9 -1 -1 0222000222000002202000000000200000000000000000000000000000000000000000000000001000000000001000000000001000000001011100111 2
2 0 597003 599867 1 11 3 9 -1 -1 0222000222000002202000000000200000000000000000000000000000000000000010000000001000000000001000000000001000000000011100111 2
1 0 596233 599867 16 12 12 16 -1 -1 0022002222000002202000000000200000000000000000000000000000000000000010000000001000000000001000000000001000000000011100111 2
2 0 596233 599722 3 11 5 13 -1 -1 0022002222000002202000000000200000000000000000000000000000000000000010000000001000000000001000000000001000100000011100110 2
1 0 594451 599722 12 8 8 8 -1 -1 0022002022000002202000000000220000000000000000000000000000000000000010000000001000000000001000000000001000100000011100110 2
2 0 594451 599721 3 15 5 9 -1 -1 0022002022000002202000000000220000000000000000000000000000100000000010000000001000000000001000000000000000100000011100110 2
1 0 592131 599721 11 9 7 9 -1 -1 0022002020000002202000000002220000000000000000000000000000100000000010000000001000000000001000000000000000100000011100110 2
2 0 592131 595593 4 10 8 10 -1 -1 0022002020000002202000000002220000000000000000000100000000100000000010000000001000000000000000000000000000100000011100110 2
1 0 590812 595593 15 11 13 9 -1 -1 0022002020000000202000000002220000000000000000000100000000120000000010000000001000000000000000000000000000100000011100110 2
2 0 590812 591790 5 11 6 12 -1 -1 0022002020000000202000000002220000000000000000000100000000120000000010000000001000000000000000000000000000100001011100010 2
1 0 589109 591790 8 8 4 8 -1 -1 0022002020000000202000000002020000000000200000000100000000120000000010000000001000000000000000000000000000100001011100010 2
2 0 589109 586339 4 12 10 10 -1 -1 0022002020000010202000000002020000000000200000000100000000020000000010000000001000000000000000000000000000100001011100010 2
1 0 587643 586339 15 13 14 14 -1 -1 0022002020000010002000000002020000000000200000000100000000020000000010000000001200000000000000000000000000100001011100010 2
2 0 587643 582137 3 9 7 13 -1 -1 0022002020000010002000000002020000000000200000000100000000020000000010000000001200000000000000000000000000100001011101000 2
1 0 586627 582137 14 10 12 8 -1 -1 0022000020000010002000000002020000000000200000000102000000020000000010000000001200000000000000000000000000100001011101000 2
2 0 586627 578883 1 13 2 14 -1 -1 0022000020000010002000000002020000000000200000000102000000020000000010000000001200000000000000000000001000100001011001000 2
1 0 584155 578883 12 16 11 15 -1 -1 0002020020000010002000000002020000000000200000000102000000020000000010000000001200000000000000000000001000100001011001000 2
2 0 584155 574391 2 14 8 12 -1 -1 0002020020000010002000000002020000000000200000000102000000020000000010000000001200000000000001000000001000000001011001000 2
1 0 579087 574391 9 9 8 8 -1 -1 0002000020000010002000000002020000000000200000000102000000022000000010000000001200000000000001000000001000000001011001000 2
2 0 579087 567480 5 13 11 7 -1 -1 0002000020000010002000000002020000000000200000000102000000122000000000000000001200000000000001000000001000000001011001000 2
1 0 577098 567480 14 14 10 14 -1 -1 0002000020000010002000000002000000000000200000000102000000122000000000000000001200000000020001000000001000000001011001000 2
2 0 577098 561119 6 12 7 11 -1 -1 0002000020000010002000000002000000000000200000000102000000122000000000000000001201000000020001000000001000000001011000000 2
1 0 574377 561119 13 13 12 14 -1 -1 0002000020000010002000000002000000000000000000000122000000122000000000000000001201000000020001000000001000000001011000000 2
2 0 574377 555613 7 13 9 11 -1 -1 0002000020000010002000000002000000000000000000000122000000122000000000000000001201000000020001000000001001000001001000000 2
1 0 571693 555613 13 15 9 15 -1 -1 0002000020000010002000000002000000000000000000000120000000122000000002000000001201000000020001000000001001000001001000000 2
2 0 571693 550298 7 11 11 11 -1 -1 0002000020000010002000000002000000000000000000000120000000122000000002010000001201000000020001000000001001000001000000000 2
1 0 569568 550298 13 9 12 10 -1 -1 0002000020000010002000000002000000000000000000000100000000122000000002010000001201000000020201000000001001000001000000000 2
2 0 569568 541475 9 11 13 11 -1 -1 0002000020000010002000000002000000000000000000000100000000122000000002010000001201000000020201000000001101000000000000000 2
1 0 566205 541475 12 14 8 14 -1 -1 0002000020000010002000000002000000000000000000000100000000122000000000010000001201000000020201000000001101000000200000000 2
2 0 566205 532995 10 10 14 10 -1 -1 0002000020000010002000000002000000000000000000000100000000122100000000010000001201000000020201000000001100000000200000000 2
1 0 562783 532995 11 15 7 15 -1 -1 0002000020000010002000000002000000000000000000000100000000122100000000010000001001000000020201000000001100000000200200000 2
2 0 562783 526442 11 7 13 13 -1 -1 0002000020000010002000000002000000000000000000000100100000122100000000010000001001000000020200000000001100000000200200000 2
1 0 558986 526442 10 14 6 14 -1 -1 0002000020000010002000000002000000000000000000000100100000122100000000010000001001000000000200000000001100000000220200000 2
2 0 558986 518294 11 11 15 11 -1 -1 0002000020000010002000000002000000000000010000000100100000122100000000010000001000000000000200000000001100000000220200000 2
1 0 554761 518294 9 15 5 15 -1 -1 0002000020000010002000000002000000000000010000000100100000122100000000010000001000000000000000000000001100000000220200200 2
2 0 554761 511113 3 13 4 14 -1 -1 0002000020000010002000000002001000000000010000000100100000122100000000000000001000000000000000000000001100000000220200200 2
1 0 551645 511113 12 10 11 9 -1 -1 0002000000000010022000000002001000000000010000000100100000122100000000000000001000000000000000000000001100000000220200200 2
2 0 551645 505291 8 10 7 11 -1 -1 0002000000000010022000000002001000000000010000000100100000122100000000000000001000000000001000000000001000000000220200200 2
1 0 547968 505291 12 8 10 10 -1 -1 0002000000000010022000000002001000000000010000000120100000102100000000000000001000000000001000000000001000000000220200200 2
2 0 547968 500832 4 14 8 10 -1 -1 0002000000000010022000000002001000000000010000000120100000102100000000000000001100000000001000000000000000000000220200200 2
1 0 545675 500832 11 9 7 17 -1 -1 0002000000000010002000000002001000000000010000000120100000122100000000000000001100000000001000000000000000000000220200200 2
2 0 545675 495206 7 11 11 11 -1 -1 0002000000000010002000000002001000000000010000000120110000122100000000000000001100000000000000000000000000000000220200200 2
1 0 543034 495206 8 14 4 14 -1 -1 0002000000000010002000000002001000000000010000000100110000122100000000000000001100000000000200000000000000000000220200200 2
2 0 543034 488587 8 12 9 11 -1 -1 0002000000000010012000000002001000000000010000000100110000122000000000000000001100000000000200000000000000000000220200200 2
1 0 540311 488587 10 10 8 12 -1 -1 0002000000000010012000000002001000000000010000000100110000120000000002000000001100000000000200000000000000000000220200200 2
2 0 540311 484111 8 10 14 12 -1 -1 0002000000000010012000000002001000000000010000000100110000121000000002000000001000000000000200000000000000000000220200200 2
1 0 537367 484111 7 15 3 15 -1 -1 0002000000000010012000000002001000000000010000000100110000101000000002000000001000000000000200000000000000000000220220200 2
2 0 537367 480300 9 11 10 10 -1 -1 0002000001000010012000000002001000000000010000000100010000101000000002000000001000000000000200000000000000000000220220200 2
1 0 535484 480300 10 8 9 9 -1 -1 0002000001000010012000000002001000000000010000000100010000101000000000000000001200000000000200000000000000000000220220200 2
2 0 535484 477761 10 10 14 14 -1 -1 0002000001000010012000000002001000000000010000000100010000101000000010000000000200000000000200000000000000000000220220200 2
1 0 533473 477761 8 12 7 13 -1 -1 0002000001000010012000000002001000000000010000000100010000101000000010000000000000000000000200000000000000000000220222200 2
2 0 533473 476471 2 10 3 9 -1 -1 0002000001000010012000000002001000000000010000000101010000100000000010000000000000000000000200000000000000000000220222200 2
1 0 531865 476471 9 9 5 17 -1 -1 0000002001000010012000000002001000000000010000000101010000100000000010000000000000000000000200000000000000000000220222200 2
2 0 531865 473432 3 9 4 10 -1 -1 0000002001000010012000000002001100000000010000000101010000100000000000000000000000000000000200000000000000000000220222200 2
1 0 529777 473432 8 8 6 10 -1 -1 0000000001000012012000000002001100000000010000000101010000100000000000000000000000000000000200000000000000000000220222200 2
2 0 529777 469846 4 10 8 10 -1 -1 0000000001000012012000000002001100000001010000000101010000000000000000000000000000000000000200000000000000000000220222200 2
1 0 528648 469846 7 9 3 9 -1 -1 0000000001000010012000000002001100000001010000000101010000020000000000000000000000000000000200000000000000000000220222200 2
2 0 528648 466882 5 9 9 9 -1 -1 0000001001000010012000000002001100000001010000000001010000020000000000000000000000000000000200000000000000000000220222200 2
1 0 526759 466882 5 15 3 13 -1 -1 0000001001000010012000000000001100000001010000000001010000020000000020000000000000000000000200000000000000000000220222200 2
2 0 526759 464437 4 16 8 16 -1 -1 0000001011000010012000000000000100000001010000000001010000020000000020000000000000000000000200000000000000000000220222200 2
1 0 524487 464437 3 13 2 12 -1 -1 0000001011000010010000000000000100000001010000000001010000020020000020000000000000000000000200000000000000000000220222200 2
2 0 524487 461511 9 9 9 11 -1 -1 0000101001000010010000000000000100000001010000000001010000020020000020000000000000000000000200000000000000000000220222200 2
1 0 522035 461511 7 13 1 11 -1 -1 0000101001000010010000000000000100000001010000000001010000020020000002000000000000000000000200000000000000000000220222200 2
2 0 522035 457661 8 10 12 10 -1 -1 0100101001000010010000000000000100000001010000000000010000020020000002000000000000000000000200000000000000000000220222200 2
1 0 520291 457661 7 17 6 16 -1 -1 0100101001000010010000000000000100000001010000000000010000000020000002000000000000000000000200000000000200000000220222200 2
2 0 520291 456253 8 16 9 17 -1 -1 0100101001000010010000000000000100000001011000000000000000000020000002000000000000000000000200000000000200000000220222200 2
1 0 518306 456253 4 8 0 12 -1 -1 0100101001000010010000000000000100000001011000000000000000000000000002002000000000000000000200000000000200000000220222200 2
2 0 518306 454932 9 11 10 10 -1 -1 1100101001000000010000000000000100000001011000000000000000000000000002002000000000000000000200000000000200000000220222200 2
1 0 516778 454932 6 10 5 9 -1 -1 1100101001000000010000000000000100000001011000000000000000000000000000002000000200000000000200000000000200000000220222200 2
2 0 516778 452431 14 14 15 13 -1 -1 1100101001000000010000000001000100000000011000000000000000000000000000002000000200000000000200000000000200000000220222200 2
1 0 514949 452431 6 14 2 14 -1 -1 1100101001000000010000000001000100000000011000000000000000000000000000002000000200000000000200000000000200000000220220220 2
2 0 514949 451380 9 17 10 16 -1 -1 1100111001000000010000000001000100000000001000000000000000000000000000002000000200000000000200000000000200000000220220220 2
1 0 513772 451380 6 16 5 15 -1 -1 1100111001000000010000000001000100000000001000000000000000000000000000000000000200200000000200000000000200000000220220220 2
2 0 513772 449868 10 16 11 15 -1 -1 1100111001000000010000000001001100000000000000000000000000000000000000000000000200200000000200000000000200000000220220220 2
1 0 512544 449868 5 15 3 13 -1 -1 1100111001000000010000000001001100000000000000000000000000000000000000000000000200000000000202000000000200000000220220220 2
2 0 512544 448394 11 15 12 14 -1 -1 1100111011000000010000000001000100000000000000000000000000000000000000000000000200000000000202000000000200000000220220220 2
1 0 511205 448394 5 9 4 8 -1 -1 1100111011000000010000000001000100000000000000000000000000000000000000000000000200000000000200000000000202000000220220220 2
2 0 511205 447507 10 10 16 12 -1 -1 1100111011000010010000000000000100000000000000000000000000000000000000000000000200000000000200000000000202000000220220220 2
1 0 510616 447507 4 8 2 10 -1 -1 1100111011000010010000000000000100000000000000000000000000000000000000000000000000000000000200000000000202000000220220222 2
2 0 510616 447074 11 11 13 9 -1 -1 1101111011000000010000000000000100000000000000000000000000000000000000000000000000000000000200000000000202000000220220222 2
1 0 510218 447074 5 17 4 16 -1 -1 1101111011000000010000000000000100000000000000000000000000000000000000000000000000000000000000000000000202000002220220222 2
2 0 510218 446819 12 10 12 12 -1 -1 1101111011000000011000000000000000000000000000000000000000000000000000000000000000000000000000000000000202000002220220222 2
1 0 509946 446819 2 12 1 13 -1 -1 1101111011000000011000000000000000000000000000000000000000000000000000000000000000000000000000000000000022000002220220222 2
2 0 509946 446628 12 14 13 15 -1 -1 1111011011000000011000000000000000000000000000000000000000000000000000000000000000000000000000000000000022000002220220222 2
1 0 509626 446628 4 14 2 12 -1 -1 1111011011000000011000000000000000000000000000000000000000000000000000000000000000000000000000000000000020000002222220222 2
2 0 509626 446489 12 12 14 14 -1 -1 1111111011000000001000000000000000000000000000000000000000000000000000000000000000000000000000000000000020000002222220222 2
