1322291368000
kingfish
deepred
1 0 599781 600000 14 10 12 12 -1 -1 2222222222000000000000000000000000000000000000000000000000000000000000000000000000000000000000000000000000000001111111111 1
2 0 599781 -107 2 14 4 16 -1 -1 2222222222000000000000000000000000000000000000000000000000000000000000000000000000000000000000000000000010000001111011111 1
1 0 599779 -107 16 12 12 8 -1 -1 2222202222000000002000000000000000000000000000000000000000000000000000000000000000000000000000000000000010000001111011111 1
2 0 599779 -107 0 12 4 12 -1 -1 2222202222000000002000000000000000000000000000000000000000000000000000000000000000000000000000000000001010000001111011110 1
1 0 599778 -107 13 13 11 11 -1 -1 0222202222000000202000000000000000000000000000000000000000000000000000000000000000000000000000000000001010000001111011110 1
2 0 599778 -107 2 12 6 16 5 15 0222202222000000202000000000000000000000000000000000000000000000000000000000000000000000000100000000001010000001101011110 1
1 0 599777 -107 14 12 10 12 -1 -1 0222002222000000202000000000003000000000002000000000000000000000000000000000000000000000000100000000001010000001101011110 1
2 0 599777 -107 3 15 7 15 6 10 0222002222000000202000000000003000000000002000000000000000000000000000000000000010000000000100000000001010000001101001110 1
1 0 599777 -107 13 11 9 11 -1 -1 0222002220000000202000000000003000000003002000000000200000000000000000000000000010000000000100000000001010000001101001110 1
2 0 599777 -107 4 16 8 16 -1 -1 0222002220000000202000000000003000000003002000000000200000000000000001000000000010000000000100000000001010000001001001110 1
1 0 599574 -107 12 12 8 12 -1 -1 0222002220000000200000000000003000000003002000000000200000000020000001000000000010000000000100000000001010000001001001110 1
2 0 599574 -107 3 13 7 9 -1 -1 0222002220000000200000000000003000000003002000000000200000001020000001000000000010000000000100000000001000000001001001110 1
1 0 591447 -107 11 11 5 9 -1 -1 0222002200000000200000000000003000000003002000000200200000001020000001000000000010000000000100000000001000000001001001110 1
2 0 591447 -107 7 15 9 17 -1 -1 0222002200000000200000000001003000000003002000000200200000001020000001000000000010000000000000000000001000000001001001110 1
1 0 586334 -107 10 12 2 12 -1 -1 0222002200000000200000000001003000000003002000000200000000001020000001002000000010000000000000000000001000000001001001110 1
2 0 586334 -107 6 16 10 12 -1 -1 0222102200000000200000000001003000000003002000000200000000001020000001002000000000000000000000000000001000000001001001110 1
1 0 582379 -107 9 11 7 13 -1 -1 0222102200000000200000000001003000000003000000000200000000001020000001002000000020000000000000000000001000000001001001110 1
2 0 582379 -107 1 11 5 11 -1 -1 0222102200000000200000000001003000000003000000000201000000001020000000002000000020000000000000000000001000000001001001110 1
1 0 577329 -107 8 12 4 16 -1 -1 0022102200000000200000000001203000000003000000000201000000001020000000002000000020000000000000000000001000000001001001110 1
2 0 577329 -107 8 16 10 18 -1 -1 0022102200000000201000000001203000000003000000000201000000000020000000002000000020000000000000000000001000000001001001110 1
1 0 573920 -107 5 9 3 15 -1 -1 0022102200000000201000000001203000000003000000000201000000000000000000002000000020020000000000000000001000000001001001110 1
2 0 573920 -107 3 11 7 15 -1 -1 0022102201000000201000000000203000000003000000000201000000000000000000002000000020020000000000000000001000000001001001110 1
1 0 569088 -107 13 15 12 16 -1 -1 0022102001000000201000000000203000000003000000000201200000000000000000002000000020020000000000000000001000000001001001110 1
2 0 569088 -107 1 13 7 7 -1 -1 0022102001000000201000000000203000000003000000000201200000000000000000002000000020020000000000000000001000100001000001110 1
1 0 558642 -107 15 13 9 15 -1 -1 0002102001000000201000000000203000000003000000002201200000000000000000002000000020020000000000000000001000100001000001110 1
2 0 558642 -107 9 17 11 11 -1 -1 0002102001000000201000000000203000000003000000002201200000000000000000012000000020020000000000000000001000100001000001100 1
1 0 548497 -107 12 8 11 9 -1 -1 0002102001000000201000000000203000000003000000002201200000000000000000010000000020020000000200000000001000100001000001100 1
2 0 548497 -107 10 12 12 10 -1 -1 0002102001000000201000000000203000000003000000002201200000000000000000010000000020020000001200000000000000100001000001100 1
1 0 541945 -107 4 16 2 14 -1 -1 0002102001000000201000000000203000000003000000002201200000000000000000010000000000020000001200000000000200100001000001100 1
2 0 541945 -107 2 10 4 8 -1 -1 0002112001000000200000000000203000000003000000002201200000000000000000010000000000020000001200000000000200100001000001100 1
1 0 536842 -107 9 15 8 14 -1 -1 0000112001000020200000000000203000000003000000002201200000000000000000010000000000020000001200000000000200100001000001100 1
2 0 536842 -107 7 15 9 13 -1 -1 0000112001000020200000000000203000000003000000002201200000000100000000000000000000020000001200000000000200100001000001100 1
1 0 531620 -107 8 14 4 10 -1 -1 0000112001000020200000000000203000000003000000002201000000000100000000200000000000020000001200000000000200100001000001100 1
2 0 531620 -107 3 9 5 7 -1 -1 0000112001000021200000000000203000000003000000002201000000000000000000200000000000020000001200000000000200100001000001100 1
1 0 522882 -107 15 11 14 12 -1 -1 0000110001000021200000000020203000000003000000002201000000000000000000200000000000020000001200000000000200100001000001100 1
2 0 522882 -107 4 8 8 8 -1 -1 0000110001000021200000000020203000000003000000002201000000000000000000200000000000020000001200000000000200100001000011000 1
1 0 512918 -107 14 14 10 10 -1 -1 0000110001000001200000000020203000000003000000002201000000200000000000200000000000020000001200000000000200100001000011000 1
2 0 512918 -107 7 7 9 9 -1 -1 0000110001000001200000000020203000000003000000002201000000200000000000200000000100020000001200000000000200100001000010000 1
1 0 501161 -107 11 9 9 11 -1 -1 0000110001000001200000000020203000000003000000000201000000200000000020200000000100020000001200000000000200100001000010000 1
2 0 501161 -107 7 9 9 7 -1 -1 0000110001000001200000000020203000000003000000000201000000200000000021200000000100020000000200000000000200100001000010000 1
1 0 489985 -107 10 10 4 16 -1 -1 0000110001000001200000000020203000000003000000000001000000200000000221200000000100020000000200000000000200100001000010000 1
2 0 489985 -107 8 8 14 10 -1 -1 0000110001000001201000000020203000000003000000000001000000200000000221200000000000020000000200000000000200100001000010000 1
1 0 477483 -107 7 13 6 12 -1 -1 0000110001000001201000000020203000000003000000000001000000000000000221200000000000020000000200000000000200100001000210000 1
2 0 477483 -107 5 11 7 9 -1 -1 0000110001000001201000000020203000000003100000000000000000000000000221200000000000020000000200000000000200100001000210000 1
1 0 467726 -107 4 10 3 11 -1 -1 0000110001000001201000000020003000000003100000000200000000000000000221200000000000020000000200000000000200100001000210000 1
2 0 467726 -107 14 10 15 11 -1 -1 0000110101000000201000000020003000000003100000000200000000000000000221200000000000020000000200000000000200100001000210000 1
1 0 455709 -107 6 12 4 6 -1 -1 0000110101000000201000000020003000000003100000000200000000000000000221200000000000020000000200000000000200100001000010200 1
2 0 455709 -107 15 11 16 12 -1 -1 0000110101000100201000000020003000000003000000000200000000000000000221200000000000020000000200000000000200100001000010200 1
1 0 446327 -107 9 11 8 12 -1 -1 0000110101000100201000000020003000000003000000000200000000000000000221200000000000020000000200000000000200100001000010002 1
2 0 446327 -107 12 10 13 11 -1 -1 0000110101000100201000000020003000000003000000000200000000001000000220200000000000020000000200000000000200100001000010002 1
1 0 434642 -107 14 12 6 12 -1 -1 0000110101000100201000000020003000000003000000000200000000001000000220200000000000020000000200000000000000100001200010002 1
2 0 434642 -107 7 9 9 11 -1 -1 0000110101000100201000000020003000000003100000000200000000001000000220200000000000020000000200000000000000100001200000002 1
1 0 427791 -107 8 12 7 13 -1 -1 0000110101000100201000000020003000000003100000000000000000001000000222200000000000020000000200000000000000100001200000002 1
2 0 427791 -107 13 11 14 10 -1 -1 0000110101000100201000000020003000000003100000000001000000000000000222200000000000020000000200000000000000100001200000002 1
1 0 419049 -107 7 13 1 11 -1 -1 0000110101000100201000000020003000000003100000000001000000000000000222200000000000020000000200000000000000100001000200002 1
2 0 419049 -107 14 10 15 11 -1 -1 0100110101000100201000000020003000000003100000000000000000000000000222200000000000020000000200000000000000100001000200002 1
1 0 413399 -107 6 12 5 11 -1 -1 0100110101000100201000000020003000000003100000000000000000000000000222200000000000020000000200000000000000100001000000202 1
2 0 413399 -107 11 11 12 10 -1 -1 0100110101000100201000000020103000000003000000000000000000000000000222200000000000020000000200000000000000100001000000202 1
1 0 405656 -107 5 11 3 13 -1 -1 0100110101000100201000000020103000000003000000000000000000000000000222200000000000020000000000000000000200100001000000202 1
2 0 405656 -107 12 10 13 11 -1 -1 0100110111000100201000000020003000000003000000000000000000000000000222200000000000020000000000000000000200100001000000202 1
1 0 403058 -107 12 16 11 15 -1 -1 0100110111000100201000000020003000000003000000000000000000000000000222200000000000020000000000000000000000100001200000202 1
2 0 403058 -107 13 11 14 12 -1 -1 0100110111000100201000000020003000000003000000000000000000000000000222200000000000020000000001000000000000000001200000202 1
1 0 400137 -107 11 15 10 14 -1 -1 0100110111000100201000000020003000000003000000000000000000000000000222200000000000020000000001000000000000000001000020202 1
2 0 400137 -107 9 13 11 15 -1 -1 0100110111000100201000000020003000000003000000000000000000000000000222200000000001020000000000000000000000000001000020202 1
1 0 397888 -107 2 14 1 13 -1 -1 0100110111000100201000000020003000000003000000000000000000000000000222000000000001020000000002000000000000000001000020202 1
2 0 397888 -107 14 12 15 13 -1 -1 0110100111000100201000000020003000000003000000000000000000000000000222000000000001020000000002000000000000000001000020202 1
1 0 394995 -107 4 16 0 12 -1 -1 0110100111000100201000000020003000000003000000000000000000000000000222000000000001020000000002000000000000000001000000222 1
2 0 394995 -107 4 12 6 14 -1 -1 1110100111000100200000000020003000000003000000000000000000000000000222000000000001020000000002000000000000000001000000222 1
1 0 392463 -107 10 14 9 13 -1 -1 1110100111000100000000000020003000000003020000000000000000000000000222000000000001020000000002000000000000000001000000222 1
2 0 392463 -107 11 15 12 16 -1 -1 1110100111000100000000000020003000000003020000000000000000000000000222100000000000020000000002000000000000000001000000222 1
1 0 389759 -107 9 13 8 12 -1 -1 1110100111000100000000000020003000000003020000000000000000000000000222100000000000020000000000000000000000200001000000222 1
2 0 389759 -107 12 16 13 15 -1 -1 1110100111000100000000000020003000000003020000000000000000001000000222000000000000020000000000000000000000200001000000222 1
1 0 387372 -107 13 9 12 10 -1 -1 1110100111000100000000000020003000000003020000000000000000001000000222000000000000020000000000000000000000000001002000222 1
2 0 387372 -107 13 15 14 14 -1 -1 1110100111000100000000000020003000000003020000000000000000001000000222000000000000020000000000000000000100000000002000222 1
1 0 385254 -107 12 10 11 11 -1 -1 1110100111000100000000000020003000000003020000000000000000001000000222000000000000020000000000000000000100000000000002222 1
2 0 385254 -107 10 18 11 17 -1 -1 1110100111000100000000000020003000000003020000000000000000001000000222000000000000020000000100000000000000000000000002222 1
1 0 383038 -107 11 11 10 12 -1 -1 1110100111000100000000000020003000000003020000000000000000001000000222000000000000000000000100200000000000000000000002222 1
2 0 383038 -107 9 11 11 13 -1 -1 1110100111000100000000000020003000000003020000000000000000001000000222000000000010000000000000200000000000000000000002222 1
1 0 378183 -107 10 12 9 13 -1 -1 1110100111000100000000000020003000000003020000000000000000001000000220000000000010000000000020200000000000000000000002222 1
2 0 378183 -107 11 13 12 14 -1 -1 1110100111000100000000000020003000000003020000000000000000001000000220100000000000000000000020200000000000000000000002222 1
1 0 375389 -107 9 13 5 9 -1 -1 1110100111000100000000000020003000000003020000000000000000001000000220100000000000000000000000200000000002000000000002222 1
2 0 375389 -107 5 7 7 9 -1 -1 1110100111000100000000000021003000000003020000000000000000001000000220000000000000000000000000200000000002000000000002222 1
1 0 371572 -107 5 9 4 10 -1 -1 1110100111000100000000000001003000000003020000000200000000001000000220000000000000000000000000200000000002000000000002222 1
2 0 371572 -107 12 14 13 15 -1 -1 1110100111000101000000000000003000000003020000000200000000001000000220000000000000000000000000200000000002000000000002222 1
1 0 368061 -107 4 10 3 9 -1 -1 1110100111000101000000000000003000000003020000000200000000001000000220000000000000000000000000200000000000000000002002222 1
2 0 368061 -107 11 17 12 16 -1 -1 1110101111000100000000000000003000000003020000000200000000001000000220000000000000000000000000200000000000000000002002222 1
1 0 365436 -107 8 12 7 11 -1 -1 1110101111000100000000000000003000000003020000000200000000001000000220000000000000000000000000000000000000200000002002222 1
2 0 365436 -107 9 7 10 8 -1 -1 1110101111000100000000000000003000000003020000000210000000000000000220000000000000000000000000000000000000200000002002222 1
1 0 364266 -107 7 11 5 9 -1 -1 1110101111000100000000000000003000000003020000000210000000000000000020000000002000000000000000000000000000200000002002222 1
2 0 364266 -107 9 9 11 7 -1 -1 1110101111000100000000000001003000000003020000000200000000000000000020000000002000000000000000000000000000200000002002222 1
1 0 362905 -107 5 9 4 8 -1 -1 1110101111000100000000000001003000000003020000000200000000000000000000000000002000000000020000000000000000200000002002222 1
2 0 362905 -107 11 7 12 8 -1 -1 1110101111000110000000000000003000000003020000000200000000000000000000000000002000000000020000000000000000200000002002222 1
1 0 362261 -107 4 8 2 14 -1 -1 1110101111000110000000000000003000000003020000000200000000000000000000000000002000000000000000000000002000200000002002222 1
2 0 362261 -107 12 8 13 9 -1 -1 1110111111000100000000000000003000000003020000000200000000000000000000000000002000000000000000000000002000200000002002222 1
1 0 361651 -107 4 6 4 8 -1 -1 1110111111000100000000000000003000000003020000000200000000000000000000000000002000000000000000000000000000200002002002222 1
2 0 361651 -107 13 9 14 10 -1 -1 1110111111000010000000000000003000000003020000000200000000000000000000000000002000000000000000000000000000200002002002222 1
1 0 361067 -107 4 8 2 10 -1 -1 1110111111000010000000000000003000000003020000000200000000000000000000000000002000000000000000000000000000200000002202222 1
