1322290850000
kingfish
droptable
1 0 599805 600000 14 10 12 12 -1 -1 2222222222000000000000000000000000000000000000000000000000000000000000000000000000000000000000000000000000000001111111111 1
2 0 599805 590428 2 10 4 8 -1 -1 2222222222000000000000000000000000000000000000000000000000000000000000000000000000000000000000000000000010000001111011111 1
1 0 599803 590428 16 12 12 8 -1 -1 2220222222000020000000000000000000000000000000000000000000000000000000000000000000000000000000000000000010000001111011111 1
2 0 599803 581689 3 15 4 14 -1 -1 2220222222000020000000000000000000000000000000000000000000000000000000000000000000000000000000000000001010000001111011110 1
1 0 599792 581689 13 13 11 11 -1 -1 2220222220000020020000000000000000000000000000000000000000000000000000000000000000000000000000000000001010000001111011110 1
2 0 599792 570240 3 11 4 10 -1 -1 2220222220000020020000000000000000000000000000000000000000000000000000000000000000000000000100000000001010000001101011110 1
1 0 599791 570240 14 12 10 12 -1 -1 2220222020000022020000000000000000000000000000000000000000000000000000000000000000000000000100000000001010000001101011110 1
2 0 599791 561347 4 14 5 13 -1 -1 2220222020000022020000000000000000000000000000000000000000000000000000000000000010000000000100000000001010000001101001110 1
1 0 599790 561347 13 11 9 11 -1 -1 2220222020000022000000000000020000000000000000000000000000000000000000000000000010000000000100000000001010000001101001110 1
2 0 599790 546733 1 13 5 9 -1 -1 2220222020000022000000000000020000000000000000000000000000000000000001000000000010000000000100000000001010000001001001110 1
1 0 599604 546733 12 12 8 12 -1 -1 2200222020000022000000000002020000000000000000000000000000000000000001000000000010000000000100000000001010000001001001110 1
2 0 599604 530832 2 12 6 12 -1 -1 2200222020000022000000000002020000000000000000000000000000001000000001000000000010000000000100000000001000000001001001110 1
1 0 595786 530832 9 11 5 11 -1 -1 2200022020000022000000000002020000000000200000000000000000001000000001000000000010000000000100000000001000000001001001110 1
2 0 595786 524616 3 9 5 7 -1 -1 2200022020000022000000000002120000000000200000000000000000001000000000000000000010000000000100000000001000000001001001110 1
1 0 594131 524616 11 11 7 11 -1 -1 2200020020000022000000000022120000000000200000000000000000001000000000000000000010000000000100000000001000000001001001110 1
2 0 594131 512904 6 12 8 14 -1 -1 2200020020000022000000000022120000000000200000000010000000001000000000000000000010000000000000000000001000000001001001110 1
1 0 591388 512904 13 15 12 14 -1 -1 2200020020000022000000000022120000000000000000000010000000001200000000000000000010000000000000000000001000000001001001110 1
2 0 591388 502739 4 10 6 8 -1 -1 2200020020000022000000000022120000000000000000000010000000001200000000000000000010000000000000000000001001000001000001110 1
1 0 585938 502739 15 13 7 13 -1 -1 2200020020000020000000000022120000000020000000000010000000001200000000000000000010000000000000000000001001000001000001110 1
2 0 585938 493260 4 8 6 10 -1 -1 2200020020000020000000000022120000000020000000000011000000001200000000000000000010000000000000000000001001000001000001100 1
1 0 582260 493260 8 12 4 12 -1 -1 2200020020000000000000000022120000000022000000000011000000001200000000000000000010000000000000000000001001000001000001100 1
2 0 582260 481625 6 10 7 9 -1 -1 2200020020000000100000000022120000000022000000000011000000000200000000000000000010000000000000000000001001000001000001100 1
1 0 574385 481625 15 11 15 13 -1 -1 2200020020000000100000000022120000000020000000000211000000000200000000000000000010000000000000000000001001000001000001100 1
2 0 574385 471995 5 7 6 6 -1 -1 2200020020000000100000000022120000000020000000000211000000000200000000000000000010000000000000000000001001000001000001010 1
1 0 565861 471995 15 13 9 11 -1 -1 2200020020000000100000000002120000000220000000000211000000000200000000000000000010000000000000000000001001000001000001010 1
2 0 565861 461119 3 13 4 14 -1 -1 2200020020000000100000000002120000000220000000000211000000000200000001000000000010000000000000000000001001000001000001000 1
1 0 558884 461119 10 12 4 10 -1 -1 2200020000000000120000000002120000000220000000000211000000000200000001000000000010000000000000000000001001000001000001000 1
2 0 558884 434769 2 14 3 13 -1 -1 2200020000000001120000000002120000000220000000000211000000000200000001000000000000000000000000000000001001000001000001000 1
1 0 551311 434769 9 11 8 10 -1 -1 2200000020000001120000000002120000000220000000000211000000000200000001000000000000000000000000000000001001000001000001000 1
2 0 551311 393503 6 6 8 16 -1 -1 2200000020000001120000000002120000000220000000000211000000010200000000000000000000000000000000000000001001000001000001000 1
1 0 547401 393503 8 10 6 12 -1 -1 2200000020000001120000000002120000000020000000000211000000010220000000000000000000000000000000000000001001000001000001000 1
2 0 547401 379461 8 16 9 15 -1 -1 2200000020000001120000000002120000000020100000000211000000000220000000000000000000000000000000000000001001000001000001000 1
1 0 544657 379461 13 9 11 7 -1 -1 2200000020000001120000000002120000000020100000000211000000000200000000020000000000000000000000000000001001000001000001000 1
2 0 544657 372273 5 9 6 10 -1 -1 2200000020000001120000000002120000000020100000000211000000000200000000020000000000000000010000000000001001000000000001000 1
1 0 541080 372273 14 14 13 13 -1 -1 2200000020000001120000000000120000000022100000000211000000000200000000020000000000000000010000000000001001000000000001000 1
2 0 541080 358157 6 8 8 10 -1 -1 2200000020000001120000000000120000000022100000000211000000000200000000020000000000000000010000000000001001000000010000000 1
1 0 537842 358157 7 11 3 11 -1 -1 2200000020000001120000000000120000000002100000000211000000020200000000020000000000000000010000000000001001000000010000000 1
2 0 537842 324496 5 13 9 13 -1 -1 2200000120000001120000000000120000000002100000000201000000020200000000020000000000000000010000000000001001000000010000000 1
1 0 534668 324496 5 11 3 9 -1 -1 2200000120000001120000000000100000000002100000000201000000020200000000220000000000000000010000000000001001000000010000000 1
2 0 534668 317401 4 14 5 13 -1 -1 2200001120000001120000000000000000000002100000000201000000020200000000220000000000000000010000000000001001000000010000000 1
1 0 530235 317401 6 12 2 12 -1 -1 2200001120000001100000000000020000000002100000000201000000020200000000220000000000000000010000000000001001000000010000000 1
2 0 530235 314714 0 12 4 8 -1 -1 2200101120000001100000000000020000000002000000000201000000020200000000220000000000000000010000000000001001000000010000000 1
1 0 521644 314714 13 13 12 12 -1 -1 0200101120000021100000000000020000000002000000000201000000020200000000220000000000000000010000000000001001000000010000000 1
2 0 521644 305413 3 13 5 11 -1 -1 0200101120000021100000000000020000000002000000000201000000020200000000220000000000000000010000000000001011000000000000000 1
1 0 515296 305413 12 14 10 8 -1 -1 0200101100000021100000000000220000000002000000000201000000020200000000220000000000000000010000000000001011000000000000000 1
2 0 515296 275424 5 13 7 15 -1 -1 0200101100000021100000000000220000000002000000000201000000020200000000220000001000000000010000000000001010000000000000000 1
1 0 508223 275424 11 7 5 13 -1 -1 0200101100000021100000000000200000000002000000000201200000020200000000220000001000000000010000000000001010000000000000000 1
2 0 508223 245427 9 15 10 14 -1 -1 0200101100000021100000000000210000000002000000000201200000020200000000220000001000000000000000000000001010000000000000000 1
1 0 501242 245427 10 8 9 9 -1 -1 0200101100000021100000000000210000000002000000000201200000020200000000200000001002000000000000000000001010000000000000000 1
2 0 501242 215439 10 14 11 15 -1 -1 0200101100000021100000000000210000000002000000000201200000020200000010200000000002000000000000000000001010000000000000000 1
1 0 492603 215439 9 9 8 8 -1 -1 0200101100000021100000000000210000000002000000000201200000020200000010200000000000000000000002000000001010000000000000000 1
2 0 492603 185447 9 13 10 12 -1 -1 0200101100000021100000000000210000000002000000000201200000120200000000200000000000000000000002000000001010000000000000000 1
1 0 486361 185447 12 12 11 13 -1 -1 0200101100000021100000000000210000000002000000000201200000120200000000000000000020000000000002000000001010000000000000000 1
2 0 486361 155451 7 15 11 11 -1 -1 0200101100000021100000000000210000000002000000000201200000120200000000000000000020000000000012000000001000000000000000000 1
1 0 478050 155451 11 13 9 11 -1 -1 0200101100000021100000000000210000000002000000000201000000120200000000000000000020000000000212000000001000000000000000000 1
2 0 478050 125454 11 11 12 12 -1 -1 0200101100000021100000000000210000000002000000000201000000120200000001000000000020000000000202000000001000000000000000000 1
1 0 466517 125454 12 8 11 9 -1 -1 0200101100000021100000000000210000000002000000000201000000120200000001000000000020000000000002000000001020000000000000000 1
2 0 466517 95457 11 15 12 16 -1 -1 0200101100000021100000000000210000000002000000000201000000120200000001000000000020000000001002000000000020000000000000000 1
1 0 456430 95457 11 9 10 10 -1 -1 0200101100000021100000000000210000000002000000000201000000120200000001000000000020000000001000000000000020200000000000000 1
2 0 456430 65465 8 14 9 13 -1 -1 0200101100000021100000000000210000000002000000000201000000120200000001000000000120000000000000000000000020200000000000000 1
1 0 450310 65465 10 10 6 14 -1 -1 0200101100000021100000000000210000000002000000000201000000120000000001200000000120000000000000000000000020200000000000000 1
2 0 450310 35472 12 16 13 15 -1 -1 0200101100000021100000000000210000000002010000000201000000120000000001200000000020000000000000000000000020200000000000000 1
1 0 444982 35472 4 12 3 13 -1 -1 0200101100000021100000000000210000000002010000000201000000120000000001200000000020000000000000000000000020000000002000000 1
2 0 444982 5480 1 11 2 10 -1 -1 0200101110000021000000000000210000000002010000000201000000120000000001200000000020000000000000000000000020000000002000000 1
1 0 438844 5480 7 13 5 15 -1 -1 0002101110000021000000000000210000000002010000000201000000120000000001200000000020000000000000000000000020000000002000000 1
2 0 438844 5476 9 13 13 13 9 15 0002101110000021000000000000211000000002010000000200000000120000000001200000000020000000000000000000000020000000002000000 1
1 0 431396 5476 6 14 2 14 -1 -1 0002101110000021000000000000211000000002010000000200000000120000000001030000000020000000000000000000000020000000022000000 1
2 0 431396 5473 2 10 6 14 -1 -1 0002111110000021000000000000211000000002000000000200000000120000000001030000000020000000000000000000000020000000022000000 1
1 0 422153 5473 5 13 4 12 -1 -1 0000111110000021000000000000211000000002020000000200000000120000000001030000000020000000000000000000000020000000022000000 1
2 0 422153 5470 7 9 9 7 -1 -1 0000111110000021100000000000201000000002020000000200000000120000000001030000000020000000000000000000000020000000022000000 1
1 0 416437 5470 5 15 4 16 -1 -1 0000111110000021100000000000201000000002020000000000000000120000000201030000000020000000000000000000000020000000022000000 1
2 0 416437 5468 5 11 7 9 -1 -1 0000111110000021101000000000200000000002020000000000000000120000000201030000000020000000000000000000000020000000022000000 1
1 0 411611 5468 4 16 3 15 -1 -1 0000111110000021101000000000000000000002020000000200000000120000000201030000000020000000000000000000000020000000022000000 1
2 0 411611 5466 8 10 10 8 -1 -1 0000111111000021100000000000000000000002020000000200000000120000000201030000000020000000000000000000000020000000022000000 1
1 0 407417 5466 8 8 8 12 -1 -1 0000111111000021100000000000000000000002020000000200000000100000000201030000002020000000000000000000000020000000022000000 1
2 0 407417 5463 6 10 10 10 -1 -1 0000111111000021100000000000000000000002020000000200000000001000000201030000002020000000000000000000000020000000022000000 1
1 0 405367 5463 4 12 2 10 -1 -1 0000111111000021100000000000000000000000020000000200000000001000000201030000002220000000000000000000000020000000022000000 1
2 0 405367 5461 9 7 11 9 -1 -1 0001111111000021000000000000000000000000020000000200000000001000000201030000002220000000000000000000000020000000022000000 1
1 0 403508 5461 2 12 1 13 -1 -1 0001111111000021000000000000000000000000020000000200000000001000000001030000002220000000002000000000000020000000022000000 1
2 0 403508 5459 10 8 14 12 -1 -1 0011011111000021000000000000000000000000020000000200000000001000000001030000002220000000002000000000000020000000022000000 1
1 0 399997 5459 9 11 5 15 -1 -1 0011011111000021000000000000000000000000020000000200000000001000000001030000000220000000002000000000000020000000022020000 1
2 0 399997 5457 11 9 15 13 -1 -1 0011011111000021000000000000001000000000020000000200000000001000000000030000000220000000002000000000000020000000022020000 1
1 0 394878 5457 8 12 7 11 -1 -1 0011011111000021000000000000001000000000020000000200000000001000000000030000000220000000000000000000000020000000022020020 1
2 0 394878 5455 12 12 16 12 -1 -1 0011011111000021000000000000001000000000020000000210000000000000000000030000000220000000000000000000000020000000022020020 1
1 0 392106 5455 4 10 2 12 -1 -1 0011011111000021000000000000001000000000020000000210000000000000000000030000000220000000000000000000000000000000022020022 1
2 0 392106 5454 13 13 15 11 -1 -1 0011111111000020000000000000001000000000020000000210000000000000000000030000000220000000000000000000000000000000022020022 1
1 0 390128 5454 2 12 1 11 -1 -1 0011111111000020000000000000001000000000020000000210000000000000000000030000000220000000000000000000000000000000002020222 1
2 0 390128 5453 4 8 5 9 -1 -1 0111011111000020000000000000001000000000020000000210000000000000000000030000000220000000000000000000000000000000002020222 1
1 0 387881 5453 7 11 6 12 -1 -1 0111011111000000000000000002001000000000020000000210000000000000000000030000000220000000000000000000000000000000002020222 1
2 0 387881 5452 6 14 8 8 -1 -1 0111011111000000000000000002001000000000120000000200000000000000000000030000000220000000000000000000000000000000002020222 1
1 0 384423 5452 5 15 5 13 -1 -1 0111011111000000000000000002001000000000100000000200000000200000000000030000000220000000000000000000000000000000002020222 1
2 0 384423 5451 7 9 9 7 -1 -1 0111011111000000000000000002010000000000100000000200000000200000000000030000000220000000000000000000000000000000002020222 1
1 0 383614 5451 2 10 0 12 -1 -1 0111011111000000000000000002010000000000100000000000000000200000000200030000000220000000000000000000000000000000002020222 1
2 0 383614 5449 8 8 10 6 -1 -1 1110011111000000000000000002010000000000100000000000000000200000000200030000000220000000000000000000000000000000002020222 1
1 0 382637 5449 6 12 2 12 -1 -1 1110011111000000000000000002010000000000100000000000000000000000000200030000020220000000000000000000000000000000002020222 1
2 0 382637 5447 5 9 6 10 -1 -1 1110111111000000000000000002010000000000000000000000000000000000000200030000020220000000000000000000000000000000002020222 1
1 0 382042 5447 5 13 4 12 -1 -1 1110111111000000000000000000010000000002000000000000000000000000000200030000020220000000000000000000000000000000002020222 1
2 0 382042 5446 6 10 7 11 -1 -1 1110111111000000100000000000000000000002000000000000000000000000000200030000020220000000000000000000000000000000002020222 1
1 0 381742 5446 4 12 2 10 -1 -1 1110111111000000100000000000000000000000000000000020000000000000000200030000020220000000000000000000000000000000002020222 1
