1322295307000
benny
kingfish
1 0 599924 600000 14 12 12 14 -1 -1 2222222222000000000000000000000000000000000000000000000000000000000000000000000000000000000000000000000000000001111111111 2
2 0 599924 599894 2 14 4 12 -1 -1 2222222222000000000000000000000000000000000000000000000000000000000000000000000000000000000000000000000001000001111101111 2
1 0 599922 599894 14 10 12 16 7 15 2222202222000000200000000000000000000000000000000000000000000000000000000000000000000000000000000000000001000001111101111 2
2 0 599922 599893 0 12 4 16 -1 -1 2222202222000000200000000000000000000000000000000000300000000000000000000000000000000000000000000000000001100001111001111 2
1 0 599921 599893 16 12 12 8 -1 -1 0222202222000000202000000000000000000000000000000000300000000000000000000000000000000000000000000000000001100001111001111 2
2 0 599921 599892 3 11 5 13 -1 -1 0222202222000000202000000000000000000000000000000000300000000000000000000000000000000000000000000000001001100001111001110 2
1 0 599920 599892 14 14 12 12 4 8 0222202022000000202000000000020000000000000000000000300000000000000000000000000000000000000000000000001001100001111001110 2
2 0 599920 599891 2 12 6 12 -1 -1 0222202022000030202000000000020000000000000000000000300000000000000000000000000000000000000000000000001011100001111000110 2
1 0 599919 599891 13 15 11 13 -1 -1 0222002022000030202000000000020000000000200000000000300000000000000000000000000000000000000000000000001011100001111000110 2
2 0 599919 599890 3 13 7 13 -1 -1 0222002022000030202000000000020000000000200000000000300000000000000000000000000000000000000010000000001011100001110000110 2
1 0 599918 599890 13 11 11 17 -1 -1 0222002002000030202000000000020000000000200000000002300000000000000000000000000000000000000010000000001011100001110000110 2
2 0 599918 599704 4 12 8 12 -1 -1 0222002002000030202000000000020000000000200000000002300000000000000000000000000000000000000010100000001011100001010000110 2
1 0 599917 599704 13 13 11 19 -1 -1 0222002002000030002000000000020000000000200000000002300000002000000000000000000000000000000010100000001011100001010000110 2
2 0 599917 599703 5 13 9 13 -1 -1 0222002002000030002000000000020000000000200000000002300000002000000000000000000000000000000010110000001011100001000000110 2
1 0 599916 599703 12 14 6 16 -1 -1 0222002002000030002000000000000000000000200000000002300000002000000000200000000000000000000010110000001011100001000000110 2
2 0 599916 592121 4 16 5 15 -1 -1 0222002002000030002000000000000000000000201000000002300000002000000000200000000000000000000010110000001010100001000000110 2
1 0 599915 592121 13 9 11 7 -1 -1 0222002002000030000000000000002000000000201000000002300000002000000000200000000000000000000010110000001010100001000000110 2
2 0 599915 586344 2 10 8 16 -1 -1 0222002002000030000000000000002000000000201000000002300000002000000000200000000000000000010010110000001010100000000000110 2
1 0 599914 586344 12 16 10 18 -1 -1 0220002002000030000000000000002000000000201000000002300000002020000000200000000000000000010010110000001010100000000000110 2
2 0 599914 576996 6 12 12 10 -1 -1 0220002002000030000000000000002000000000201000000002300000002020000000200000000000010000010010110000001010000000000000110 2
1 0 599913 576996 12 12 10 14 -1 -1 0220002002000030000000000000002000000000001000000002300000002020000000200000000000010000010010110000001210000000000000110 2
2 0 599913 571926 5 15 9 15 -1 -1 0220002002000030000000000000002000000000001000000002300000002020000000200000000001010000010010110000001200000000000000110 2
1 0 599912 571926 12 8 10 6 -1 -1 0220002002000030000000000000000000000000001000000002300000002020000000220000000001010000010010110000001200000000000000110 2
2 0 599912 564671 7 13 8 14 -1 -1 0220002002000030000000000000000000000000001000000002300000002020000000220000010001010000010010110000000200000000000000110 2
1 0 599911 564671 11 17 9 19 -1 -1 0220002002000030000000000000000000000000001000000000300000002220000000220000010001010000010010110000000200000000000000110 2
2 0 599911 557717 8 14 12 14 -1 -1 0220002002000030000000000000000000000000001000000000300000002220000000220100010001010000010010010000000200000000000000110 2
1 0 599910 557717 11 19 9 17 -1 -1 0220002002000030000000000000000000000000001000000000300000002020000000220100010001010000010010010000000202000000000000110 2
2 0 599910 550393 9 13 13 13 -1 -1 0220002002000030000000000000000000000000001000000000300000002020000000221100010001010000010010000000000202000000000000110 2
1 0 599909 550393 11 13 9 7 -1 -1 0220002002000030000000000000000000000000001000000000300000002020000000021100010001010000010010000000000202000000020000110 2
2 0 599909 546047 1 13 2 14 -1 -1 0220002002000030000000000000000000000000001000000000300000002020000100021100010001010000010000000000000202000000020000110 2
1 0 599909 546047 11 7 9 5 -1 -1 0200022002000030000000000000000000000000001000000000300000002020000100021100010001010000010000000000000202000000020000110 2
2 0 599909 541522 9 15 13 15 -1 -1 0200022002000030000000000000000000000000001000000000300000002020001100021100010001010000000000000000000202000000020000110 2
1 0 599908 541522 9 19 5 15 -1 -1 0200022002000030000000000000000000000000001000000000300000002020001100001100010001010000000000000000000202000000022000110 2
2 0 599908 537848 2 14 6 18 -1 -1 0200022002000030000000000000001000000000001000000000300000002020001100001000010001010000000000000000000202000000022000110 2
1 0 599907 537848 10 6 8 4 -1 -1 0200002002000030000000000000001000000000001200000000300000002020001100001000010001010000000000000000000202000000022000110 2
2 0 599907 531811 6 18 7 17 -1 -1 0200002002000030000000000000001000000000001200000000300010002020001100001000000001010000000000000000000202000000022000110 2
1 0 599906 531811 9 7 7 5 -1 -1 0200002002000030000000000000001000000000001000000000320010002020001100001000000001010000000000000000000202000000022000110 2
2 0 599906 526564 7 17 9 11 -1 -1 0200002002000030000000000000001000000000001000010000320010002020001000001000000001010000000000000000000202000000022000110 2
1 0 599906 526564 9 5 7 7 -1 -1 0200002002000030000000000000001000000000001000010000300010002020001002001000000001010000000000000000000202000000022000110 2
2 0 599906 521593 8 12 10 10 -1 -1 0200002002000030000000000000001000000000001000011000300010002020000002001000000001010000000000000000000202000000022000110 2
1 0 599905 521593 8 4 6 6 -1 -1 0200002002000030000000000000001000000000001000011000300010000020000002001000000201010000000000000000000202000000022000110 2
2 0 599905 517890 9 11 13 11 -1 -1 0200002002000030000000000000001000000100001000011000300000000020000002001000000201010000000000000000000202000000022000110 2
1 0 599904 517890 7 5 5 7 -1 -1 0200002002000030000000000000001000000100001000011000300000000020000000001000000201010000000000000000000202000000222000110 2
2 0 599904 514678 12 10 13 9 -1 -1 0200002002000030000000000010001000000100001000001000300000000020000000001000000201010000000000000000000202000000222000110 2
1 0 599903 514678 7 7 5 9 -1 -1 0200002002000030000000000010001000000100001000001000300000000020000000001000000201010000000000000000000002000002222000110 2
2 0 599903 512916 1 11 2 12 -1 -1 0200002002000030000000000011001000000100001000000000300000000020000000001000000201010000000000000000000002000002222000110 2
1 0 599903 512916 6 16 4 14 -1 -1 0000202002000030000000000011001000000100001000000000300000000020000000001000000201010000000000000000000002000002222000110 2
2 0 599903 509553 3 15 5 17 -1 -1 0000202002000030010000000011001000000100000000000000300000000020000000001000000201010000000000000000000002000002222000110 2
1 0 599902 509553 5 15 1 11 -1 -1 0000202000000030010000000011001200000100000000000000300000000020000000001000000201010000000000000000000002000002222000110 2
2 0 599902 506836 5 17 6 16 -1 -1 0100202000000030010000000011000200000100000000000000300000000020000000001000000201010000000000000000000002000002222000110 2
1 0 599901 506836 15 11 14 12 -1 -1 0100202000000030010000000011000000000100002000000000300000000020000000001000000201010000000000000000000002000002222000110 2
2 0 599901 503806 6 16 10 12 -1 -1 0100202000000030010000000011000000000100002000000000300000000020000000001000000201010000000000000000000002000002222010010 2
1 0 599900 503806 14 12 12 10 -1 -1 0100202000000030010000000011000000000100000000000000300000000020000000001000000221010000000000000000000002000002222010010 2
2 0 599900 499743 12 14 14 12 -1 -1 0100202000000030010000000011000000000100000000000000300000000020000000001000000221010000000000000000000102000002222000010 2
1 0 599899 499743 15 13 14 14 -1 -1 0100202000000030010000000011000000000100000000000000300000000020000000001000000221010000000000000000000100000002222020010 2
2 0 599899 497207 3 9 3 11 -1 -1 0100202000000030010000000011000000000100000000000000300000000020000000001000000221010000000000000000000100000002222021000 2
1 0 599899 497207 14 14 12 8 -1 -1 0100200200000030010000000011000000000100000000000000300000000020000000001000000221010000000000000000000100000002222021000 2
2 0 599899 494271 2 12 6 8 -1 -1 0100200200000030010000000011000000000100000000000000300000000020000000001000000221010000000000000000001100000002222020000 2
1 0 599898 494271 5 7 3 13 -1 -1 0100000200000030010000000011000000000120000000000000300000000020000000001000000221010000000000000000001100000002222020000 2
2 0 599898 488824 6 8 7 9 -1 -1 0100000210000030010000000001000000000120000000000000300000000020000000001000000221010000000000000000001100000002222020000 2
1 0 599898 488824 4 14 2 12 -1 -1 0100000210000030010000000001000000000100000000000200300000000020000000001000000221010000000000000000001100000002222020000 2
2 0 599898 485880 3 11 3 9 -1 -1 0100100210000030000000000001000000000100000000000200300000000020000000001000000221010000000000000000001100000002222020000 2
1 0 599897 485880 12 8 11 9 -1 -1 0100102010000030000000000001000000000100000000000200300000000020000000001000000221010000000000000000001100000002222020000 2
2 0 599897 482169 10 10 14 14 -1 -1 0100102010000030000000000001000000000100000000000200300000000020000000001000000221010000001000000000000100000002222020000 2
1 0 599896 482169 12 10 10 8 -1 -1 0100102010000030000000000001000000000100000000000200300000000020000000001000000021010000001000000000000100000002222022000 2
2 0 599896 480180 3 9 7 5 -1 -1 0100102010000030000000000001000000000100000000000200300000000020000000001000001021010000001000000000000000000002222022000 2
1 0 599895 480180 11 9 9 7 -1 -1 0100100010000030000000000001000000000100000000020200300000000020000000001000001021010000001000000000000000000002222022000 2
2 0 599895 477352 7 5 8 6 -1 -1 0100100010000030000000000001000000000100000000020200300000000020000100001000001021010000000000000000000000000002222022000 2
1 0 599894 477352 9 7 3 9 -1 -1 0100100010000030000000000001000000000100000000000200300002000020000100001000001021010000000000000000000000000002222022000 2
2 0 599894 473483 10 12 11 13 -1 -1 0100101010000030000000000001000000000100000000000200300002000020000000001000001021010000000000000000000000000002222022000 2
1 0 599888 473483 10 8 9 7 -1 -1 0100101010000030000000000001000000000100000000000200300002000020000000001000001001010000000020000000000000000002222022000 2
2 0 599888 470842 8 6 10 8 -1 -1 0100101010000030000000000001000000000100000000000200300002000020000100001000000001010000000020000000000000000002222022000 2
1 0 599887 470842 10 18 9 19 -1 -1 0100101010000030000000000001000000000100000000000200300000000020000100001000002001010000000020000000000000000002222022000 2
2 0 599887 467444 11 13 12 12 -1 -1 0100101010000030000000000001000000000100000000000200300000000020000100001100002001000000000020000000000000000002222022000 2
1 0 599886 467444 9 19 7 13 -1 -1 0100101010000030000000000001000000000100000000000200300000000020000100001100002001000000000000000000000020000002222022000 2
2 0 599886 465020 7 9 8 10 -1 -1 0100101010000030000000000001000000000100000000000201300000000020000100001000002001000000000000000000000020000002222022000 2
1 0 599886 465020 10 14 9 13 -1 -1 0100101010000030000000000001000000000100000000000001300000020020000100001000002001000000000000000000000020000002222022000 2
2 0 599886 461508 8 16 10 10 -1 -1 0100101010000030000000000001000000000100000000000001300000020020000100101000002000000000000000000000000020000002222022000 2
1 0 599885 461508 9 7 7 9 -1 -1 0100101010000030000000000001000000000100000000000001300000020000000100101000002200000000000000000000000020000002222022000 2
2 0 599885 458689 8 10 9 11 -1 -1 0100101010000030000000000001000000000100000000000101300000020000000000101000002200000000000000000000000020000002222022000 2
1 0 599884 458689 9 17 8 18 -1 -1 0100101010000030000000000001000000000100000000000101300000000000000002101000002200000000000000000000000020000002222022000 2
2 0 599884 456358 9 11 11 9 -1 -1 0100101010000030000000000001000000000100000000000101300000000001000002100000002200000000000000000000000020000002222022000 2
1 0 599883 456358 9 13 8 12 -1 -1 0100101010000030000000000001000000000100000000000101300000000001000000100000002200000000002000000000000020000002222022000 2
2 0 599883 453776 10 10 14 10 -1 -1 0100101010000030000000000001000000000100000000000101300000001001000000000000002200000000002000000000000020000002222022000 2
1 0 599882 453776 8 12 6 14 -1 -1 0100101010000030000000000001000000000100000000000101300000001001000000000000002000000000002000000000000020000002222222000 2
2 0 599882 452944 10 8 12 10 -1 -1 0100101010000030000000000001000000000100010000000101300000000001000000000000002000000000002000000000000020000002222222000 2
1 0 599882 452944 7 13 5 15 -1 -1 0100101010000030000000000001000000000100010000000101300000000001000000000000000000000000002000000000000220000002222222000 2
2 0 599882 452272 11 9 12 8 -1 -1 0100101010000030000000000001001000000100010000000100300000000001000000000000000000000000002000000000000220000002222222000 2
1 0 599882 452272 6 14 4 16 -1 -1 0100101010000030000000000001001000000100010000000100300000000001000000000000000000000000000000000000002220000002222222000 2
2 0 599882 450684 14 10 15 11 -1 -1 0100101010000030001000000001001000000100000000000100300000000001000000000000000000000000000000000000002220000002222222000 2
1 0 599881 450684 8 18 7 19 -1 -1 0100101010000030001000000001001000000100000000000100300000000001000000000000000000000000000000000000002220000002222022200 2
2 0 599881 450021 12 8 16 12 -1 -1 0100101010000030001000000001001000000100000000000100301000000000000000000000000000000000000000000000002220000002222022200 2
1 0 599880 450021 7 9 6 8 -1 -1 0100101010000030001000000001001000000100000000000100301000000000000000000000000000000000000000000000000220000002222022202 2
2 0 599880 449508 12 12 14 10 -1 -1 0100101010000030001000000001001000000110000000000000301000000000000000000000000000000000000000000000000220000002222022202 2
1 0 599879 449508 6 8 4 10 -1 -1 0100101010000030001000000001001000000110000000000000301000000000000000000000000000000000000000000000000200000002222222202 2
2 0 599879 449155 12 10 12 12 -1 -1 0100101010000031001000000001001000000100000000000000301000000000000000000000000000000000000000000000000200000002222222202 2
1 0 599878 449155 5 9 1 13 -1 -1 0100101010000031001000000001001000000100000000000000301000000000000000000000000000000000000000000000000020000002222222202 2
2 0 599878 448809 13 15 15 13 -1 -1 0110101010000031001000000000001000000100000000000000301000000000000000000000000000000000000000000000000020000002222222202 2
1 0 599875 448809 7 19 6 18 -1 -1 0110101010000031001000000000001000000100000000000000301000000000000000000000000000000000000000000000000020000002220222222 2
2 0 599875 448486 14 14 13 15 -1 -1 0110101010000031001000000000001000000100000100000000300000000000000000000000000000000000000000000000000020000002220222222 2
1 0 599875 448486 6 18 5 17 -1 -1 0110101010000031001000000000001000000100000100000000300000000000000000000000000000000000000000000000000020000002222220222 2
2 0 599875 448164 12 12 14 14 -1 -1 0110101010000031001000000000001100000100000000000000300000000000000000000000000000000000000000000000000020000002222220222 2
