1322294216000
kingfish
deepred
1 0 599783 600000 14 10 12 12 -1 -1 2222222222000000000000000000000000000000000000000000000000000000000000000000000000000000000000000000000000000001111111111 1
2 0 599783 -149 2 14 4 12 6 10 2222222222000000000000000000000000000000000000000000000000000000000000000000000000000000000000000000000010000001111011111 1
1 0 599782 -149 16 12 12 8 -1 -1 2222202222000000200000000000000000000003000000000000000000000000000000000000000000000000000000000000000010000001111011111 1
2 0 599782 -149 3 13 7 9 -1 -1 2222202222000000200000000000000000000003000000000000000000000000000000000000000000000000000000000000001010000001111011110 1
1 0 599781 -149 13 13 11 11 -1 -1 2222202202000000200000000000000000000003000000000200000000000000000000000000000000000000000000000000001010000001111011110 1
2 0 599781 -149 1 11 5 11 -1 -1 2222202202000000200000000000000000000003000000000200000000000000000000000000000000000000000100000000001010000001101011110 1
1 0 599779 -149 14 12 10 12 -1 -1 2022202202000000200000000000200000000003000000000200000000000000000000000000000000000000000100000000001010000001101011110 1
2 0 599779 -149 2 12 8 10 -1 -1 2022202202000000200000000000200000000003000000000200000000000000000000000000000010000000000100000000001010000001101001110 1
1 0 595342 -149 13 11 9 11 -1 -1 2022002202000000200000000000200000000003000000000200000000020000000000000000000010000000000100000000001010000001101001110 1
2 0 595342 -149 3 11 9 9 10 10 2022002202000000200000000000200000000003000000000200000000020000000001000000000010000000000100000000001010000001001001110 1
1 0 591942 -149 13 15 12 14 -1 -1 2022002002000000200000000000200000000003000000000200000000020000000021000000000310000000000100000000001010000001001001110 1
2 0 591942 -149 0 12 4 16 -1 -1 2022002002000000200000000000200000000003000000000200000000020000000021000000000310000000000100000000001011000001000001110 1
1 0 586262 -149 15 13 11 13 -1 -1 0022002002000000202000000000200000000003000000000200000000020000000021000000000310000000000100000000001011000001000001110 1
2 0 586262 -149 8 10 10 8 -1 -1 0022002002000000202000000000200000000003000000000200000000020000000021000000000310000000000110000000001011000001000001100 1
1 0 581244 -149 10 12 4 10 -1 -1 0022002002000000202000000000200000000003000000000200000000000000000021000000002310000000000110000000001011000001000001100 1
2 0 581244 -149 10 8 12 10 -1 -1 0022002002000001202000000000200000000003000000000200000000000000000021000000002300000000000110000000001011000001000001100 1
1 0 574910 -149 12 14 6 12 -1 -1 0022002002000001202000000000200000000003000000000200000000000000000021000000000300000000000110000000001211000001000001100 1
2 0 574910 -149 5 11 7 13 -1 -1 0022002002000001202000000000200000000003100000000200000000000000000021000000000300000000000110000000001210000001000001100 1
1 0 570029 -149 9 11 9 13 -1 -1 0022002002000001202000000000000000000003100000000202000000000000000021000000000300000000000110000000001210000001000001100 1
2 0 570029 -149 3 9 5 11 -1 -1 0022002002000001202000000000000000000003100000000202000000000000000020100000000300000000000110000000001210000001000001100 1
1 0 565368 -149 12 12 6 14 -1 -1 0022000002000001202000000000200000000003100000000202000000000000000020100000000300000000000110000000001210000001000001100 1
2 0 565368 -149 3 15 5 17 -1 -1 0022000002000001202000000000200000000003110000000202000000000000000020100000000300000000000110000000001200000001000001100 1
1 0 560349 -149 4 10 3 11 -1 -1 0022000000000001202000000000200200000003110000000202000000000000000020100000000300000000000110000000001200000001000001100 1
2 0 560349 -149 4 16 6 18 -1 -1 0022000100000000202000000000200200000003110000000202000000000000000020100000000300000000000110000000001200000001000001100 1
1 0 552469 -149 11 11 10 12 -1 -1 0022000100000000200000000000200200000003110200000202000000000000000020100000000300000000000110000000001200000001000001100 1
2 0 552469 -149 9 9 11 11 -1 -1 0022000100000000200000000000200200000003110200000202000000000000000020100000000310000000000010000000001200000001000001100 1
1 0 545407 -149 6 12 2 12 -1 -1 0022000100000000200000000000200200000003110200000202000000000000000000100000000310000000000210000000001200000001000001100 1
2 0 545407 -149 5 17 7 19 -1 -1 0022100100000000200000000000200200000003010200000202000000000000000000100000000310000000000210000000001200000001000001100 1
1 0 537418 -149 12 8 8 12 -1 -1 0022100100000000200000000000200000000003010200000202002000000000000000100000000310000000000210000000001200000001000001100 1
2 0 537418 -149 7 13 13 11 -1 -1 0022100100000000200000000000200000000003010200000202002000001000000000100000000310000000000210000000000200000001000001100 1
1 0 528155 -149 10 12 4 10 -1 -1 0022100100000000200000000000200000000003010200000200002000001000000000100000000310000000000210000000000200000001200001100 1
2 0 528155 -149 12 10 14 12 -1 -1 0022100100000001200000000000200000000003010200000200002000001000000000100000000300000000000210000000000200000001200001100 1
1 0 518610 -149 9 13 5 9 -1 -1 0022100100000001200000000000200000000003010200000200002000001000000000100000000300000000000210000000000000000001200021100 1
2 0 518610 -149 13 11 15 13 -1 -1 0022100100000001200000000001200000000003010200000200002000001000000000000000000300000000000210000000000000000001200021100 1
1 0 514866 -149 15 11 13 13 -1 -1 0022100100000001200000000001200000000003010200000200002000001000000000000000000300000000000210000000000000000001000021120 1
2 0 514866 -149 6 18 8 20 -1 -1 0022100100000001200000000001200000000003010200000200002000001000000000000000000300000000000210000000000000000001010021020 1
1 0 510232 -149 14 14 10 14 -1 -1 0022100100000001200000000001200000000003010000000200002000001000200000000000000300000000000210000000000000000001010021020 1
2 0 510232 -149 15 13 16 12 -1 -1 0022100100000001200000000001200000000003010000000200002000001000200000000000000301000000000210000000000000000001010020020 1
1 0 505931 -149 4 10 3 9 -1 -1 0022100100000001200000000001200000000003010000000200002000001000200000000000000301000000000210000000000000000001010020002 1
2 0 505931 -149 2 10 4 8 -1 -1 0022101100000000200000000001200000000003010000000200002000001000200000000000000301000000000210000000000000000001010020002 1
1 0 497956 -149 13 9 12 8 -1 -1 0020101100000020200000000001200000000003010000000200002000001000200000000000000301000000000210000000000000000001010020002 1
2 0 497956 -149 14 12 15 13 -1 -1 0020101100000020200000000001200000000003010000000200002000001000200000000000000301000000000210000000001000000000010020002 1
1 0 491983 -149 11 13 5 15 -1 -1 0020101100000020200000000001200000000003010000000200002000001000200000000000000301000000000210000000001000000000010000022 1
2 0 491983 -149 11 11 12 10 -1 -1 0020101100000020200000000001201000000003010000000200002000001000200000000000000301000000000200000000001000000000010000022 1
1 0 482715 -149 12 8 11 9 -1 -1 0020101100000020200000000001201000000003010000000200002000001000200000000000000301000000000000000000001200000000010000022 1
2 0 482715 -149 12 10 13 9 -1 -1 0020101100000020200000000001201000000003010000000200002000001000200000000000000301000000001000000000000200000000010000022 1
1 0 476916 -149 6 14 4 16 -1 -1 0020101100000020200000000001201000000003010000000200002000001000200000000000000301000000001000000000000000000002010000022 1
2 0 476916 -149 13 9 14 10 -1 -1 0020101100000020201000000001201000000003000000000200002000001000200000000000000301000000001000000000000000000002010000022 1
1 0 472312 -149 5 9 3 15 -1 -1 0020101100000020201000000001201000000003000000000200002000001000200000000000000301000000001000000000000000000000010200022 1
2 0 472312 -149 14 10 15 11 -1 -1 0020101101000020201000000000201000000003000000000200002000001000200000000000000301000000001000000000000000000000010200022 1
1 0 467414 -149 11 9 7 13 -1 -1 0020101101000020201000000000201000000003000000000200002000001000200000000000000301000000001000000000000000000000010000222 1
2 0 467414 -149 8 20 9 19 -1 -1 0020101101000020201000000000201000000003000000000201002000001000200000000000000301000000000000000000000000000000010000222 1
1 0 461342 -149 10 14 9 13 -1 -1 0020101101000020201000000000201000000003000000000201002000001000000000000200000301000000000000000000000000000000010000222 1
2 0 461342 -149 9 19 10 18 -1 -1 0020101101000020201000000000201000000003000000000201002000001000000000100200000300000000000000000000000000000000010000222 1
1 0 454366 -149 9 13 5 9 -1 -1 0020101101000020201000000000201000000003000000000201002000001000000000100000000300020000000000000000000000000000010000222 1
2 0 454366 -149 10 18 11 17 -1 -1 0020101101000020201000000001201000000003000000000201002000001000000000000000000300020000000000000000000000000000010000222 1
1 0 448761 -149 4 16 4 14 -1 -1 0020101101000020201000000001201000000003000000000201002000001000000000000000000300000000000000200000000000000000010000222 1
2 0 448761 -149 4 8 6 14 -1 -1 0020101101000020210000000001201000000003000000000201002000001000000000000000000300000000000000200000000000000000010000222 1
1 0 441903 -149 5 15 1 11 -1 -1 0020101101000000210000000001201000000003020000000201002000001000000000000000000300000000000000200000000000000000010000222 1
2 0 441903 -149 11 17 12 16 -1 -1 0120101101000000210000000001200000000003020000000201002000001000000000000000000300000000000000200000000000000000010000222 1
1 0 437170 -149 7 13 3 13 -1 -1 0120101101000000210000000001200000000003020000000201002000001000000000000000000300000000000000000000000000200000010000222 1
2 0 437170 -149 12 16 13 15 -1 -1 0120101111000000210000000001200000000003020000000200002000001000000000000000000300000000000000000000000000200000010000222 1
1 0 434001 -149 5 9 4 10 -1 -1 0120101111000000210000000001200000000003020000000200002000001000000000000000000300000000000000000000000000000000012000222 1
2 0 434001 -149 13 15 14 14 -1 -1 0120101111000001210000000000200000000003020000000200002000001000000000000000000300000000000000000000000000000000012000222 1
1 0 431792 -149 13 13 12 12 -1 -1 0120101111000001210000000000200000000003020000000200002000001000000000000000000300000000000000000000000000000000010002222 1
2 0 431792 -149 7 9 8 10 -1 -1 0120101111000001210000000000200000000003020000000200002000001000000000000000000300000000000000000000000010000000000002222 1
1 0 429526 -149 8 12 7 13 -1 -1 0120101111000001210000000000200000000003020000000000002000021000000000000000000300000000000000000000000010000000000002222 1
2 0 429526 -149 5 11 11 9 -1 -1 0120101111000001210000000000200000000003020000000001002000020000000000000000000300000000000000000000000010000000000002222 1
1 0 426480 -149 7 13 5 15 -1 -1 0120101111000001210000000000000000000003020000000001002000020000000000000000000300000000002000000000000010000000000002222 1
2 0 426480 -149 11 9 12 10 -1 -1 0120101111000001210000000000001000000003020000000000002000020000000000000000000300000000002000000000000010000000000002222 1
1 0 423148 -149 5 15 4 16 -1 -1 0120101111000001210000000000001000000003020000000000002000020000000000000000000300000000000000000000000210000000000002222 1
2 0 423148 -149 12 10 13 9 -1 -1 0120101111000001211000000000000000000003020000000000002000020000000000000000000300000000000000000000000210000000000002222 1
1 0 421052 -149 4 16 0 12 -1 -1 0120101111000001211000000000000000000003020000000000002000020000000000000000000300000000000000000000000010000002000002222 1
2 0 421052 -149 13 9 14 10 -1 -1 1120101111000001210000000000000000000003020000000000002000020000000000000000000300000000000000000000000010000002000002222 1
1 0 419295 -149 12 12 11 13 -1 -1 1120101111000001210000000000000000000003020000000000002000020000000000000000000300000000000000000000000010000000000202222 1
2 0 419295 -149 8 10 9 9 -1 -1 1120101111000001210000000000000000000003020000000000002000020000000000000000000300000000000010000000000000000000000202222 1
1 0 418240 -149 11 13 10 12 -1 -1 1120101111000001210000000000000000000003020000000000002000000000000020000000000300000000000010000000000000000000000202222 1
2 0 418240 -149 9 9 11 11 -1 -1 1120101111000001210000000000000000000003020000000000002000000000000020000000000310000000000000000000000000000000000202222 1
1 0 417104 -149 10 12 9 13 -1 -1 1120101111000001210000000000000000000003020000000000002000000000000000000000000310000000000200000000000000000000000202222 1
2 0 417104 -149 11 11 12 12 -1 -1 1120101111000001210000000000000000000003020000000000002000000000000000100000000300000000000200000000000000000000000202222 1
1 0 416263 -149 9 13 8 12 -1 -1 1120101111000001210000000000000000000003020000000000002000000000000000100000000300000000000000000000000020000000000202222 1
2 0 416263 -149 12 12 13 13 -1 -1 1120101111000001210000000000000000000003020000000000002000001000000000000000000300000000000000000000000020000000000202222 1
1 0 414810 -149 8 12 7 11 -1 -1 1120101111000001210000000000000000000003020000000000002000001000000000000000000300000000000000000000000000000000020202222 1
2 0 414810 -149 13 13 14 12 -1 -1 1120101111000001210000000000000000000003020000000010002000000000000000000000000300000000000000000000000000000000020202222 1
1 0 413785 -149 7 11 5 9 -1 -1 1120101111000001210000000000000000000003020000000010002000000000000000000000000300000000000000000000000000000000000222222 1
2 0 413785 -149 7 19 8 18 -1 -1 1120101111000001210000000001000000000003020000000000002000000000000000000000000300000000000000000000000000000000000222222 1
1 0 412858 -149 5 9 4 8 -1 -1 1120101111000001210000000001000000000003020000000000000000000002000000000000000300000000000000000000000000000000000222222 1
2 0 412858 -149 8 18 9 19 -1 -1 1120101111000011210000000000000000000003020000000000000000000002000000000000000300000000000000000000000000000000000222222 1
1 0 412240 -149 4 8 2 14 -1 -1 1120101111000011210000000000000000000003020000000000000000000000000000000200000300000000000000000000000000000000000222222 1
2 0 412240 -149 9 19 10 18 -1 -1 1120111111000001210000000000000000000003020000000000000000000000000000000200000300000000000000000000000000000000000222222 1
1 0 411780 -149 3 9 2 10 -1 -1 1120111111000001210000000000000000000003020000000000000000000000000000000000000300020000000000000000000000000000000222222 1
2 0 411780 -149 10 18 11 17 -1 -1 1121110111000001210000000000000000000003020000000000000000000000000000000000000300020000000000000000000000000000000222222 1
1 0 411466 -149 4 10 3 9 -1 -1 1121110111000001210000000000000000000003020000000000000000000000000000000000000300000000000000200000000000000000000222222 1
