1322295334000
progamers
kingfish
1 0 599397 600000 13 9 12 10 -1 -1 2222222222000000000000000000000000000000000000000000000000000000000000000000000000000000000000000000000000000001111111111 1
2 0 599397 599903 2 14 4 12 -1 -1 2222222222000000000000000000000000000000000000000000000000000000000000000000000000000000000000000000000100000000111111111 1
1 0 598332 599903 15 11 11 11 -1 -1 2222202222000000200000000000000000000000000000000000000000000000000000000000000000000000000000000000000100000000111111111 1
2 0 598332 599902 0 12 4 16 -1 -1 2222202222000000200000000000000000000000000000000000000000000000000000000000000000000000000100000000000100000000111111011 1
1 0 595504 599902 13 11 11 13 -1 -1 0222202222000000202000000000000000000000000000000000000000000000000000000000000000000000000100000000000100000000111111011 1
2 0 595504 599901 3 11 5 13 -1 -1 0222202222000000202000000000000000000000000000000000000000000000000000000000000000000000000110000000000100000000011111011 1
1 0 595365 599901 14 14 10 10 -1 -1 0222202022000000202000000000020000000000000000000000000000000000000000000000000000000000000110000000000100000000011111011 1
2 0 595365 599900 2 12 6 12 -1 -1 0222202022000000202000000000020000000000000000000000000000000000000000000000000100000000000110000000000100000000011110011 1
1 0 595039 599900 16 12 10 14 -1 -1 0222002022000000202000000000020000000000200000000000000000000000000000000000000100000000000110000000000100000000011110011 1
2 0 595039 599899 3 13 7 13 -1 -1 0222002022000000202000000000020000000000200000000000000000000000000000000000000101000000000110000000000100000000011110010 1
1 0 594586 599899 15 13 9 11 -1 -1 0222002002000000202000000000020000000000200000000002000000000000000000000000000101000000000110000000000100000000011110010 1
2 0 594586 593640 4 12 8 12 -1 -1 0222002002000000202000000000020000000000200000000002000000000000000001000000000101000000000110000000000100000000011110000 1
1 0 594222 593640 12 10 8 14 -1 -1 0222002002000000002000000000020000000000200000000002000000002000000001000000000101000000000110000000000100000000011110000 1
2 0 594222 588313 4 16 5 15 -1 -1 0222002002000000002000000000020000000000200000000002000000002100000001000000000101000000000110000000000000000000011110000 1
1 0 593516 588313 14 12 8 10 -1 -1 0222002002000000000000000000022000000000200000000002000000002100000001000000000101000000000110000000000000000000011110000 1
2 0 593516 584048 2 10 6 14 -1 -1 0222002002000000000000000000022000000000200000000002000000012100000001000000000101000000000110000000000000000000011100000 1
1 0 593240 584048 13 15 12 14 -1 -1 0220002002000000000000000000022000000000220000000002000000012100000001000000000101000000000110000000000000000000011100000 1
2 0 593240 579875 5 13 11 15 -1 -1 0220002002000000000000000000022000000000220000000002000000012100000001000000000101000000000110000000000001000000010100000 1
1 0 593082 579875 11 11 5 13 -1 -1 0220002002000000000000000000002000000000220000000002000000012100000001000000000101000000000112000000000001000000010100000 1
2 0 593082 575265 1 11 2 12 -1 -1 0220002002000000000000000000012000000000220000000002000000012100000001000000000101000000000012000000000001000000010100000 1
1 0 592934 575265 12 14 12 12 -1 -1 0020202002000000000000000000012000000000220000000002000000012100000001000000000101000000000012000000000001000000010100000 1
2 0 592934 570256 11 15 11 11 -1 -1 0020202002000000000000000000012000000000220000000002000000012100000001000000000101000000000012000000000010000000010100000 1
1 0 592759 570256 12 12 12 14 -1 -1 0020202002000000000000000000012000000000220000000002000000012100000001000000000101000000000210000000000010000000010100000 1
2 0 592759 565000 8 12 9 13 -1 -1 0020202002000000000000000000012000000000220000000002000000012100000001000000000101000000000210000000000001000000010100000 1
1 0 592594 565000 8 10 7 9 -1 -1 0020202002000000000000000000012000000000220000000002000000010100000001200000000101000000000210000000000001000000010100000 1
2 0 592594 560036 3 9 4 10 -1 -1 0020202002000000000000000000012000000000220000000102000000000100000001200000000101000000000210000000000001000000010100000 1
1 0 592275 560036 10 10 8 12 -1 -1 0020200002000002000000000000012000000000220000000102000000000100000001200000000101000000000210000000000001000000010100000 1
2 0 592275 554595 9 13 11 15 -1 -1 0020200002000002000000000000012000000000220000000102000000001100000001200000000001000000000210000000000001000000010100000 1
1 0 591970 554595 12 14 8 10 -1 -1 0020200002000002000000000000012000000000220000000102000000001100000001000000000001000000000212000000000001000000010100000 1
2 0 591970 548071 1 13 5 9 -1 -1 0020200002000002000000000000012000000000220000000102000000011100000001000000000001000000000212000000000000000000010100000 1
1 0 591522 548071 13 13 12 12 -1 -1 0000200002000002000000000002012000000000220000000102000000011100000001000000000001000000000212000000000000000000010100000 1
2 0 591522 540120 11 11 13 13 -1 -1 0000200002000002000000000002012000000000220000000102000000011100000001000000000001000000000212000000000010000000000100000 1
1 0 591302 540120 14 10 13 11 -1 -1 0000200002000002000000000002012000000000220000000102000000011100000001000000000001000000000012000000000010000000020100000 1
2 0 591302 532987 4 10 6 8 -1 -1 0000200002000002000000000002012000000000220000000102000000011100000001000000000001000000000012000000000010000000120000000 1
1 0 591154 532987 7 9 5 11 -1 -1 0000200002000000000000000002012000000020220000000102000000011100000001000000000001000000000012000000000010000000120000000 1
2 0 591154 527007 6 8 6 10 -1 -1 0000200002000000000000000002112000000020220000000002000000011100000001000000000001000000000012000000000010000000120000000 1
1 0 590928 527007 11 13 9 15 -1 -1 0000200002000000000000000002112000000002220000000002000000011100000001000000000001000000000012000000000010000000120000000 1
2 0 590928 519423 5 9 9 17 -1 -1 0000200002000000000000000002112000000002220000000002000000011100000001010000000001000000000002000000000010000000120000000 1
1 0 590723 519423 13 11 11 13 -1 -1 0000200002000000000000000000112000000002220000000002000000011100000001012000000001000000000002000000000010000000120000000 1
2 0 590723 512564 9 17 10 16 -1 -1 0000200002000000000000000000112000000002220000000002000000011100000001012000000001000000000012000000000010000000020000000 1
1 0 590508 512564 10 14 9 13 -1 -1 0000200002000000000000000000112000000002220000000002000000011100000001010000000001200000000012000000000010000000020000000 1
2 0 590508 507097 6 10 7 11 -1 -1 0000200002000000000000000000112000000002220000000002000000011100000001110000000000200000000012000000000010000000020000000 1
1 0 590326 507097 12 12 8 16 -1 -1 0000200002000000000000000000112000000000220000000022000000011100000001110000000000200000000012000000000010000000020000000 1
2 0 590326 501404 10 16 14 12 -1 -1 0000200002000000000000000000112000000000220000000022000000011110000001110000000000200000000012000000000000000000020000000 1
1 0 590259 501404 5 13 4 12 -1 -1 0000200002000000000000000000112000000000220000000022000000011110000001110000000000000000000012000000000000000000020020000 1
2 0 590259 497548 5 15 5 13 -1 -1 0000200002000000100000000000102000000000220000000022000000011110000001110000000000000000000012000000000000000000020020000 1
1 0 590137 497548 11 13 10 14 -1 -1 0000200002000000100000000000120000000000220000000022000000011110000001110000000000000000000012000000000000000000020020000 1
2 0 590137 493345 7 11 9 17 -1 -1 0000200002000000100000000000120000000000220000000022000000011110000001110000000001000000000002000000000000000000020020000 1
1 0 590002 493345 8 16 7 15 -1 -1 0000200002000000100000000000120000000000220000000002000000011110000001112000000001000000000002000000000000000000020020000 1
2 0 590002 488571 2 12 3 11 -1 -1 0000200002000000100000000000120000000000220000000002100000011100000001112000000001000000000002000000000000000000020020000 1
1 0 589850 488571 9 13 7 11 -1 -1 0000000202000000100000000000120000000000220000000002100000011100000001112000000001000000000002000000000000000000020020000 1
2 0 589850 481363 6 14 10 18 -1 -1 0000000202000000100000000000120000000000220000000012100000011100000001012000000001000000000002000000000000000000020020000 1
1 0 589623 481363 10 14 6 10 -1 -1 0000000202000000100000000000120000000000200000000012100000011100000001012000000001020000000002000000000000000000020020000 1
2 0 589623 474861 5 13 6 14 -1 -1 0000000202000000100000000000120000000001200000000012100000011100000001012000000000020000000002000000000000000000020020000 1
1 0 589417 474861 7 15 5 13 -1 -1 0000000202000000100000000000100000000001220000000012100000011100000001012000000000020000000002000000000000000000020020000 1
2 0 589417 469798 3 15 3 13 -1 -1 0000000202000000100000000000110000000001220000000012000000011100000001012000000000020000000002000000000000000000020020000 1
1 0 589293 469798 7 11 5 9 -1 -1 0000000220000000100000000000110000000001220000000012000000011100000001012000000000020000000002000000000000000000020020000 1
2 0 589293 463300 9 17 11 19 -1 -1 0000000220000000100000000001110000000001220000000002000000011100000001012000000000020000000002000000000000000000020020000 1
1 0 589166 463300 9 11 7 9 -1 -1 0000000220000000100000000001110000000001220000000002000000011100000001010000000000020000000002020000000000000000020020000 1
2 0 589166 459678 3 11 4 10 -1 -1 0000000220000000100000000001110000000001220000000102000000011100000000010000000000020000000002020000000000000000020020000 1
1 0 589043 459678 5 9 3 11 -1 -1 0000000020000002100000000001110000000001220000000102000000011100000000010000000000020000000002020000000000000000020020000 1
2 0 589043 453604 6 14 7 15 -1 -1 0000000120000002100000000000110000000001220000000102000000011100000000010000000000020000000002020000000000000000020020000 1
1 0 588771 453604 9 15 9 13 -1 -1 0000000120000002100000000000110000000001200000000102200000011100000000010000000000020000000002020000000000000000020020000 1
2 0 588771 446010 7 13 9 15 -1 -1 0000000120000002100000000000110000000001200000000102200000011100000000100000000000020000000002020000000000000000020020000 1
1 0 588507 446010 9 13 5 9 -1 -1 0000000120000002100000000000110000000001200000000100200000011100000000120000000000020000000002020000000000000000020020000 1
2 0 588507 436541 7 15 9 17 -1 -1 0000000120000002100000000001110000000001200000000100200000011100000000020000000000020000000002020000000000000000020020000 1
1 0 588287 436541 4 12 2 10 -1 -1 0000000120000002100000000001110000000001200000000100000000011100000000022000000000020000000002020000000000000000020020000 1
2 0 588287 431379 9 17 10 16 -1 -1 0001000120000002000000000001110000000001200000000100000000011100000000022000000000020000000002020000000000000000020020000 1
1 0 588016 431379 6 10 2 14 -1 -1 0001000120000002000000000001110000000001200000000100000000011100000000020000000000220000000002020000000000000000020020000 1
2 0 588016 423422 10 18 12 16 -1 -1 0001010120000002000000000001110000000000200000000100000000011100000000020000000000220000000002020000000000000000020020000 1
1 0 587676 423422 8 12 4 12 -1 -1 0001010120000002000000000001110000000000200000000100000000011100000000020000000000200000000002020000000000200000020020000 1
2 0 587676 414518 9 15 15 13 -1 -1 0001010120000002100000000001110000000000200000000100000000010100000000020000000000200000000002020000000000200000020020000 1
1 0 587521 414518 7 9 6 10 -1 -1 0001010120000002100000000001110000000000200000000100000000010100000000000000000000200000000002020000000000200000020020020 1
2 0 587521 401893 10 16 11 17 -1 -1 0001010120000002100000000001110000000001200000000000000000010100000000000000000000200000000002020000000000200000020020020 1
1 0 587387 401893 8 10 7 11 -1 -1 0001010120000002100000000001110000000001200000000000000000010100000000000000000000000000000002220000000000200000020020020 1
2 0 587387 395650 11 17 13 15 -1 -1 0001010120000002100000000001110000000001200000000010000000000100000000000000000000000000000002220000000000200000020020020 1
1 0 587255 395650 8 14 7 13 -1 -1 0001010120000002100000000001110000000001200000000010000000000100000000000000000000000000000002020000000000200000022020020 1
2 0 587255 392854 6 12 8 14 -1 -1 0001010120000002100000000001110000000001200000000011000000000000000000000000000000000000000002020000000000200000022020020 1
1 0 586988 392854 7 11 6 12 -1 -1 0001010120000002100000000001110000000001000000000011000000000200000000000000000000000000000002020000000000200000022020020 1
2 0 586988 388436 12 16 16 12 -1 -1 0001010120000002100000000001110000000001100000000001000000000200000000000000000000000000000002020000000000200000022020020 1
1 0 586787 388436 5 11 1 11 -1 -1 0001010120000002100000000001110000000001100000000001000000000200000000000000000000000000000002020000000000000000022020022 1
2 0 586787 384288 3 13 7 9 -1 -1 0101010120000002100000000001010000000001100000000001000000000200000000000000000000000000000002020000000000000000022020022 1
1 0 586437 384288 7 13 3 13 -1 -1 0101010100000002100000000001010000000001100000000201000000000200000000000000000000000000000002020000000000000000022020022 1
2 0 586437 381773 7 9 9 15 -1 -1 0101010110000002100000000001010000000001100000000200000000000200000000000000000000000000000002020000000000000000022020022 1
1 0 586196 381773 3 11 1 13 -1 -1 0101010110000002100000000001010000000001100000000000000000000200000000020000000000000000000002020000000000000000022020022 1
2 0 586196 379598 8 14 12 14 -1 -1 0111010010000002100000000001010000000001100000000000000000000200000000020000000000000000000002020000000000000000022020022 1
1 0 585924 379598 5 9 3 11 -1 -1 0111010010000002100000000001010000000001100000000000000000000000000000020000000000000000000002020000000002000000022020022 1
2 0 585924 378047 9 15 10 14 -1 -1 0111010110000002100000000000010000000001100000000000000000000000000000020000000000000000000002020000000002000000022020022 1
1 0 585733 378047 2 10 0 12 -1 -1 0111010110000002100000000000010000000001100000000000000000000000000000000000000002000000000002020000000002000000022020022 1
2 0 585733 376747 10 14 14 14 -1 -1 1110010110000002100000000000010000000001100000000000000000000000000000000000000002000000000002020000000002000000022020022 1
1 0 585596 376747 4 12 2 10 -1 -1 1110010110000002100000000000010000000001100000000000000000000000000000000000000000000000000002020000000002000000022022022 1
2 0 585596 375249 13 13 13 11 -1 -1 1111010110000002000000000000010000000001100000000000000000000000000000000000000000000000000002020000000002000000022022022 1
1 0 585399 375249 6 10 4 12 -1 -1 1111010110000002000000000000010000000001100000000000000000000000000000000000000000000000000002020000000002000000202022022 1
2 0 585399 374225 11 15 15 11 -1 -1 1111010110000002100000000000010000000000100000000000000000000000000000000000000000000000000002020000000002000000202022022 1
1 0 581385 374225 3 11 3 9 -1 -1 1111010110000002100000000000010000000000100000000000000000000000000000000000000000000000000000020000000002000000202022222 1
2 0 581385 373511 4 10 4 14 -1 -1 1111011010000002100000000000010000000000100000000000000000000000000000000000000000000000000000020000000002000000202022222 1
1 0 578451 373511 1 13 2 12 -1 -1 1111011010000000120000000000010000000000100000000000000000000000000000000000000000000000000000020000000002000000202022222 1
2 0 578451 372783 4 14 5 15 -1 -1 1101111010000000120000000000010000000000100000000000000000000000000000000000000000000000000000020000000002000000202022222 1
1 0 573867 372783 2 12 1 13 -1 -1 1101111010000000100000000000012000000000100000000000000000000000000000000000000000000000000000020000000002000000202022222 1
2 0 573867 372156 5 15 7 13 -1 -1 1111011010000000100000000000012000000000100000000000000000000000000000000000000000000000000000020000000002000000202022222 1
1 0 573771 372156 6 12 2 12 -1 -1 1111011010000000100000000000010000000000100000000002000000000000000000000000000000000000000000020000000002000000202022222 1
2 0 573771 371743 7 13 8 12 -1 -1 1111111010000000100000000000010000000000000000000002000000000000000000000000000000000000000000020000000002000000202022222 1
1 0 573769 371743 5 13 3 15 -1 -1 1111111010000000100000000000010000000000000000000000000000002000000000000000000000000000000000020000000002000000202022222 1
2 0 573769 371609 12 14 13 13 -1 -1 1111111011000000100000000000000000000000000000000000000000002000000000000000000000000000000000020000000002000000202022222 1
1 0 573769 371609 4 12 3 11 -1 -1 1111111011000000100000000000000000000000000000000000000000002000000000000000000000000000000000020000000000000000222022222 1
