1322290979000
benny
kingfish
1 0 599904 600000 14 14 12 16 7 9 2222222222000000000000000000000000000000000000000000000000000000000000000000000000000000000000000000000000000001111111111 2
2 0 599904 599908 2 14 4 12 -1 -1 2222222222000000000000000000000000000000000000000300000000000000000000000000000000000000000000000000000000100001111110111 2
1 0 599902 599908 16 12 12 12 -1 -1 2222202222000000200000000000000000000000000000000300000000000000000000000000000000000000000000000000000000100001111110111 2
2 0 599902 599908 0 12 4 16 -1 -1 2222202222000000200000000000000000000000000000000300000000000000000000000000000000000000000000000000000010100001111110110 2
1 0 599901 599908 14 10 12 8 -1 -1 0222202222000000202000000000000000000000000000000300000000000000000000000000000000000000000000000000000010100001111110110 2
2 0 599901 599907 2 12 4 10 -1 -1 0222202222000000202000000000000000000000000000000300000000000000000000000000000000000000000000000000001010100001111010110 2
1 0 599900 599907 14 12 12 10 4 14 0222002222000002202000000000000000000000000000000300000000000000000000000000000000000000000000000000001010100001111010110 2
2 0 599900 599906 3 9 5 11 -1 -1 0222002222000002232000000000000000000000000000000300000000000000000000000000000000000000000000000000001110100001111000110 2
1 0 599899 599906 13 11 11 13 -1 -1 0222000222000002232000000000200000000000000000000300000000000000000000000000000000000000000000000000001110100001111000110 2
2 0 599899 599905 4 12 8 8 -1 -1 0222000222000002232000000000200000000000000000000300000000000000000000000000000000000000000010000000001110100001011000110 2
1 0 599893 599905 13 15 11 9 -1 -1 0222000222000002032000000000200000000000000000000300000000200000000000000000000000000000000010000000001110100001011000110 2
2 0 599893 599662 2 10 6 10 -1 -1 0222000222000002032000000000200000000000000000000300000000200000000000000000000000000000001010000000001110100001010000110 2
1 0 599892 599662 13 13 11 15 -1 -1 0220000222000002032000000000200000000002000000000300000000200000000000000000000000000000001010000000001110100001010000110 2
2 0 599892 599662 3 15 9 9 -1 -1 0220000222000002032000000000200000000002000000000300000000200000000000000000000000000000001011000000001110100001000000110 2
1 0 599891 599662 12 10 6 12 -1 -1 0220000220000002032000000000200000000002000000000300000000200000000020000000000000000000001011000000001110100001000000110 2
2 0 599891 590309 3 11 5 9 -1 -1 0220000220000002032000000000200000000002100000000300000000200000000020000000000000000000001011000000001010100001000000110 2
1 0 599890 590309 13 9 11 7 -1 -1 0220000020000002032000000002200000000002100000000300000000200000000020000000000000000000001011000000001010100001000000110 2
2 0 599890 580954 4 10 12 10 -1 -1 0220000020000002032000000002200000000002100000000300000000200000000020000000000000000000011011000000001010100000000000110 2
1 0 599889 580954 12 8 10 6 -1 -1 0220000020000000032000000002200000000002100000000300000000200000000020000000000000000000011011000000001210100000000000110 2
2 0 599889 572823 8 8 12 8 -1 -1 0220000020000000032000000002200000000002100000000300000000200000000020000000010000000000011011000000000210100000000000110 2
1 0 599888 572823 12 16 10 14 -1 -1 0220000020000000032000000002200000000002100000000300000000000000000020000000010000000000011011000000002210100000000000110 2
2 0 599888 565390 6 10 10 10 -1 -1 0220000020000000032000000002200000000002100000000300000000000000000020000000010001000000011011000000002210000000000000110 2
1 0 599886 565390 11 15 9 13 -1 -1 0220000020000000032000000002200000000000100000000300000000000000000020000000010201000000011011000000002210000000000000110 2
2 0 599886 558160 4 16 8 8 -1 -1 0220000020000000032000000002200000000000100000000300000000000000000020100000010201000000011010000000002210000000000000110 2
1 0 599885 558160 11 9 9 7 -1 -1 0220000020000000030000000002200000000000100000000300000000200000000020100000010201000000011010000000002210000000000000110 2
2 0 599885 548897 1 11 2 12 -1 -1 0220000020000000030000000002200000000000100000000300000000200000000120100000010201000000010010000000002210000000000000110 2
1 0 599883 548897 11 13 9 15 -1 -1 0020200020000000030000000002200000000000100000000300000000200000000120100000010201000000010010000000002210000000000000110 2
2 0 599883 540143 1 13 7 7 -1 -1 0020200020000000030000000002200000000000100000000300000000200000000120110000010201000000010000000000002210000000000000110 2
1 0 599883 540143 11 7 9 5 -1 -1 0000200020000000030000000002200000000000100000002300000000200000000120110000010201000000010000000000002210000000000000110 2
2 0 599883 529357 9 9 13 13 -1 -1 0000200020000000030000000002200000000000100000002300000000200000001120110000010201000000000000000000002210000000000000110 2
1 0 599882 529357 10 14 8 12 -1 -1 0000200020000000030000000002200000000000100000002300000000200000001100110000010201000000000000000000002210000000020000110 2
2 0 599882 517298 5 11 13 11 -1 -1 0000200020000000030000000002200000000000100000002300000000201000001100110000010200000000000000000000002210000000020000110 2
1 0 599881 517298 9 13 1 13 -1 -1 0000200020000000030000000002000000000000100000002300000000201000001100110000010200000000000000000000002210000000220000110 2
2 0 599881 510553 3 13 3 11 -1 -1 0010200020000000030000000002000000000000100000002300000000201000001100010000010200000000000000000000002210000000220000110 2
1 0 599880 510553 10 6 8 4 -1 -1 0010200200000000030000000002000000000000100000002300000000201000001100010000010200000000000000000000002210000000220000110 2
2 0 599880 500688 2 12 10 8 -1 -1 0010200200000000030000000002000000000000100000002300000010201000001100010000000200000000000000000000002210000000220000110 2
1 0 599879 500688 9 7 5 11 -1 -1 0010000200000000030000000002000000000000100000002300000010201000001100010000002200000000000000000000002210000000220000110 2
2 0 599879 494792 3 11 4 10 -1 -1 0010000200000000030000000002100000000000100000002300000010201000001000010000002200000000000000000000002210000000220000110 2
1 0 599878 494792 5 11 3 9 -1 -1 0010000000000002030000000002100000000000100000002300000010201000001000010000002200000000000000000000002210000000220000110 2
2 0 599878 484036 7 7 13 9 -1 -1 0010001000000002030000000002000000000000100000002300000010201000001000010000002200000000000000000000002210000000220000110 2
1 0 599877 484036 15 13 14 12 -1 -1 0010001000000002030000000002000000000000100000000300000010201000001000010000002200000000000000000000002210000002220000110 2
2 0 599877 478717 4 10 6 8 -1 -1 0010001000000002030000000002000000000000100000000300000010201000001000010000002200000000000000000000002210000002220010100 2
1 0 599867 478717 14 12 12 14 -1 -1 0010001000000000030000000002000000000020100000000300000010201000001000010000002200000000000000000000002210000002220010100 2
2 0 599867 468918 5 9 11 11 -1 -1 0010001000000000030000000002000000000020100000000300000010201000001000010000002200000000000000000000002211000002220000100 2
1 0 599866 468918 15 11 14 10 -1 -1 0010001000000000030000000000000000000020100000000300000010201000001000010000002200000000000200000000002211000002220000100 2
2 0 599866 462629 6 8 10 16 -1 -1 0010001000000000030000000000000000000020100000000300000010201000001000010000002200000000000200000000002211000002220100000 2
1 0 599865 462629 12 14 11 13 -1 -1 0010001000000000030000000000000000000000100000000300000010201000001000010000002200200000000200000000002211000002220100000 2
2 0 599865 455710 10 8 14 12 -1 -1 0010001000000000030000000000000000000000100000000300000010201000001000010000002200200000000210000000002210000002220100000 2
1 0 599864 455710 11 13 5 11 -1 -1 0010001000000000030000000000000000000000100000000300000010201000001000010000000200200000000210000000002210000002220120000 2
2 0 599864 453164 8 8 9 9 -1 -1 0010001000000000030000000000100000000000100000000300000010201000001000010000000200200000000200000000002210000002220120000 2
1 0 599863 453164 6 12 4 10 -1 -1 0010001000000000030000000000100000000000100000000300000010001000001020010000000200200000000200000000002210000002220120000 2
2 0 599863 449496 10 16 11 15 -1 -1 0010001000000001030000000000100000000000000000000300000010001000001020010000000200200000000200000000002210000002220120000 2
1 0 599862 449496 12 12 11 13 -1 -1 0010001000000001030000000000100000000000000000000300000010001000001020010000000200000000000202000000002210000002220120000 2
2 0 599862 444474 10 10 12 12 -1 -1 0010001000000001030000000000100000000000000000000300000010001000001020010000000200000000000212000000002200000002220120000 2
1 0 599862 444474 11 13 10 14 -1 -1 0010001000000001030000000000100000000000000000000300000010001000001020010000000000000000000212000000002220000002220120000 2
2 0 599862 439087 12 12 14 14 -1 -1 0010001000000001030000000000100000000000000000000300000010001000001020010000000001000000000202000000002220000002220120000 2
1 0 599861 439087 14 10 2 10 -1 -1 0010001000000001030000000000100000000000000000000300000010001000001020010000000001000000000202000000002200000002220122000 2
2 0 599861 433311 9 9 10 10 -1 -1 0011001000000001030000000000100000000000000000000300000010001000001020010000000001000000000202000000002200000002220022000 2
1 0 599860 433311 10 14 8 16 -1 -1 0011001000000001030000000000100000000000000000000300000010001000001000010000000201000000000202000000002200000002220022000 2
2 0 599860 430800 10 10 14 10 -1 -1 0011001000000001030000000000100000000000000000000300000010001010001000010000000200000000000202000000002200000002220022000 2
1 0 599859 430800 9 15 7 17 -1 -1 0011001000000001030000000000100000000000000000000300000010001010001000010000000000000000000202000000002200000002220222000 2
2 0 599859 429615 11 15 12 14 -1 -1 0011001000000001030000000000100000000000000000000300010010001010001000000000000000000000000202000000002200000002220222000 2
1 0 599858 429615 8 16 6 18 -1 -1 0011001000000001030000000000100000000000000000000300010010001010001000000000000000000000000200000000002202000002220222000 2
2 0 599858 428020 11 11 11 13 -1 -1 0011001000000001030000000000100000000000000100000300010010001000001000000000000000000000000200000000002202000002220222000 2
1 0 599857 428020 3 9 1 11 -1 -1 0011001000000001030000000000100000000000000100000300010010001000001000000000000000000000000020000000002202000002220222000 2
2 0 599857 427155 11 13 15 13 -1 -1 0111000000000001030000000000100000000000000100000300010010001000001000000000000000000000000020000000002202000002220222000 2
1 0 599856 427155 5 11 3 9 -1 -1 0111000000000001030000000000100000000000000100000300010010001000001000000000000000000000000000000000002202000002220222020 2
2 0 599856 425289 12 14 13 15 -1 -1 0111001000000001030000000000000000000000000100000300010010001000001000000000000000000000000000000000002202000002220222020 2
1 0 599855 425289 2 10 0 12 -1 -1 0111001000000001030000000000000000000000000100000300010010001000001000000000000000000000000000000000002200000002222222020 2
2 0 599855 424831 12 8 12 12 -1 -1 1110001000000001030000000000000000000000000100000300010010001000001000000000000000000000000000000000002200000002222222020 2
1 0 599854 424831 9 5 7 3 -1 -1 1110001000000001030000000000000000000000000100000300010010001000001000000000000000000000000000000000000220000002222222020 2
2 0 599854 423756 13 9 15 11 -1 -1 1110001000000001030000000000000000000000000100100300010010001000000000000000000000000000000000000000000220000002222222020 2
1 0 599853 423756 8 12 7 11 -1 -1 1110001000000001030000000000000000000000000100100300010010001000000000000000000000000000000000000000000220000000222222220 2
2 0 599853 423428 12 10 13 9 -1 -1 1110001000000001030000000000000000000000000100100310010010000000000000000000000000000000000000000000000220000000222222220 2
1 0 599853 423428 8 4 7 5 -1 -1 1110001000000001030000000000000000000000000100100310010010000000000000000000000000000000000000000000000020000002222222220 2
2 0 599853 423065 14 10 16 12 -1 -1 1110001000000001030000000000000000000000000100110310010000000000000000000000000000000000000000000000000020000002222222220 2
1 0 599852 423065 7 5 6 6 -1 -1 1110001000000001030000000000000000000000000100110310010000000000000000000000000000000000000000000000000020000002222022222 2
2 0 599852 422731 12 12 14 10 -1 -1 1110001000000001030000000000000000000100000100100310010000000000000000000000000000000000000000000000000020000002222022222 2
