1322289518000
droptable
kingfish
1 0 594619 600000 13 9 12 10 -1 -1 2222222222000000000000000000000000000000000000000000000000000000000000000000000000000000000000000000000000000001111111111 1
2 0 594619 599903 2 14 4 12 -1 -1 2222222222000000000000000000000000000000000000000000000000000000000000000000000000000000000000000000000100000000111111111 1
1 0 575229 599903 14 10 12 12 -1 -1 2222202222000000200000000000000000000000000000000000000000000000000000000000000000000000000000000000000100000000111111111 1
2 0 575229 599902 0 12 4 16 -1 -1 2222202222000000200000000000000000000000000000000000000000000000000000000000000000000000000000000000000110000000111011111 1
1 0 569371 599902 12 12 11 11 -1 -1 0222202222000000202000000000000000000000000000000000000000000000000000000000000000000000000000000000000110000000111011111 1
2 0 569371 599901 3 11 5 13 -1 -1 0222202222000000202000000000000000000000000000000000000000000000000000000000000000000000000100000000000100000000111011111 1
1 0 550983 599901 13 15 12 14 -1 -1 0222202022000000202000000000020000000000000000000000000000000000000000000000000000000000000100000000000100000000111011111 1
2 0 550983 599899 2 12 6 12 -1 -1 0222202022000000202000000000020000000000000000000000000000000000000000000000000000000000000100000000000101000000110011111 1
1 0 529278 599899 14 14 10 10 -1 -1 0222002022000000202000000000020000000000200000000000000000000000000000000000000000000000000100000000000101000000110011111 1
2 0 529278 599898 3 13 7 13 -1 -1 0222002022000000202000000000020000000000200000000000000000000000000000000000000100000000000100000000000101000000110010111 1
1 0 512424 599898 11 11 9 9 -1 -1 0222002002000000202000000000020000000000200000000002000000000000000000000000000100000000000100000000000101000000110010111 1
2 0 512424 599714 4 12 8 12 -1 -1 0222002002000000202000000000020000000000200000000002000000000000000010000000000100000000000000000000000101000000110010111 1
1 0 499852 599714 16 12 12 12 -1 -1 0222002002000000002000000000020000000000200000000002000000002000000010000000000100000000000000000000000101000000110010111 1
2 0 499852 596098 5 13 9 13 -1 -1 0222002002000000002000000000020000000000200000000002000000002000000010000000000100000000000000000000000111000000110010110 1
1 0 486919 596098 13 11 11 13 -1 -1 0222002002000000002000000000000000000000200000000002000000002000000010200000000100000000000000000000000111000000110010110 1
2 0 486919 592240 7 13 13 11 -1 -1 0222002002000000002000000000000000000000200000000002000000002000000010200000000100000000000010000000000111000000010010110 1
1 0 479083 592240 12 10 11 11 -1 -1 0222002002000000002000000000000000000000200000000000000000002000000010200000000100000000000010000000000111000000210010110 1
2 0 479083 589322 8 12 9 11 -1 -1 0222002002000000002000000000000000000000200000000000000000002000000010200000000100000000000110000000000011000000210010110 1
1 0 476612 589322 15 13 14 14 -1 -1 0222002002000000002000000000000000000000200000000000000000000000000012200000000100000000000110000000000011000000210010110 1
2 0 476612 586218 3 9 4 10 -1 -1 0222002002000000002000000000000000000000200000000000000000000000000012200000000100000000000110000000000011000000210011100 1
1 0 471279 586218 10 10 8 8 -1 -1 0222000002000002002000000000000000000000200000000000000000000000000012200000000100000000000110000000000011000000210011100 1
2 0 471279 584244 1 11 7 13 -1 -1 0222000002000002002000000000000000000000200000000000000000100000000012200000000000000000000110000000000011000000210011100 1
1 0 464730 584244 12 12 8 12 -1 -1 0022000002000002002000000000000000000000200000000002000000100000000012200000000000000000000110000000000011000000210011100 1
2 0 464730 580166 6 12 10 12 -1 -1 0022000002000002002000000000000000000000200000000002000000101000000012200000000000000000000110000000000001000000210011100 1
1 0 462685 580166 9 9 8 10 -1 -1 0022000002000002002000000000000000000000000000000002000000101000000012200000000020000000000110000000000001000000210011100 1
2 0 462685 577993 1 13 1 11 -1 -1 0022000002000002002000000000000000000000000000000002000000111000000002200000000020000000000110000000000001000000210011100 1
1 0 458107 577993 12 14 11 15 -1 -1 0202000002000002002000000000000000000000000000000002000000111000000002200000000020000000000110000000000001000000210011100 1
2 0 458107 576182 1 11 5 11 -1 -1 0202000002000002002000000000000000000000000000000002000000111000000002200000000020000000000111000000000000000000210011100 1
1 0 453498 576182 14 12 12 10 -1 -1 0002000002000002002000000000200000000000000000000002000000111000000002200000000020000000000111000000000000000000210011100 1
2 0 453498 572412 4 10 8 14 -1 -1 0002000002000002002000000000200000000000000000000002000000111000000002200000000020000000000111000000000100000000210001100 1
1 0 448125 572412 15 11 14 10 -1 -1 0002000002000000002000000000200000000000000000000002000000111200000002200000000020000000000111000000000100000000210001100 1
2 0 448125 567913 10 12 14 12 -1 -1 0002000002000000002000000000200000000000000000000002000000111200000002200000000020000000000111000000000100000000210101000 1
1 0 434862 567913 14 10 10 14 -1 -1 0002000002000000002000000000200000000000000000000002000000111200000002200000000000000000000111000000000100000000210121000 1
2 0 434862 563298 3 15 5 17 -1 -1 0002000002000000002000000000200000000000000000000002000000111200000002200000000001000000000111000000000100000000210021000 1
1 0 432162 563298 12 10 11 9 -1 -1 0002000000000000002000000000200200000000000000000002000000111200000002200000000001000000000111000000000100000000210021000 1
2 0 432162 558477 5 11 6 12 -1 -1 0002000000000000002000000000200200000000000000000002000000111200000002200000000001000000001111000000000000000000210021000 1
1 0 416555 558477 11 9 10 8 -1 -1 0002000000000000002000000000000200000000200000000002000000111200000002200000000001000000001111000000000000000000210021000 1
2 0 416555 553444 8 14 12 10 -1 -1 0002000000000000002000000000000200000000200000000002000000111200000002200000001001000000000111000000000000000000210021000 1
1 0 412120 553444 14 14 10 10 -1 -1 0002000000000000002000000000000200000000200000000002000000111000000002200000001001000000000111000000000200000000210021000 1
2 0 412120 546675 6 12 12 14 -1 -1 0002000000000000002000000000000200000000200000000002000000111000000002200000001101000000000111000000000200000000210020000 1
1 0 408516 546675 10 8 6 12 -1 -1 0002000000000000002000000000000200000000000000000002000000111000000002200000001101000000000111000000000202000000210020000 1
2 0 408516 541246 13 11 13 15 -1 -1 0002000000000000002000000000000200000000100000000002000000111000000002200000000101000000000111000000000202000000210020000 1
1 0 407019 541246 8 8 7 9 -1 -1 0002000000000000002000000000000200000000100000000002000000111000000002200000000101000000000111000000000202000000012020000 1
2 0 407019 536662 9 11 15 13 -1 -1 0002000000000000002000000000000200000000100000000102000000011000000002200000000101000000000111000000000202000000012020000 1
1 0 404351 536662 11 11 5 13 -1 -1 0002000000000000002000000000000200000000100000000102000000011000000000200000000101000000000111000000000202000000012020020 1
2 0 404351 530252 7 13 13 11 -1 -1 0002000000000000002000000000010200000000100000000102000000011000000000200000000101000000000011000000000202000000012020020 1
1 0 400561 530252 8 12 4 12 -1 -1 0002000000000000002000000000010200000000100000000100000000011000000000200000000101000000000011000000000202000000212020020 1
2 0 400561 524488 12 10 13 9 -1 -1 0002000000000000102000000000010200000000100000000100000000010000000000200000000101000000000011000000000202000000212020020 1
1 0 395748 524488 11 15 9 9 -1 -1 0002000000000000102000000000010200000000100000000100000000010000000000200000000101000000000011000000000002000002212020020 1
2 0 395748 520844 9 13 11 11 -1 -1 0002000000000000102000000000010200000000100000000100000000010000000010200000000101000000000010000000000002000002212020020 1
1 0 392087 520844 13 13 9 13 -1 -1 0002000000000000102000000000010200000000100000000100000000010000000010000000000101000000000210000000000002000002212020020 1
2 0 392087 514800 11 11 13 13 -1 -1 0002000000000000102000000000010200000000100000000100000000010000000010100000000101000000000210000000000002000002202020020 1
1 0 389383 514800 10 10 6 14 -1 -1 0002000000000000102000000000010200000000100000000100000000010000000010100000000101000000000010000000000002000002222020020 1
2 0 389383 512838 2 10 3 11 -1 -1 0002000000000000102000000000010200000000110000000100000000010000000010100000000001000000000010000000000002000002222020020 1
1 0 385910 512838 9 9 8 8 -1 -1 0000000200000000102000000000010200000000110000000100000000010000000010100000000001000000000010000000000002000002222020020 1
2 0 385910 510368 3 11 4 10 -1 -1 0000000200000000102000000000010200000000110000000100000000110000000000100000000001000000000010000000000002000002222020020 1
1 0 384596 510368 4 12 3 13 -1 -1 0000000000000002102000000000010200000000110000000100000000110000000000100000000001000000000010000000000002000002222020020 1
2 0 384596 507617 4 16 6 18 -1 -1 0000000010000002002000000000010200000000110000000100000000110000000000100000000001000000000010000000000002000002222020020 1
1 0 382808 507617 6 12 2 12 -1 -1 0000000010000002000000000000010200000000110200000100000000110000000000100000000001000000000010000000000002000002222020020 1
2 0 382808 502707 5 17 7 19 -1 -1 0000100010000002000000000000010200000000010200000100000000110000000000100000000001000000000010000000000002000002222020020 1
1 0 381562 502707 6 14 2 10 -1 -1 0000100010000002000000000000010000000000010200000100002000110000000000100000000001000000000010000000000002000002222020020 1
2 0 381562 499516 6 18 8 20 -1 -1 0001100010000002000000000000010000000000000200000100002000110000000000100000000001000000000010000000000002000002222020020 1
1 0 380206 499516 11 13 9 11 -1 -1 0001100010000002000000000000010000000000000000000100002000110000200000100000000001000000000010000000000002000002222020020 1
2 0 380206 496077 7 19 9 21 -1 -1 0001100010000002000000000000010000000000000000000100002000110000200001100000000001000000000000000000000002000002222020020 1
1 0 379108 496077 8 8 6 10 -1 -1 0001100010000002000000000000010000000000000000000100000000110000200001100020000001000000000000000000000002000002222020020 1
2 0 379108 494570 4 10 5 11 -1 -1 0001100010000002000000000000010000000001000000000100000000010000200001100020000001000000000000000000000002000002222020020 1
1 0 377560 494570 3 13 2 14 -1 -1 0001100010000000000000000000210000000001000000000100000000010000200001100020000001000000000000000000000002000002222020020 1
2 0 377560 492701 8 20 10 22 -1 -1 0001110000000000000000000000210000000001000000000100000000010000200001100020000001000000000000000000000002000002222020020 1
1 0 376899 492701 8 10 4 10 -1 -1 0001110000000000000000000000210000000001000000000100000000010000000001100020000001000200000000000000000002000002222020020 1
2 0 376899 490831 9 21 11 23 -1 -1 0001110000000001000000000000210000000001000000000100000000000000000001100020000001000200000000000000000002000002222020020 1
1 0 374488 490831 10 14 8 12 -1 -1 0001110000000001000000000000210000000001000000000100000000000000000001100000000001000200000000000200000002000002222020020 1
2 0 374488 488903 10 22 12 24 -1 -1 0001110000000001000000000000210000000001000000000100000000001000000001100000000000000200000000000200000002000002222020020 1
1 0 372682 488903 9 13 5 9 -1 -1 0001110000000001000000000000210000000001000000000100000000001000000001100000000000000000000000000200000002000022222020020 1
2 0 372682 488011 5 11 6 12 -1 -1 0001110000000001000000000001210000000001000000000100000000001000000001000000000000000000000000000200000002000022222020020 1
1 0 368945 488011 9 11 1 11 -1 -1 0001110000000001000000000001010000000001200000000100000000001000000001000000000000000000000000000200000002000022222020020 1
2 0 368945 487181 11 23 12 22 -1 -1 0101110000000001000000000001010000000001200000000100000000001000000000000000000000000000000000000200000002000022222020020 1
1 0 365858 487181 8 12 7 11 -1 -1 0101110000000001000000000001010000000001200000000100000000001000000000000000000000000000000000000000000002000222222020020 1
2 0 365858 486390 6 12 8 10 -1 -1 0101110000000001000000000001010000000001200000000110000000000000000000000000000000000000000000000000000002000222222020020 1
1 0 364493 486390 5 9 1 13 -1 -1 0101110000000001000000000001010000000001000000000110000000020000000000000000000000000000000000000000000002000222222020020 1
2 0 364493 485687 8 10 9 11 -1 -1 0111110000000001000000000000010000000001000000000110000000020000000000000000000000000000000000000000000002000222222020020 1
1 0 362116 485687 7 11 3 11 -1 -1 0111110000000001000000000000010000000001000000000110000000000000000002000000000000000000000000000000000002000222222020020 1
2 0 362116 485182 9 11 10 12 -1 -1 0111110100000001000000000000010000000001000000000100000000000000000002000000000000000000000000000000000002000222222020020 1
1 0 359860 485182 7 9 3 13 -1 -1 0111110100000001000000000000010000000001000000000100000000000000000000000000000020000000000000000000000002000222222020020 1
2 0 359860 484597 10 12 11 13 -1 -1 0111110110000001000000000000010000000001000000000000000000000000000000000000000020000000000000000000000002000222222020020 1
1 0 353662 484597 2 10 0 12 -1 -1 0111110110000001000000000000010000000001000000000000000000000000000000000000000000000000000020000000000002000222222020020 1
2 0 353662 484133 11 13 12 12 -1 -1 1110110110000001000000000000010000000001000000000000000000000000000000000000000000000000000020000000000002000222222020020 1
1 0 345842 484133 6 10 5 11 -1 -1 1110110110000001000000000000010000000001000000000000000000000000000000000000000000000000000000000000000022000222222020020 1
2 0 345842 483689 12 12 16 12 -1 -1 1110110110000001000000000000110000000000000000000000000000000000000000000000000000000000000000000000000022000222222020020 1
1 0 345840 483689 5 11 3 9 -1 -1 1110110110000001000000000000110000000000000000000000000000000000000000000000000000000000000000000000000002000222222020022 1
2 0 345840 483341 12 14 12 12 -1 -1 1110111110000001000000000000010000000000000000000000000000000000000000000000000000000000000000000000000002000222222020022 1
1 0 345839 483341 5 13 4 12 -1 -1 1110111110000001000000000000010000000000000000000000000000000000000000000000000000000000000000000000000020000222222020022 1
2 0 345839 483012 12 12 14 14 -1 -1 1110111110000001100000000000000000000000000000000000000000000000000000000000000000000000000000000000000020000222222020022 1
1 0 345837 483012 4 12 2 10 5 9 1110111110000001100000000000000000000000000000000000000000000000000000000000000000000000000000000000000000000222222022022 1
2 0 345837 482729 12 24 12 20 -1 -1 1111111110000001000000000003000000000000000000000000000000000000000000000000000000000000000000000000000000000222222022022 1
1 0 345837 482729 4 10 4 12 -1 -1 1111111110000001000000000003000000000000000000000000000000000000000000000000000000000000000000000000000000002202222022022 1
2 0 345837 482590 12 20 12 18 -1 -1 1111111110000000100000000003000000000000000000000000000000000000000000000000000000000000000000000000000000002202222022022 1
1 0 345836 482590 3 11 3 15 -1 -1 1111111110000000100000000003000000000000000000000000000000000000000000000000000000000000000000000000000000020202222022022 1
2 0 345836 482481 12 18 12 16 -1 -1 1111111011000000100000000003000000000000000000000000000000000000000000000000000000000000000000000000000000020202222022022 1
1 0 345836 482481 4 12 3 11 -1 -1 1111111011000000100000000003000000000000000000000000000000000000000000000000000000000000000000000000000000200202222022022 1
