1322295554000
brogrammers
kingfish
1 0 599905 600000 14 14 12 16 -1 -1 2222222222000000000000000000000000000000000000000000000000000000000000000000000000000000000000000000000000000001111111111 2
2 0 599905 599905 2 14 4 12 -1 -1 2222222222000000000000000000000000000000000000000000000000000000000000000000000000000000000000000000000000100001111110111 2
1 0 599903 599905 16 12 12 12 10 14 2222202222000000200000000000000000000000000000000000000000000000000000000000000000000000000000000000000000100001111110111 2
2 0 599903 599905 0 12 4 16 -1 -1 2222202222000000200000000000000000000000000000000000000000000000000000000000000003000000000000000000000010100001111110110 2
1 0 599902 599905 13 11 9 15 -1 -1 0222202222000000202000000000000000000000000000000000000000000000000000000000000003000000000000000000000010100001111110110 2
2 0 599902 599905 3 11 5 13 -1 -1 0222202222000000202000000000000000000000000000000000000000000000000000010000000003000000000000000000000010100001011110110 2
1 0 599901 599905 15 13 11 13 -1 -1 0222202022000000202000000000020000000000000000000000000000000000000000010000000003000000000000000000000010100001011110110 2
2 0 599901 599905 2 12 6 12 -1 -1 0222202022000000202000000000020000000000000000000000000000000000000000010000000003000000000010000000000010100001011110100 2
1 0 599900 599905 14 12 8 14 -1 -1 0222002022000000202000000000020000000000200000000000000000000000000000010000000003000000000010000000000010100001011110100 2
2 0 599900 595578 3 13 7 13 -1 -1 0222002022000000202000000000020000000000200000000000000000000100000000010000000003000000000010000000000010100001011100100 2
1 0 599899 595578 13 13 7 11 -1 -1 0222002002000000202000000000020000000000200000000002000000000100000000010000000003000000000010000000000010100001011100100 2
2 0 599899 588266 4 12 6 14 -1 -1 0222002002000000202000000000020000000000200000000012000000000100000000010000000003000000000010000000000010100001001100100 2
1 0 599898 588266 14 10 12 8 9 9 0222002002000000002000000000020000000000220000000012000000000100000000010000000003000000000010000000000010100001001100100 2
2 0 599898 581857 5 13 13 13 -1 -1 0222002002000000002000000000020000000000220000000012000000000100000030010000000003000000000010000000001010100001001000100 2
1 0 599897 581857 13 9 11 7 -1 -1 0222002002000000002000000000000000000000220000000012000000000100000030010000000003000000000010000000001010100001021000100 2
2 0 599897 573875 6 12 14 12 -1 -1 0222002002000000002000000000000000000000220000000012000000000100000030010000000003000000010010000000001010100000021000100 2
1 0 599896 573875 13 15 11 17 -1 -1 0222002002000000002000000000000000000000020000000012000000000100000030010000000003000000010010000000001010100000021020100 2
2 0 599896 565279 6 14 8 16 -1 -1 0222002002000000002000000000000000000000020000000012000000000100000030010000000003000000010010100000001010100000020020100 2
1 0 599895 565279 12 8 10 6 -1 -1 0222002002000000002000000000000000000000000000000012000000000120000030010000000003000000010010100000001010100000020020100 2
2 0 599895 559986 4 16 5 15 -1 -1 0222002002000000002000000000000000000000000000000012000000000120000030010000010003000000010010100000000010100000020020100 2
1 0 599894 559986 12 16 10 18 -1 -1 0222002002000000000000000000002000000000000000000012000000000120000030010000010003000000010010100000000010100000020020100 2
2 0 599894 554778 2 10 8 12 -1 -1 0222002002000000000000000000002000000000000000000012000000000120000030010000010003010000010010100000000010000000020020100 2
1 0 599893 554778 11 7 9 5 -1 -1 0220002002000000000000000000002000000000000000000012000000002120000030010000010003010000010010100000000010000000020020100 2
2 0 599893 551480 1 11 0 12 -1 -1 0220002002000000000000000000002000000000000000000012000000002120001030010000010003010000000010100000000010000000020020100 2
1 0 599892 551480 11 17 9 19 -1 -1 2020002002000000000000000000002000000000000000000012000000002120001030010000010003010000000010100000000010000000020020100 2
2 0 599892 544750 8 12 8 10 -1 -1 2020002002000000000000000000002000000000000000000012000000002120001030010100010003010000000010000000000010000000020020100 2
1 0 599891 544750 10 18 8 20 -1 -1 2020002002000000000000000000002000000000000000000012000000020120001030010100010003010000000010000000000010000000020020100 2
2 0 599891 540847 0 12 10 10 -1 -1 2020002002000000000000000000002000000000000000000012000000020120101030010100010003000000000010000000000010000000020020100 2
1 0 599890 540847 10 6 8 4 -1 -1 0020002002000000000000000000002000000000000000000012000000020120101030010100010203000000000010000000000010000000020020100 2
2 0 599890 535958 1 13 2 14 -1 -1 0020002002000000000000000000002000000000000000000012000010020120101030010100000203000000000010000000000010000000020020100 2
1 0 599889 535958 9 15 7 17 -1 -1 0000022002000000000000000000002000000000000000000012000010020120101030010100000203000000000010000000000010000000020020100 2
2 0 599889 529267 8 10 12 14 -1 -1 0000022002000000000000000000002000000000000000000012010010020120101030000100000203000000000010000000000010000000020020100 2
1 0 599888 529267 8 14 4 14 -1 -1 0000022002000000000000000000002000000000000000000012010010000120101030000100000203000000000010000000000012000000020020100 2
2 0 599888 526046 2 14 8 12 -1 -1 0000022002000000010000000000002000000000000000000012010010000020101030000100000203000000000010000000000012000000020020100 2
1 0 599887 526046 11 13 9 15 -1 -1 0000002002000000010000000000002000000000000000000012010010002020101030000100000203000000000010000000000012000000020020100 2
2 0 599887 521248 3 15 5 13 -1 -1 0000002002000000010000000000002000000000000000000012010010002020101030010100000203000000000000000000000012000000020020100 2
1 0 599886 521248 15 11 14 10 -1 -1 0000002000000000010000000000022000000000000000000012010010002020101030010100000203000000000000000000000012000000020020100 2
2 0 599886 513742 7 13 11 9 -1 -1 0000002000000000010000000000022000000000000000000012010010002020101030010100000203000000000000000000000012000000020120000 2
1 0 599885 513742 14 10 13 9 -1 -1 0000002000000000010000000000022000000000000000000010010010002020101030010100000203000000002000000000000012000000020120000 2
2 0 599885 504274 10 10 14 14 -1 -1 0000002000000000010000000000022000000000000000000010010010002020101030010100000203000000002000000000000012000001020020000 2
1 0 599884 504274 13 9 12 8 -1 -1 0000002000000000010000000000022000000000000000000010010010002020101030010100000003000000002000000000000012000001020022000 2
2 0 599884 496656 11 9 12 10 -1 -1 0000002000000000010000000000022000000000000000000010010010002020101030010100000003000000002000000000001012000000020022000 2
1 0 599883 496656 12 12 11 11 -1 -1 0000002000000000010000000000022000000000000000000010010010002020101030010100000003000000000000000000001212000000020022000 2
2 0 599883 488718 12 10 13 11 -1 -1 0000002000000000010000000000022000000000000000000010010010002020101030010100000003000000000100000000001202000000020022000 2
1 0 599882 488718 12 8 11 9 -1 -1 0000002000000000010000000000022000000000000000000010010010002020101030010100000003000000000100000000001002000000220022000 2
2 0 599882 474945 8 12 9 11 -1 -1 0000002000000000010000000000022000000000000000000010010010002020101030010100000003000000001100000000000002000000220022000 2
1 0 599881 474945 11 9 10 8 -1 -1 0000002000000000010000000000022000000000000000000010010010000020101032010100000003000000001100000000000002000000220022000 2
2 0 599881 463919 9 11 15 13 -1 -1 0000002000000000010000000000022000000000000000000010010010000020101032010100001003000000000100000000000002000000220022000 2
1 0 599880 463919 10 8 6 12 -1 -1 0000002000000000010000000000022000000000000000000010010010000020101030010100001003000000000100000000000002000000220022020 2
2 0 599880 458794 12 14 13 15 -1 -1 0000002000000000010000000000022000000000100000000010010010000020101030010100000003000000000100000000000002000000220022020 2
1 0 599879 458794 11 11 10 10 -1 -1 0000002000000000010000000000022000000000100000000010010010000020101030010100000003000000000100000000000000000000222022020 2
2 0 599879 456292 3 9 4 10 -1 -1 0000002000000000010000000000022000000000100000000010010010000020101030010100000103000000000000000000000000000000222022020 2
1 0 599878 456292 10 10 8 8 -1 -1 0000000000000002010000000000022000000000100000000010010010000020101030010100000103000000000000000000000000000000222022020 2
2 0 599878 454386 4 10 5 11 -1 -1 0000000000000002010000000000022000000000100000000010010010100020101030010100000003000000000000000000000000000000222022020 2
1 0 599878 454386 6 12 4 10 -1 -1 0000000000000000010000000000222000000000100000000010010010100020101030010100000003000000000000000000000000000000222022020 2
2 0 599878 450284 5 15 6 14 -1 -1 0000000000000001010000000000222000000000000000000010010010100020101030010100000003000000000000000000000000000000222022020 2
1 0 599877 450284 9 5 8 6 -1 -1 0000000000000001010000000000220000000000020000000010010010100020101030010100000003000000000000000000000000000000222022020 2
2 0 599877 447283 5 11 9 11 -1 -1 0000000000000001010000000000220000000000020000000010010011100020100030010100000003000000000000000000000000000000222022020 2
1 0 599876 447283 8 6 6 16 -1 -1 0000000000000001010000000000020000000000020000000010010011100020100032010100000003000000000000000000000000000000222022020 2
2 0 599876 445035 5 13 11 15 -1 -1 0000000000000001010000000000020000000000021000000010010010100020100032010100000003000000000000000000000000000000222022020 2
1 0 599875 445035 7 17 3 13 -1 -1 0000000000000001010000000000000000000000021000000010010010100020100032010100000003000000000002000000000000000000222022020 2
2 0 599875 440038 9 11 10 12 -1 -1 0000000010000001010000000000000000000000021000000010000010100020100032010100000003000000000002000000000000000000222022020 2
1 0 599874 440038 9 15 5 15 -1 -1 0000000010000001010000000000000000000000021000000010000010100020100030010100000023000000000002000000000000000000222022020 2
2 0 599874 436794 10 12 12 14 -1 -1 0000000010000001010000000000001000000000021000000010000010100020100030000100000023000000000002000000000000000000222022020 2
1 0 599873 436794 4 14 2 12 -1 -1 0000000010000001010000000000001000000000021000000010000010100020100030000100000003000000000002000000000002000000222022020 2
2 0 599873 434813 6 14 7 15 -1 -1 0000100010000001000000000000001000000000021000000010000010100020100030000100000003000000000002000000000002000000222022020 2
1 0 599872 434813 6 16 4 14 -1 -1 0000100010000001000000000000001000000000001000000010200010100020100030000100000003000000000002000000000002000000222022020 2
2 0 599872 432046 7 15 9 17 -1 -1 0000100010000001010000000000001000000000000000000010200010100020100030000100000003000000000002000000000002000000222022020 2
1 0 599871 432046 9 19 7 17 -1 -1 0000100010000001010000000000001000000000000000000010000010100020100030002100000003000000000002000000000002000000222022020 2
2 0 599871 429383 11 15 11 17 -1 -1 0000100010000001010000000000001000000000000000000010010010100020100030002000000003000000000002000000000002000000222022020 2
1 0 599870 429383 3 13 1 11 -1 -1 0000100010000001010000000000001000000000000000000010010010100020100030002000000003000000000000200000000002000000222022020 2
2 0 599870 426100 8 16 14 10 -1 -1 0100100000000001010000000000001000000000000000000010010010100020100030002000000003000000000000200000000002000000222022020 2
1 0 599867 426100 5 15 3 13 -1 -1 0100100000000001010000000000001000000000000000000010010010100000100030002000000003000000000000200000000002000000222222020 2
2 0 599867 424643 9 17 10 18 -1 -1 0100100010000001010000000000000000000000000000000010010010100000100030002000000003000000000000200000000002000000222222020 2
1 0 599866 424643 8 4 7 5 -1 -1 0100100010000001010000000000000000000000000000000010010010100000100030000000000003020000000000200000000002000000222222020 2
2 0 599866 423156 14 10 15 11 -1 -1 0100100010000001010000000000000000000000000000010010010000100000100030000000000003020000000000200000000002000000222222020 2
1 0 599865 423156 8 20 7 19 -1 -1 0100100010000001010000000000000000000000000000010010010000100000100030000000000003020000000000200000000002000000222022220 2
2 0 599865 422507 10 18 16 12 -1 -1 0100100010000001010000000000000000000000000000010010011000100000000030000000000003020000000000200000000002000000222022220 2
1 0 599864 422507 8 8 7 7 -1 -1 0100100010000001010000000000000000000000000000010010011000100000000030000000000003000000000000200000000002000000222022222 2
2 0 599864 421721 11 17 12 16 -1 -1 0100100010000001010000000000000000000000000000011010011000000000000030000000000003000000000000200000000002000000222022222 2
1 0 599863 421721 7 7 6 8 -1 -1 0100100010000001010000000000000000000000000000011010011000000000000030000000000003000000000000000000000002200000222022222 2
2 0 599863 421179 12 16 14 10 -1 -1 0100100010000001010000000000000000000010000000010010011000000000000030000000000003000000000000000000000002200000222022222 2
1 0 599863 421179 7 11 6 12 -1 -1 0100100010000001010000000000000000000010000000010010011000000000000030000000000003000000000000000000000002000000222222222 2
2 0 599863 420822 12 14 12 12 -1 -1 0100100010000001010000000000000000000010100000010000011000000000000030000000000003000000000000000000000002000000222222222 2
1 0 599862 420822 7 19 6 18 -1 -1 0100100010000001010000000000000000000010100000010000011000000000000030000000000003000000000000000000000020000000222222222 2
2 0 599862 420545 14 10 13 9 -1 -1 0100100010000001010000000000000000000010100100010000010000000000000030000000000003000000000000000000000020000000222222222 2
1 0 599861 420545 7 17 6 16 -1 -1 0100100010000001010000000000000000000010100100010000010000000000000030000000000003000000000000000000000020000002222022222 2
2 0 599861 420132 12 12 14 10 -1 -1 0100100010000001010000000000000000000010101100010000000000000000000030000000000003000000000000000000000020000002222022222 2
