1322296095000
droptable
kingfish
1 0 594905 600000 14 12 12 14 -1 -1 2222222222000000000000000000000000000000000000000000000000000000000000000000000000000000000000000000000000000001111111111 2
2 0 594905 599889 2 14 4 12 -1 -1 2222222222000000000000000000000000000000000000000000000000000000000000000000000000000000000000000000000001000001111101111 2
1 0 589901 599889 13 15 11 13 -1 -1 2222202222000000200000000000000000000000000000000000000000000000000000000000000000000000000000000000000001000001111101111 2
2 0 589901 599888 0 12 4 16 -1 -1 2222202222000000200000000000000000000000000000000000000000000000000000000000000000000000000010000000000001000001110101111 2
1 0 584909 599888 13 13 11 11 -1 -1 0222202222000000202000000000000000000000000000000000000000000000000000000000000000000000000010000000000001000001110101111 2
2 0 584909 599887 3 11 5 13 -1 -1 0222202222000000202000000000000000000000000000000000000000000000000000000000000000000000000110000000000001000001100101111 2
1 0 579908 599887 14 10 10 14 -1 -1 0222202022000000202000000000020000000000000000000000000000000000000000000000000000000000000110000000000001000001100101111 2
2 0 579908 599886 2 12 6 12 -1 -1 0222202022000000202000000000020000000000000000000000000000000000000000000000000001000000000110000000000001000001100001111 2
1 0 574906 599886 13 9 9 13 -1 -1 0222002022000000202000000000020000000000200000000000000000000000000000000000000001000000000110000000000001000001100001111 2
2 0 574906 599885 3 13 7 13 -1 -1 0222002022000000202000000000020000000000200000000000000000000000000000100000000001000000000110000000000001000000100001111 2
1 0 569907 599885 10 14 6 14 -1 -1 0222002002000000202000000000020000000000200000000002000000000000000000100000000001000000000110000000000001000000100001111 2
2 0 569907 594548 6 12 14 12 -1 -1 0222002002000000202000000000020000000000210000000002000000000000000000100000000000000000000110000000000001000000100001111 2
1 0 561384 594548 12 14 4 14 -1 -1 0222002002000000202000000000020000000000010000000002000000000000000000100000000000000000000110000000000001000000100021111 2
2 0 561384 591657 3 9 4 10 -1 -1 0222002002000000212000000000020000000000010000000002000000000000000000100000000000000000000110000000000000000000100021111 2
1 0 555559 591657 14 14 8 12 -1 -1 0222000002000002212000000000020000000000010000000002000000000000000000100000000000000000000110000000000000000000100021111 2
2 0 555559 589477 1 11 5 11 -1 -1 0222000002000002212000000000020000000000010000000002000000001000000000100000000000000000000110000000000000000000100020111 2
1 0 545750 589477 15 13 14 14 -1 -1 0022000002000002212000000000220000000000010000000002000000001000000000100000000000000000000110000000000000000000100020111 2
2 0 545750 582619 4 10 12 10 -1 -1 0022000002000002212000000000220000000000010000000002000000001000000000100000000000000000000110000000000000000000100021101 2
1 0 534847 582619 14 14 10 14 -1 -1 0022000002000000212000000000220000000000010000000002000000001000000000100000000000000000000110000000000200000000100021101 2
2 0 534847 577229 7 13 9 15 -1 -1 0022000002000000212000000000220000000000010000000002000000001000000000100000000001000000000110000000000200000000100020101 2
1 0 529844 577229 16 12 10 10 -1 -1 0022000002000000212000000000220000000000010000000000000000001000000000120000000001000000000110000000000200000000100020101 2
2 0 529844 570561 5 11 9 11 -1 -1 0022000002000000212000000000220000000000010000000000000000001000000000120000000101000000000110000000000200000000100020100 2
1 0 524841 570561 15 11 13 13 -1 -1 0022000002000000212000000000020000000000010000000000000000001000000002120000000101000000000110000000000200000000100020100 2
2 0 524841 564516 3 15 3 13 -1 -1 0022000002000000212000000000020000000000010000000000000000001000000002120000000101000000000110000000000200000000110020000 2
1 0 519840 564516 13 11 11 9 -1 -1 0022000020000000212000000000020000000000010000000000000000001000000002120000000101000000000110000000000200000000110020000 2
2 0 519840 556788 3 13 7 13 -1 -1 0022000020000000212000000000020000000000010000000000000000001000000002120000000101000000001110000000000200000000010020000 2
1 0 514838 556788 13 13 12 14 -1 -1 0022000000000000212000000000020000000000010000000002000000001000000002120000000101000000001110000000000200000000010020000 2
2 0 514838 551127 9 11 10 12 -1 -1 0022000000000000212000000000020000000000010000000002000000001000000002120000000101000000001110000000000201000000000020000 2
1 0 509838 551127 9 13 7 15 -1 -1 0022000000000000212000000000020000000000010000000002000000001000000000120000000121000000001110000000000201000000000020000 2
2 0 509838 544932 9 15 9 13 -1 -1 0022000000000000212000000000020000000000010000000002100000001000000000020000000121000000001110000000000201000000000020000 2
1 0 504837 544932 8 12 7 11 -1 -1 0022000000000000212000000000020000000000010000000002100000001000000000200000000121000000001110000000000201000000000020000 2
2 0 504837 542008 9 13 13 13 -1 -1 0022000000000000212000000000020000000000010000000012100000000000000000200000000121000000001110000000000201000000000020000 2
1 0 499837 542008 11 11 9 13 -1 -1 0022000000000000212000000000020000000000010000000012100000000000000000000000000121000000001110000000000201000000020020000 2
2 0 499837 539383 1 13 2 14 -1 -1 0022000000000000212000000000020000000000010000000012100000000000000000100000000121000000001010000000000201000000020020000 2
1 0 494840 539383 10 14 6 10 -1 -1 0002020000000000212000000000020000000000010000000012100000000000000000100000000121000000001010000000000201000000020020000 2
2 0 494840 531297 2 14 3 13 -1 -1 0002020000000000212000000000020000000001010000000012100000000000000000100000000120000000001010000000000201000000020020000 2
1 0 488681 531297 11 9 9 11 -1 -1 0002000020000000212000000000020000000001010000000012100000000000000000100000000120000000001010000000000201000000020020000 2
2 0 488681 524652 7 13 8 12 -1 -1 0002000020000000212000000000020000000001010000000012100000000000000001100000000120000000000010000000000201000000020020000 2
1 0 482664 524652 6 14 5 15 -1 -1 0002000020000000212000000000020000000001010000000010100000002000000001100000000120000000000010000000000201000000020020000 2
2 0 482664 517068 8 12 14 14 -1 -1 0002000020000000212000000000021000000001000000000010100000002000000001100000000120000000000010000000000201000000020020000 2
1 0 477665 517068 10 10 8 12 -1 -1 0002000020000000212000000000021000000001000000000010100000000000000001100000000120000000000010000000000201000000020022000 2
2 0 477665 511875 3 13 7 9 -1 -1 0002000020000000212000000000021000000001000000000010100000001000000001100000000020000000000010000000000201000000020022000 2
1 0 472395 511875 12 14 11 15 -1 -1 0002000000000000212000000000021000000001000000000210100000001000000001100000000020000000000010000000000201000000020022000 2
2 0 472395 506118 4 16 8 16 -1 -1 0002000000000000212000000000021000000001000000000210100000001000000001100000000020000000000011000000000200000000020022000 2
1 0 465410 506118 9 13 8 14 -1 -1 0002000000000000210000000000021000000001000000000210100000001020000001100000000020000000000011000000000200000000020022000 2
2 0 465410 497258 4 12 6 14 -1 -1 0002000000000000210000000000021000000001000000000210100000001120000001000000000020000000000011000000000200000000020022000 2
1 0 459083 497258 5 15 4 16 -1 -1 0002000000000000010000000000021000000001020000000210100000001120000001000000000020000000000011000000000200000000020022000 2
2 0 459083 490994 6 14 7 13 -1 -1 0002000000000000011000000000020000000001020000000210100000001120000001000000000020000000000011000000000200000000020022000 2
1 0 451928 490994 11 15 9 9 -1 -1 0002000000000000011000000000020000000001000000000212100000001120000001000000000020000000000011000000000200000000020022000 2
2 0 451928 485858 7 13 9 15 -1 -1 0002000000000000011000000000020000000001000000000212100000001120000011000000000020000000000010000000000200000000020022000 2
1 0 446928 485858 8 14 6 12 -1 -1 0002000000000000011000000000020000000001000000000210100000001120000011020000000020000000000010000000000200000000020022000 2
2 0 446928 476593 10 12 12 14 -1 -1 0002000000000000011000000000020000000001100000000210100000001020000011020000000020000000000010000000000200000000020022000 2
1 0 440658 476593 11 13 10 14 -1 -1 0002000000000000011000000000020000000001100000000210100000001020000011020000000000000000000010000000000202000000020022000 2
2 0 440658 469946 9 15 13 11 -1 -1 0002000000000000011000000000020000000001100000000210100000001020000011020000000001000000000000000000000202000000020022000 2
1 0 435657 469946 10 14 9 15 -1 -1 0002000000000000011000000000020000000001100000000210100000001020000011000000000001000000000000000000000202000000220022000 2
2 0 435657 466215 7 9 7 13 -1 -1 0002000000000000011000000000020000000001100000000210100000001020000011010000000000000000000000000000000202000000220022000 2
1 0 430648 466215 8 12 6 14 -1 -1 0002000000000000011000000000020000000001100000000012100000001020000011010000000000000000000000000000000202000000220022000 2
2 0 430648 462003 8 16 10 14 -1 -1 0002000000000000011000000000020000000001110000000012100000000020000011010000000000000000000000000000000202000000220022000 2
1 0 425646 462003 9 9 8 8 -1 -1 0002000000000000011000000000020000000001110000000012100000000000000011010000000002000000000000000000000202000000220022000 2
2 0 425646 458059 10 14 11 13 -1 -1 0002000000000000011000000000020000000001110000000012100000100000000001010000000002000000000000000000000202000000220022000 2
1 0 420647 458059 9 15 8 14 -1 -1 0002000000000000011000000000020000000001110000000012100000100000000001010000000000000000000020000000000202000000220022000 2
2 0 420647 453138 11 13 15 13 -1 -1 0002000000000000011000000000020000000001110000000012100000100100000001000000000000000000000020000000000202000000220022000 2
1 0 415647 453138 6 14 4 12 -1 -1 0002000000000000011000000000020000000001110000000012100000100100000001000000000000000000000000000000000202000000220022020 2
2 0 415647 448951 12 10 13 9 -1 -1 0002000000000000111000000000020000000001100000000012100000100100000001000000000000000000000000000000000202000000220022020 2
1 0 410647 448951 8 14 6 16 -1 -1 0002000000000000111000000000020000000001100000000012100000100100000001000000000000000000000000000000000002000002220022020 2
2 0 410647 447208 2 10 3 11 -1 -1 0002000000000000111000000000020000000001101000000012100000100000000001000000000000000000000000000000000002000002220022020 2
1 0 405645 447208 7 15 3 15 -1 -1 0000000200000000111000000000020000000001101000000012100000100000000001000000000000000000000000000000000002000002220022020 2
2 0 405645 444918 3 11 3 13 -1 -1 0000000201000000111000000000020000000001101000000012000000100000000001000000000000000000000000000000000002000002220022020 2
1 0 400652 444918 8 8 7 9 -1 -1 0000000021000000111000000000020000000001101000000012000000100000000001000000000000000000000000000000000002000002220022020 2
2 0 400652 442899 7 13 8 14 -1 -1 0000000021000000111000000000020000000001101000000112000000000000000001000000000000000000000000000000000002000002220022020 2
1 0 395650 442899 7 9 5 11 -1 -1 0000000021000000111000000000020000000001101000000110000000000200000001000000000000000000000000000000000002000002220022020 2
2 0 395650 440687 3 13 7 17 -1 -1 0000000021000000111000000000120000000001101000000010000000000200000001000000000000000000000000000000000002000002220022020 2
1 0 390649 440687 9 11 8 10 -1 -1 0000000001000000111000000000120000000001101000000010020000000200000001000000000000000000000000000000000002000002220022020 2
2 0 390649 437124 12 14 13 15 -1 -1 0000000001000000111000000000120000000001101000000010020000010200000000000000000000000000000000000000000002000002220022020 2
1 0 385650 437124 6 12 4 10 -1 -1 0000000001000000111000000000120000000001101000000010020000010200000000000000000000000000000000000000000000000002222022020 2
2 0 385650 435437 5 13 6 12 -1 -1 0000000001000001111000000000120000000001001000000010020000010200000000000000000000000000000000000000000000000002222022020 2
1 0 380648 435437 7 11 3 11 -1 -1 0000000001000001111000000000100000000001201000000010020000010200000000000000000000000000000000000000000000000002222022020 2
2 0 380648 433254 8 14 9 15 -1 -1 0000000101000001111000000000100000000001201000000000020000010200000000000000000000000000000000000000000000000002222022020 2
1 0 375649 433254 4 12 2 10 -1 -1 0000000101000001111000000000100000000001201000000000020000010000000000020000000000000000000000000000000000000002222022020 2
2 0 375649 431374 6 12 6 14 -1 -1 0001000101000001011000000000100000000001201000000000020000010000000000020000000000000000000000000000000000000002222022020 2
1 0 370647 431374 5 11 1 11 -1 -1 0001000101000001011000000000100000000001021000000000020000010000000000020000000000000000000000000000000000000002222022020 2
2 0 370647 430168 6 14 10 14 -1 -1 0101000101000001011000000000000000000001021000000000020000010000000000020000000000000000000000000000000000000002222022020 2
1 0 365646 430168 8 10 7 9 -1 -1 0101000101000001011000000000000000000001001000000000020000010000000000020000000002000000000000000000000000000002222022020 2
2 0 365646 428814 7 17 8 16 -1 -1 0101000101000001011000000000000000000001001000000100020000000000000000020000000002000000000000000000000000000002222022020 2
1 0 360646 428814 7 9 3 13 -1 -1 0101000101000001011000000000000000000001001000000100000000000020000000020000000002000000000000000000000000000002222022020 2
2 0 360646 426804 10 14 11 13 -1 -1 0101000111000001011000000000000000000001001000000000000000000020000000020000000002000000000000000000000000000002222022020 2
1 0 355644 426804 4 10 2 12 -1 -1 0101000111000001011000000000000000000001001000000000000000000020000000020000000000000000000020000000000000000002222022020 2
2 0 355644 425700 8 16 14 10 -1 -1 0101100111000000011000000000000000000001001000000000000000000020000000020000000000000000000020000000000000000002222022020 2
1 0 350644 425700 3 11 1 13 -1 -1 0101100111000000011000000000000000000001001000000000000000000000000000020000000000000000000020000000000000000002222222020 2
2 0 350644 424944 14 10 15 11 -1 -1 0111100011000000011000000000000000000001001000000000000000000000000000020000000000000000000020000000000000000002222222020 2
1 0 345644 424944 4 16 0 12 -1 -1 0111100011000000011000000000000000000001001000000000000000000000000000020000000000000000000020000000000000000002222022220 2
2 0 345644 424358 9 15 10 14 -1 -1 1111100011000000010000000000000000000001001000000000000000000000000000020000000000000000000020000000000000000002222022220 2
1 0 340644 424358 6 16 5 15 -1 -1 1111100011000000010000000000000000000001001000000000000000000000000000000000000002000000000020000000000000000002222022220 2
2 0 340644 423724 10 14 16 12 -1 -1 1111100011000000010000000000001000000001000000000000000000000000000000000000000002000000000020000000000000000002222022220 2
1 0 335644 423724 5 15 4 16 -1 -1 1111100011000000010000000000001000000001000000000000000000000000000000000000000000000000000020000000000000000002222022222 2
2 0 335644 423489 11 13 12 12 -1 -1 1111100011000000011000000000000000000001000000000000000000000000000000000000000000000000000020000000000000000002222022222 2
1 0 302658 423489 4 16 2 14 -1 -1 1111100011000000011000000000000000000001000000000000000000000000000000000000000000000000000000000000000020000002222022222 2
2 0 302658 423334 12 12 14 10 -1 -1 1111110011000000010000000000000000000001000000000000000000000000000000000000000000000000000000000000000020000002222022222 2
