1322289525000
kingfish
deepred
1 0 599779 600000 14 10 12 12 -1 -1 2222222222000000000000000000000000000000000000000000000000000000000000000000000000000000000000000000000000000001111111111 1
2 0 599779 -180 2 14 4 12 -1 -1 2222222222000000000000000000000000000000000000000000000000000000000000000000000000000000000000000000000010000001111011111 1
1 0 599778 -180 16 12 12 8 -1 -1 2222202222000000200000000000000000000000000000000000000000000000000000000000000000000000000000000000000010000001111011111 1
2 0 599778 -180 0 12 4 16 -1 -1 2222202222000000200000000000000000000000000000000000000000000000000000000000000000000000000000000000001010000001111011110 1
1 0 599778 -180 13 13 11 11 -1 -1 0222202222000000202000000000000000000000000000000000000000000000000000000000000000000000000000000000001010000001111011110 1
2 0 599778 -180 3 15 5 17 -1 -1 0222202222000000202000000000000000000000000000000000000000000000000000000000000000000000000100000000001010000001101011110 1
1 0 599778 -180 14 12 10 12 -1 -1 0222202220000000202000000000000200000000000000000000000000000000000000000000000000000000000100000000001010000001101011110 1
2 0 599778 -180 2 12 6 16 5 13 0222202220000000202000000000000200000000000000000000000000000000000000000000000010000000000100000000001010000001101001110 1
1 0 599777 -180 13 11 9 11 -1 -1 0222002220000000202000000000030200000000002000000000000000000000000000000000000010000000000100000000001010000001101001110 1
2 0 599777 -180 3 13 7 17 -1 -1 0222002220000000202000000000030200000000002000000000000000000000000001000000000010000000000100000000001010000001001001110 1
1 0 599589 -180 12 12 8 12 -1 -1 0222002200000000202000000000030200000000002000000000020000000000000001000000000010000000000100000000001010000001001001110 1
2 0 599589 -180 4 16 8 16 -1 -1 0222002200000000202000000000030200000000002000000000020000001000000001000000000010000000000100000000001000000001001001110 1
1 0 599588 -180 11 11 7 11 -1 -1 0222002200000000200000000000030200000000002000000000020000001020000001000000000010000000000100000000001000000001001001110 1
2 0 599588 -180 5 17 9 17 -1 -1 0222002200000000200000000000030200000000002000000010020000001020000001000000000010000000000000000000001000000001001001110 1
1 0 599587 -180 10 12 2 12 -1 -1 0222002200000000200000000000030000000000002000000010020000001020000001002000000010000000000000000000001000000001001001110 1
2 0 599587 -180 6 16 10 12 -1 -1 0222102200000000200000000000030000000000002000000010020000001020000001002000000000000000000000000000001000000001001001110 1
1 0 595890 -180 13 15 12 14 -1 -1 0222102200000000200000000000030000000000000000000010020000001020000001002000000020000000000000000000001000000001001001110 1
2 0 595890 -180 1 11 5 15 7 13 0222102200000000200000000000030000000000000000000010020000001020000001002000000020000000000000000000001001000001000001110 1
1 0 590509 -180 15 13 11 13 -1 -1 0022102200000000200000000000032000000000000000000013020000001020000001002000000020000000000000000000001001000001000001110 1
2 0 590509 -180 8 16 10 18 -1 -1 0022102200000000200000000000032000000000000000000013020000001020000001002000000020000000000010000000001001000001000001100 1
1 0 583633 -180 8 12 4 16 -1 -1 0022102200000000200000000000032000000000000000000013020000001000000001002000000020020000000010000000001001000001000001100 1
2 0 583633 -180 4 12 12 12 -1 -1 0022102200000000201000000000032000000000000000000013020000000000000001002000000020020000000010000000001001000001000001100 1
1 0 579670 -180 4 16 4 12 -1 -1 0022102200000000001000000000032000000000000000000013020000000000000001002000000020020000000010000000001021000001000001100 1
2 0 579670 -180 3 9 5 11 -1 -1 0022102200000000100000000000032000000000000000000013020000000000000001002000000020020000000010000000001021000001000001100 1
1 0 568502 -180 13 9 12 10 -1 -1 0022100200000000100000000000232000000000000000000013020000000000000001002000000020020000000010000000001021000001000001100 1
2 0 568502 -180 12 12 13 13 -1 -1 0022100200000000100000000000232000000000000000000013020000000000000001002000000020020000000010000000001121000000000001100 1
1 0 561587 -180 12 8 4 16 -1 -1 0022100200000000100000000000232000000000000000000013020000000000000001002000000020020000000010000000001101000000020001100 1
2 0 561587 -180 13 13 14 12 -1 -1 0022100200000000101000000000232000000000000000000013020000000000000001002000000020020000000010000000000101000000020001100 1
1 0 551038 -180 15 11 13 13 -1 -1 0022100200000000101000000000232000000000000000000013020000000000000001002000000020020000000010000000000101000000000021100 1
2 0 551038 -180 14 12 15 11 -1 -1 0022100200000000101000000000232000000000000000000013020000000000000001002000000020020000000010000000000101000000010021000 1
1 0 542718 -180 14 14 6 10 -1 -1 0022100200000000101000000000232000000000000000000013020000000000000001002000000020020000000010000000000101000000010001200 1
2 0 542718 -180 5 11 7 9 -1 -1 0022100200000000101000000000232000000001000000000013020000000000000001002000000020020000000010000000000101000000010000200 1
1 0 532386 -180 12 10 12 12 -1 -1 0022100200000000101000000000032000000001000000000213020000000000000001002000000020020000000010000000000101000000010000200 1
2 0 532386 -180 15 11 16 12 -1 -1 0022100200000000101000000000032000000001000000000213020000000000000001002000000020020000000010000000000011000000010000200 1
1 0 524094 -180 13 13 9 13 -1 -1 0022100200000000101000000000032000000001000000000213020000000000000001002000000020020000000010000000000011000000010000002 1
2 0 524094 -180 10 12 11 11 -1 -1 0022100200000000101000000000032000000001000000000213020000000000000001102000000020020000000010000000000011000000000000002 1
1 0 515561 -180 12 14 4 10 -1 -1 0022100200000000101000000000032000000001000000000213020000000000000001102000000000020000000210000000000011000000000000002 1
2 0 515561 -180 11 11 13 13 -1 -1 0022100200000001101000000000032000000001000000000213020000000000000001102000000000020000000210000000000010000000000000002 1
1 0 507380 -180 12 12 6 14 -1 -1 0022100200000001101000000000032000000001000000000213020000000000000001102000000000020000000010000000000010000000020000002 1
2 0 507380 -180 3 11 5 9 -1 -1 0022100200000001101000000000032000000001010000000213020000000000000001102000000000020000000010000000000000000000020000002 1
1 0 501265 -180 11 13 10 12 -1 -1 0022100000000001101000000002032000000001010000000213020000000000000001102000000000020000000010000000000000000000020000002 1
2 0 501265 -180 1 13 3 11 -1 -1 0022100000000001101000000002032000000001010000000213020000000000000001102000000010020000000000000000000000000000020000002 1
1 0 496316 -180 10 12 4 18 -1 -1 0002100200000001101000000002032000000001010000000213020000000000000001102000000010020000000000000000000000000000020000002 1
2 0 496316 -180 13 13 14 12 -1 -1 0002100200000001101100000002032000000001010000000213020000000000000001102000000000020000000000000000000000000000020000002 1
1 0 491061 -180 4 16 3 15 -1 -1 0002100200000001101100000002032000000001010000000213020000000000000001102000000000020000000000000000000000000000000020002 1
2 0 491061 -180 2 10 4 16 -1 -1 0002100201000001100100000002032000000001010000000213020000000000000001102000000000020000000000000000000000000000000020002 1
1 0 485091 -180 4 10 3 9 -1 -1 0000100201000001102100000002032000000001010000000213020000000000000001102000000000020000000000000000000000000000000020002 1
2 0 485091 -180 14 12 15 13 -1 -1 0000101201000000102100000002032000000001010000000213020000000000000001102000000000020000000000000000000000000000000020002 1
1 0 478164 -180 6 10 2 14 -1 -1 0000101201000000102100000002032000000001010000000213020000000000000001102000000000020000000000000000000000000000000000022 1
2 0 478164 -180 10 18 11 17 -1 -1 0000111201000000102100000002032000000000010000000213020000000000000001102000000000020000000000000000000000000000000000022 1
1 0 469230 -180 6 14 2 10 -1 -1 0000111201000000102100000002032000000000010000000213020000000000000001102000000000000000000000200000000000000000000000022 1
2 0 469230 -180 4 16 10 14 -1 -1 0001111201000000102100000002032000000000000000000213020000000000000001102000000000000000000000200000000000000000000000022 1
1 0 461742 -180 4 12 3 13 -1 -1 0001111201000000100100000002032000000000000000000213020000000000000001102000000002000000000000200000000000000000000000022 1
2 0 461742 -180 11 17 12 16 -1 -1 0001111211000000000100000002032000000000000000000213020000000000000001102000000002000000000000200000000000000000000000022 1
1 0 455068 -180 9 13 8 12 -1 -1 0001111211000000000100000002032000000000000000000213020000000000000001102000000002000000000000000000000000200000000000022 1
2 0 455068 -180 12 16 13 15 -1 -1 0001111211000000000100000002032000000000000000000213020000001000000001002000000002000000000000000000000000200000000000022 1
1 0 451810 -180 8 12 4 12 -1 -1 0001111211000000000100000002032000000000000000000213020000001000000001002000000002000000000000000000000000000000002000022 1
2 0 451810 -180 13 15 14 14 -1 -1 0001111211000000100100000002032000000000000000000213020000000000000001002000000002000000000000000000000000000000002000022 1
1 0 447336 -180 9 11 8 10 -1 -1 0001111211000000100100000002032000000000000000000213020000000000000001002000000002000000000000000000000000000000000002022 1
2 0 447336 -180 7 9 9 11 -1 -1 0001111211000000100100000002032000000000000000000213020000010000000000002000000002000000000000000000000000000000000002022 1
1 0 444241 -180 8 10 4 10 -1 -1 0001111211000000100100000002032000000000000000000013020000010000000002002000000002000000000000000000000000000000000002022 1
2 0 444241 -180 10 14 11 15 -1 -1 0001111211000001100100000002032000000000000000000013020000000000000002002000000002000000000000000000000000000000000002022 1
1 0 441086 -180 7 11 6 12 -1 -1 0001111211000001100100000002032000000000000000000013020000000000000002002000000000000000000002000000000000000000000002022 1
2 0 441086 -180 11 15 12 14 -1 -1 0001111211000001100100000002032000000000100000000003020000000000000002002000000000000000000002000000000000000000000002022 1
1 0 439057 -180 6 12 4 14 -1 -1 0001111211000001100100000002032000000000100000000003020000000000000002002000000000000000000000000000000002000000000002022 1
2 0 439057 -180 12 14 13 15 -1 -1 0001111211000001110100000002032000000000000000000003020000000000000002002000000000000000000000000000000002000000000002022 1
1 0 437954 -180 2 14 1 13 -1 -1 0001111211000001110100000002032000000000000000000003020000000000000002002000000000000000000000000000000000000000002002022 1
2 0 437954 -180 9 17 10 16 -1 -1 0011101211000001110100000002032000000000000000000003020000000000000002002000000000000000000000000000000000000000002002022 1
1 0 436462 -180 4 18 4 16 -1 -1 0011101211000001110100000002032000000000000000000003020000000000000002000000000000200000000000000000000000000000002002022 1
2 0 436462 -180 10 16 11 17 -1 -1 0011101211000001111000000002032000000000000000000003020000000000000002000000000000200000000000000000000000000000002002022 1
1 0 435340 -180 4 16 0 12 -1 -1 0011101211000001111000000002032000000000000000000003020000000000000002000000000000000000000000200000000000000000002002022 1
2 0 435340 -180 11 17 12 16 -1 -1 1011101211000001110000000002032000000000000000000003020000000000000002000000000000000000000000200000000000000000002002022 1
1 0 434466 -180 4 12 2 14 -1 -1 1011101211000001110000000002032000000000000000000003020000000000000002000000000000000000000000000000000000200000002002022 1
2 0 434466 -180 9 11 10 10 -1 -1 1011111211000001010000000002032000000000000000000003020000000000000002000000000000000000000000000000000000200000002002022 1
1 0 433920 -180 4 10 4 12 -1 -1 1011111211000001010000000002032000000000000000000003020000000000000000000000000200000000000000000000000000200000002002022 1
2 0 433920 -180 10 10 11 9 -1 -1 1011111211000000110000000002032000000000000000000003020000000000000000000000000200000000000000000000000000200000002002022 1
1 0 433497 -180 2 12 1 11 -1 -1 1011111211000000110000000002032000000000000000000003020000000000000000000000000000000000002000000000000000200000002002022 1
2 0 433497 -180 11 9 12 8 -1 -1 1111011211000000110000000002032000000000000000000003020000000000000000000000000000000000002000000000000000200000002002022 1
1 0 433218 -180 4 14 2 12 -1 -1 1111011211000000110000000002032000000000000000000003020000000000000000000000000000000000000000000000002000200000002002022 1
