1322289830000
artificialwintelligence
kingfish
1 0 599672 600000 14 12 12 10 -1 -1 2222222222000000000000000000000000000000000000000000000000000000000000000000000000000000000000000000000000000001111111111 2
2 0 599672 599920 2 14 4 12 -1 -1 2222222222000000000000000000000000000000000000000000000000000000000000000000000000000000000000000000000100000001111101111 2
1 0 599479 599920 13 11 11 9 -1 -1 2222202222000000200000000000000000000000000000000000000000000000000000000000000000000000000000000000000100000001111101111 2
2 0 599479 599919 0 12 4 16 -1 -1 2222202222000000200000000000000000000000000000000000000000000000000000000000000000000000001000000000000100000001011101111 2
1 0 599170 599919 12 10 10 8 -1 -1 0222202222000000202000000000000000000000000000000000000000000000000000000000000000000000001000000000000100000001011101111 2
2 0 599170 599918 2 12 4 10 -1 -1 0222202222000000202000000000000000000000000000000000000000000000000000000000001000000000001000000000000000000001011101111 2
1 0 598593 599918 14 10 10 6 -1 -1 0222002222000002202000000000000000000000000000000000000000000000000000000000001000000000001000000000000000000001011101111 2
2 0 598593 599917 3 9 5 11 -1 -1 0222002222000002202000000000000000000000000000000000000000000000000000000000011000000000001000000000000000000001011001111 2
1 0 598043 599917 10 6 9 5 -1 -1 0222000222000002202000000000200000000000000000000000000000000000000000000000011000000000001000000000000000000001011001111 2
2 0 598043 599916 1 11 3 9 -1 -1 0222000222000002202000000000200000000000000000000000000000000000001000000000001000000000001000000000000000000001011001111 2
1 0 597678 599916 16 12 8 4 -1 -1 0022002222000002202000000000200000000000000000000000000000000000001000000000001000000000001000000000000000000001011001111 2
2 0 597678 599771 3 11 5 13 -1 -1 0022002222000002202000000000200000000000000000000000000010000000001000000000001000000000001000000000000000000001011001110 2
1 0 596911 599771 14 14 10 6 -1 -1 0022002022000002202000000000220000000000000000000000000010000000001000000000001000000000001000000000000000000001011001110 2
2 0 596911 599770 3 15 5 9 -1 -1 0022002022000002202000000000220000000000000000000000000010000000001000000000011000000000001000000000000000000001011000110 2
1 0 596051 599770 11 9 7 5 -1 -1 0022002020000002202000000002220000000000000000000000000010000000001000000000011000000000001000000000000000000001011000110 2
2 0 596051 599769 2 10 6 10 -1 -1 0022002020000002202000000002220000000000000000010000000010000000001000000000011000000000000000000000000000000001011000110 2
1 0 594932 599769 15 13 14 14 -1 -1 0020002020000002202000000002220000000002000000010000000010000000001000000000011000000000000000000000000000000001011000110 2
2 0 594932 599768 4 10 6 12 -1 -1 0020002020000002202000000002220000000002000000010000000010000000001000000000011000000000000000000000000000000001011001100 2
1 0 594101 599768 15 11 14 12 -1 -1 0020002020000000202000000002220000000002200000010000000010000000001000000000011000000000000000000000000000000001011001100 2
2 0 594101 599767 5 9 7 11 -1 -1 0020002020000000202000000002220000000002200000010000000010000000001000000000011000000000000000000000000000000001011011000 2
1 0 593170 599767 14 12 12 14 -1 -1 0020002020000000202000000000220000000002200000010020000010000000001000000000011000000000000000000000000000000001011011000 2
2 0 593170 599575 4 12 6 14 -1 -1 0020002020000000202000000000220000000002200000010020000010000000001000000000011000000000000000000000000001000001011001000 2
1 0 592195 599575 10 8 8 6 -1 -1 0020002020000000002000000000220000000002220000010020000010000000001000000000011000000000000000000000000001000001011001000 2
2 0 592195 599574 5 11 7 13 -1 -1 0020002020000000002000000000220000000002220000010020000011000000001000000000010000000000000000000000000001000001011001000 2
1 0 591522 599574 9 5 7 7 -1 -1 0020002020000000002000000000020000000002220000010022000011000000001000000000010000000000000000000000000001000001011001000 2
2 0 591522 599574 6 14 8 12 -1 -1 0020002020000000002000000000020000000002220000011022000011000000000000000000010000000000000000000000000001000001011001000 2
1 0 590550 599574 8 6 6 8 -1 -1 0020002020000000002000000000020000000002200000011022000011002000000000000000010000000000000000000000000001000001011001000 2
2 0 590550 594127 7 11 9 13 -1 -1 0020002020000000002000000000020000000012200000011022000010002000000000000000010000000000000000000000000001000001011001000 2
1 0 589143 594127 7 7 5 9 -1 -1 0020002020000000002000000000020000000012200000011002000010002000000000200000010000000000000000000000000001000001011001000 2
2 0 589143 588951 1 13 2 12 -1 -1 0020002020000000002000000001020000000012200000010002000010002000000000200000010000000000000000000000000001000001011001000 2
1 0 587815 588951 14 14 12 16 -1 -1 0000202020000000002000000001020000000012200000010002000010002000000000200000010000000000000000000000000001000001011001000 2
2 0 587815 581833 6 12 10 12 -1 -1 0000202020000000002000000001020000000012200000010002000010002000000000200000010000000000000000000000000001100001011000000 2
1 0 586258 581833 13 15 9 15 -1 -1 0000202020000000002000000001020000000012000000010002000010002000000000200000010020000000000000000000000001100001011000000 2
2 0 586258 574906 2 12 10 16 -1 -1 0000202020000000002000000001020000000012000000010002000010002000000000210000010020000000000000000000000001100001010000000 2
1 0 585281 574906 13 13 9 17 -1 -1 0000002020000000002000000001020000000012000000010002000010002000000000210000010020200000000000000000000001100001010000000 2
2 0 585281 565695 7 13 13 15 -1 -1 0000002020000000002000000001020000000012000000010002000010002000000000211000010020200000000000000000000001100001000000000 2
1 0 583948 565695 6 8 2 12 -1 -1 0000002020000000002000000001020000000012000000010000000010002000000000211000010020200000000000000000000001100001002000000 2
2 0 583948 558519 8 12 10 14 -1 -1 0000102020000000002000000001020000000002000000010000000010002000000000211000010020200000000000000000000001100001002000000 2
1 0 582980 558519 9 15 9 19 -1 -1 0000102020000000002000000001020000000002000000010000000010000000000000211000010022200000000000000000000001100001002000000 2
2 0 582980 553499 9 13 13 13 -1 -1 0000102020000000002000000001020000000002000000010000000010000000000000201100010022200000000000000000000001100001002000000 2
1 0 581963 553499 8 4 6 6 -1 -1 0000102020000000002000000001020000000002000000010000000010000000000000001100010022200000000000000000000001100001022000000 2
2 0 581963 549325 4 16 4 14 -1 -1 0000102020000000002000000001020000000102000000010000000000000000000000001100010022200000000000000000000001100001022000000 2
1 0 581333 549325 13 9 12 8 -1 -1 0000102020000000020000000001020000000102000000010000000000000000000000001100010022200000000000000000000001100001022000000 2
2 0 581333 545000 3 13 7 9 -1 -1 0000102020000000020000000001020000000102000000010000000000000000000000001100010022200000000000000000001001100000022000000 2
1 0 579130 545000 7 5 1 11 -1 -1 0000102000000000020000000001020000000102000000010200000000000000000000001100010022200000000000000000001001100000022000000 2
2 0 579130 538095 4 14 8 10 -1 -1 0100102000000000020000000001020000000102000000000200000000000000000000001100010022200000000000000000001001100000022000000 2
1 0 577452 538095 5 9 4 8 -1 -1 0100102000000000000000000001020000000102000000000200000000020000000000001100010022200000000000000000001001100000022000000 2
2 0 577452 533054 3 9 7 5 -1 -1 0100102000000010000000000000020000000102000000000200000000020000000000001100010022200000000000000000001001100000022000000 2
1 0 576264 533054 9 19 8 18 -1 -1 0100100000000010000000000000020000000102000000020200000000020000000000001100010022200000000000000000001001100000022000000 2
2 0 576264 528955 6 10 8 8 -1 -1 0100100000000010000000000000020000000102000000020200000000020001000000001000010022200000000000000000001001100000022000000 2
1 0 575170 528955 9 17 7 19 -1 -1 0100100000000010000000000000020000000100000000020200000000220001000000001000010022200000000000000000001001100000022000000 2
2 0 575170 525421 7 9 11 13 -1 -1 0100100000000010000000000000020000000100000000020200001000220001000000000000010022200000000000000000001001100000022000000 2
1 0 574338 525421 6 6 5 7 -1 -1 0100100000000010000000000000020000000100000000020000001000220001000000000000010022200000000020000000001001100000022000000 2
2 0 574338 522607 8 8 9 9 -1 -1 0100100000000010000000000010020000000000000000020000001000220001000000000000010022200000000020000000001001100000022000000 2
1 0 573078 522607 5 7 3 9 -1 -1 0100100000000010000000000010020000000000000000020000001000020001000020000000010022200000000020000000001001100000022000000 2
2 0 573078 518552 8 10 10 8 -1 -1 0100101000000010000000000000020000000000000000020000001000020001000020000000010022200000000020000000001001100000022000000 2
1 0 572344 518552 10 6 8 8 -1 -1 0100101000000010000000000000020000000000000000020000001000000001000020000000012022200000000020000000001001100000022000000 2
2 0 572344 513997 9 9 13 9 -1 -1 0100101000000010000000000000020000000000000000020000001000100001000020000000002022200000000020000000001001100000022000000 2
1 0 571662 513997 2 12 1 13 -1 -1 0100101000000010000000000000020000000000000000020000001000100001000000000000002022200000000020000000001001100002022000000 2
2 0 571662 511488 10 14 12 12 -1 -1 0110001000000010000000000000020000000000000000020000001000100001000000000000002022200000000020000000001001100002022000000 2
1 0 571053 511488 7 19 6 18 -1 -1 0110001000000010000000000000020000000000000000020000001000100001000000000000002020200000000020000000001021100002022000000 2
2 0 571053 508311 11 13 13 11 -1 -1 0110001000000010000000000000020000000000000100020000000000100001000000000000002020200000000020000000001021100002022000000 2
1 0 570417 508311 4 8 0 12 -1 -1 0110001000000010000000000000020000000000000100020000000000100001000000000000002020200000000000000000001021100002222000000 2
2 0 570417 505242 5 13 6 12 -1 -1 1110001000000000000000000000020000000000000100020000000000100001000000000000002020200000000000000000001021100002222000000 2
1 0 569520 505242 12 14 11 15 -1 -1 1110001000000000000000000000000000000000200100020000000000100001000000000000002020200000000000000000001021100002222000000 2
2 0 569520 502022 10 16 14 12 -1 -1 1110001000000000000000000000000000000000200100020000000000100001000000000000002020200000000001000000001020100002222000000 2
1 0 568774 502022 12 8 11 7 -1 -1 1110001000000000000000000000000000000000200100020000000000100001000000000000002020000000000001000000001020100002222020000 2
2 0 568774 497951 10 8 12 6 -1 -1 1110001000000000000000000000000000000000200100020000000000100001000000000000002020000000010001000000000020100002222020000 2
1 0 568132 497951 12 16 10 6 -1 -1 1110001000000000000000000000000000000000200100020000000000100001000000000000000020000000010001000000020020100002222020000 2
2 0 568132 495698 12 12 14 10 -1 -1 1110001000000000000000000000000000000000200100020000000000100001000000000000010020000000010001000000020020000002222020000 2
1 0 567635 495698 11 15 10 16 -1 -1 1110001000000000000000000000000000000000200100020000000000100001000000000000010020000000010001000000020000000002222220000 2
2 0 567635 494228 10 12 11 13 -1 -1 1110001000000000000000000000000000000000200100020000000000100001000000000000010020100000010000000000020000000002222220000 2
1 0 567129 494228 11 7 9 5 -1 -1 1110001000000000000000000000000000000000200100020000000000100001000000000000010000100000010020000000020000000002222220000 2
2 0 567129 492518 7 5 8 6 -1 -1 1110001000000000000000000000000000000000200100020000000000100001001000000000010000100000000020000000020000000002222220000 2
1 0 566483 492518 10 6 8 4 -1 -1 1110001000000000000000000000000000000000200100000000000002100001001000000000010000100000000020000000020000000002222220000 2
2 0 566483 490833 8 6 10 4 -1 -1 1110001000000000000000000000000000000000200100000000000012100001001000000000000000100000000020000000020000000002222220000 2
1 0 566110 490833 10 16 9 17 -1 -1 1110001000000000000000000000000000000000200100000000000010100001001000000000200000100000000020000000020000000002222220000 2
2 0 566110 489720 10 4 11 5 -1 -1 1110001000000000000000000000000000000000200100000000000010100001001000001000200000000000000020000000020000000002222220000 2
1 0 565292 489720 9 5 8 6 -1 -1 1110001000000000000000000000000000000000200100000000000010100001001000001000000000000000200020000000020000000002222220000 2
2 0 565292 488846 6 12 7 13 -1 -1 1110001000000000000000000000000000000000200100000000000011100001000000001000000000000000200020000000020000000002222220000 2
1 0 564801 488846 9 17 5 17 -1 -1 1110001000000000000000000000000000000000000100000002000011100001000000001000000000000000200020000000020000000002222220000 2
2 0 564801 487974 7 13 8 12 -1 -1 1110001000000000000000000000000100000000000100000002000011100001000000000000000000000000200020000000020000000002222220000 2
1 0 564158 487974 6 18 4 16 -1 -1 1110001000000000000000000000000100000000000100000000000011102001000000000000000000000000200020000000020000000002222220000 2
2 0 564158 486908 11 13 12 12 -1 -1 1110001000000000001000000000000100000000000000000000000011102001000000000000000000000000200020000000020000000002222220000 2
1 0 563835 486908 5 17 3 15 -1 -1 1110001000000000001000000000000100000000000000000000000011102001000000000000000000000000200000000000020020000002222220000 2
2 0 563835 486014 12 12 14 14 -1 -1 1110001001000000001000000000000000000000000000000000000011102001000000000000000000000000200000000000020020000002222220000 2
1 0 563639 486014 8 8 7 9 -1 -1 1110001001000000001000000000000000000000000000000000000011102001000000000000000000000000200000000000020000000002222222000 2
2 0 563639 485385 8 12 9 13 -1 -1 1110001001000000001000000000000000000000000000000100000011002001000000000000000000000000200000000000020000000002222222000 2
1 0 563343 485385 8 4 6 10 -1 -1 1110001001000000001000000000000000000000000000000100000011000001000000200000000000000000200000000000020000000002222222000 2
2 0 563343 484827 9 13 10 12 -1 -1 1110001001000000001000000000000000000001000000000100000001000001000000200000000000000000200000000000020000000002222222000 2
1 0 563047 484827 8 6 7 5 -1 -1 1110001001000000001000000000000000000001000000000100000001000001000000000000000020000000200000000000020000000002222222000 2
2 0 563047 484099 11 5 12 4 -1 -1 1110001001000000001000000000000000000001000000010100000000000001000000000000000020000000200000000000020000000002222222000 2
1 0 562828 484099 8 18 7 17 -1 -1 1110001001000000001000000000000000000001000000010100000000000001000000000000000020000000000000000000220000000002222222000 2
2 0 562828 483557 10 12 11 13 -1 -1 1110001001000000001000000000000000000001000000010100010000000000000000000000000020000000000000000000220000000002222222000 2
1 0 562456 483557 4 16 2 14 -1 -1 1110001001000000001000000000000000000001000000010100010000000000000000000000000000000000000020000000220000000002222222000 2
2 0 562456 482828 11 13 12 12 -1 -1 1110011001000000000000000000000000000001000000010100010000000000000000000000000000000000000020000000220000000002222222000 2
1 0 562251 482828 7 9 5 11 -1 -1 1110011001000000000000000000000000000001000000010100010000000000000000000000000000000000000000000000220020000002222222000 2
2 0 562251 482176 14 10 15 11 -1 -1 1110011001000000000000000000100000000001000000010000010000000000000000000000000000000000000000000000220020000002222222000 2
1 0 561862 482176 5 11 5 9 -1 -1 1110011001000000000000000000100000000001000000010000010000000000000000000000000000000000000000000000220020000002222022200 2
2 0 561862 481696 12 4 16 12 -1 -1 1110011001000000000000000001000000000001000000010000010000000000000000000000000000000000000000000000220020000002222022200 2
1 0 561525 481696 7 17 6 18 -1 -1 1110011001000000000000000001000000000001000000010000010000000000000000000000000000000000000000000000020020000002222022202 2
2 0 561525 481212 12 12 14 10 -1 -1 1110011001000000000000000001000000000001000100010000000000000000000000000000000000000000000000000000020020000002222022202 2
1 0 561338 481212 7 5 6 6 -1 -1 1110011001000000000000000001000000000001000100010000000000000000000000000000000000000000000000000000020000000002222222202 2
2 0 561338 480975 12 6 12 8 -1 -1 1110011001000000000000000001000000000101000100000000000000000000000000000000000000000000000000000000020000000002222222202 2
1 0 561144 480975 6 10 2 10 -1 -1 1110011001000000000000000001000000000101000100000000000000000000000000000000000000000000000000000000002000000002222222202 2
2 0 561144 480779 12 8 12 10 -1 -1 1111011001000000000000000001000000000100000100000000000000000000000000000000000000000000000000000000002000000002222222202 2
1 0 560985 480779 6 18 5 17 -1 -1 1111011001000000000000000001000000000100000100000000000000000000000000000000000000000000000000000000000200000002222222202 2
2 0 560985 480573 13 11 15 13 -1 -1 1111011001000000000000000001000100000100000000000000000000000000000000000000000000000000000000000000000200000002222222202 2
1 0 560885 480573 6 6 6 8 -1 -1 1111011001000000000000000001000100000100000000000000000000000000000000000000000000000000000000000000000200000002022222222 2
2 0 560885 480359 12 10 13 11 -1 -1 1111011001000000000000000001000100000010000000000000000000000000000000000000000000000000000000000000000200000002022222222 2
