1322289129000
kingfish
googolhex
1 0 599812 600000 14 10 12 12 -1 -1 2222222222000000000000000000000000000000000000000000000000000000000000000000000000000000000000000000000000000001111111111 1
2 0 599812 599672 3 13 4 14 -1 -1 2222222222000000000000000000000000000000000000000000000000000000000000000000000000000000000000000000000010000001111011111 1
1 0 599810 599672 16 12 12 8 -1 -1 2222222202000000020000000000000000000000000000000000000000000000000000000000000000000000000000000000000010000001111011111 1
2 0 599810 599017 3 9 5 15 -1 -1 2222222202000000020000000000000000000000000000000000000000000000000000000000000000000000000000000000001010000001111011110 1
1 0 599799 599017 13 13 11 11 -1 -1 2222220202000000020000000000002000000000000000000000000000000000000000000000000000000000000000000000001010000001111011110 1
2 0 599799 597982 5 15 6 16 -1 -1 2222220202000000020000000000002000000000000000000000000000000000000000000000000000000000000100000000001010000001101011110 1
1 0 599798 597982 14 12 10 12 -1 -1 2222220202000000020000000000000000000000002000000000000000000000000000000000000000000000000100000000001010000001101011110 1
2 0 599798 597216 2 10 4 12 -1 -1 2222220202000000020000000000000000000000002000000000000000000000000000000000000010000000000100000000001010000001101001110 1
1 0 599797 597216 13 11 9 11 -1 -1 2220220202000000220000000000000000000000002000000000000000000000000000000000000010000000000100000000001010000001101001110 1
2 0 599797 595756 1 11 5 15 -1 -1 2220220202000000220000000000000000000000002000000000000000000000000001000000000010000000000100000000001010000001001001110 1
1 0 599605 595756 12 12 8 12 -1 -1 2020220202000000220000000000002000000000002000000000000000000000000001000000000010000000000100000000001010000001001001110 1
2 0 599605 593346 3 11 7 15 -1 -1 2020220202000000220000000000002000000000002000000000000000001000000001000000000010000000000100000000001000000001001001110 1
1 0 599604 593346 11 11 7 11 -1 -1 2020220002000000220000000000002000000000002000000000200000001000000001000000000010000000000100000000001000000001001001110 1
2 0 599604 589174 4 12 8 16 -1 -1 2020220002000000220000000000002000000000002000000010200000001000000001000000000010000000000000000000001000000001001001110 1
1 0 599603 589174 10 12 6 12 -1 -1 2020220002000000020000000000002000000000002000000010200000001020000001000000000010000000000000000000001000000001001001110 1
2 0 599603 585574 8 16 9 15 -1 -1 2020220002000000020000000000002000000000102000000010200000001020000001000000000000000000000000000000001000000001001001110 1
1 0 595230 585574 8 12 4 16 -1 -1 2020220002000000020000000000002000000000102000000010200000001000000001020000000000000000000000000000001000000001001001110 1
2 0 595230 583734 9 15 10 16 -1 -1 2020220002000000021000000000002000000000102000000010200000000000000001020000000000000000000000000000001000000001001001110 1
1 0 590313 583734 12 8 11 9 -1 -1 2020220002000000021000000000002000000000102000000010200000000000000001000000000000200000000000000000001000000001001001110 1
2 0 590313 582227 7 15 8 16 -1 -1 2020220002000000021000000000002000000000102000000010200000000000000001000000000000200000001000000000000000000001001001110 1
1 0 586759 582227 14 14 6 10 -1 -1 2020220002000000021000000000002000000000102000000010000000000020000001000000000000200000001000000000000000000001001001110 1
2 0 586759 580930 5 15 9 15 -1 -1 2020220002000000021000000000002000000001102000000010000000000020000001000000000000200000001000000000000000000001001000110 1
1 0 583951 580930 15 11 14 10 -1 -1 2020220002000000021000000000000000000001102000000010000000000020000001020000000000200000001000000000000000000001001000110 1
2 0 583951 578878 4 14 5 15 -1 -1 2020220002000000021000000000000000000001102000000010000000000020000001020000000000200000001000000000000000000001001100010 1
1 0 581220 578878 7 11 5 17 -1 -1 2020220002000000001000000000002000000001102000000010000000000020000001020000000000200000001000000000000000000001001100010 1
2 0 581220 577803 5 15 6 14 -1 -1 2020220002000000001000000000002100000001102000000000000000000020000001020000000000200000001000000000000000000001001100010 1
1 0 578050 577803 14 10 8 12 -1 -1 2020220002000000001000000000000100000001122000000000000000000020000001020000000000200000001000000000000000000001001100010 1
2 0 578050 575912 3 15 4 14 -1 -1 2020220002000000001000000000000100000001122000000000000000001020000001020000000000200000001000000000000000000001001000010 1
1 0 574122 575912 5 17 3 15 -1 -1 2020220000000000021000000000000100000001122000000000000000001020000001020000000000200000001000000000000000000001001000010 1
2 0 574122 567118 6 14 7 15 -1 -1 2020220001000000021000000000000000000001122000000000000000001020000001020000000000200000001000000000000000000001001000010 1
1 0 568210 567118 9 11 1 11 -1 -1 2020220001000000021000000000000000000001102000000000200000001020000001020000000000200000001000000000000000000001001000010 1
2 0 568210 559875 7 15 11 15 -1 -1 2120220001000000021000000000000000000001102000000000200000001020000000020000000000200000001000000000000000000001001000010 1
1 0 565047 559875 6 10 5 11 -1 -1 2120220001000000021000000000000000000001102000000000000000001020000000020000000000200000001002000000000000000001001000010 1
2 0 565047 551809 8 16 16 12 -1 -1 2120220001000000021000000000100000000000102000000000000000001020000000020000000000200000001002000000000000000001001000010 1
1 0 561956 551809 6 12 4 10 -1 -1 2120220001000000021000000000100000000000102000000000000000001000000000020000000000200000001002000000000000000001001000012 1
2 0 561956 545493 2 12 3 13 -1 -1 2120220001000001021000000000100000000000002000000000000000001000000000020000000000200000001002000000000000000001001000012 1
1 0 559099 545493 15 13 14 14 -1 -1 2120020021000001021000000000100000000000002000000000000000001000000000020000000000200000001002000000000000000001001000012 1
2 0 559099 539671 11 15 12 16 -1 -1 2120020021000001021000000000100000000000002000000000000000001000000000020000000000200000001002000000000000000001001001002 1
1 0 556627 539671 4 16 4 12 -1 -1 2120020021000001021000000000100000000000002000000000000000001000000000020000000000200000001000000000000000200001001001002 1
2 0 556627 536274 2 14 4 16 -1 -1 2120020021000001120000000000100000000000002000000000000000001000000000020000000000200000001000000000000000200001001001002 1
1 0 554072 536274 13 15 11 17 -1 -1 2120000021000001122000000000100000000000002000000000000000001000000000020000000000200000001000000000000000200001001001002 1
2 0 554072 531234 3 13 5 15 -1 -1 2120000021000001122000000000100000000000002000000000000000001000000000020000000000200000001000100000000000200001000001002 1
1 0 550645 531234 5 11 3 13 -1 -1 2120000001000001122000000000102000000000002000000000000000001000000000020000000000200000001000100000000000200001000001002 1
2 0 550645 530140 12 16 13 15 -1 -1 2120000011000001122000000000002000000000002000000000000000001000000000020000000000200000001000100000000000200001000001002 1
1 0 545998 530140 11 17 11 15 -1 -1 2120000011000001122000000000002000000000002000000000000000001000000000020000000000200000001000100000000000000001002001002 1
2 0 545998 529105 6 16 7 15 -1 -1 2120000011000001122000000000002000000000002000000000000000001000000000020000000000200000001001000000000000000001002001002 1
1 0 541419 529105 14 14 6 14 -1 -1 2120000011000001122000000000002000000000000000000000200000001000000000020000000000200000001001000000000000000001002001002 1
2 0 541419 526314 7 15 8 16 -1 -1 2120000011000001122000000000002000000000010000000000200000001000000000020000000000200000001001000000000000000001002000002 1
1 0 535403 526314 11 15 3 11 -1 -1 2120000011000001122000000000002000000000010000000000000000001020000000020000000000200000001001000000000000000001002000002 1
2 0 535403 525101 4 14 5 13 -1 -1 2120000111000001122000000000002000000000010000000000000000001020000000020000000000200000001000000000000000000001002000002 1
1 0 533182 525101 4 10 2 12 -1 -1 2120000111000001102000000000022000000000010000000000000000001020000000020000000000200000001000000000000000000001002000002 1
2 0 533182 523199 5 13 11 15 -1 -1 2120100111000000102000000000022000000000010000000000000000001020000000020000000000200000001000000000000000000001002000002 1
1 0 531258 523199 4 12 2 14 -1 -1 2120100111000000102000000000002000000000010000000000000000001020000000020000000000200000001002000000000000000001002000002 1
2 0 531258 521446 11 15 12 16 -1 -1 2120110111000000002000000000002000000000010000000000000000001020000000020000000000200000001002000000000000000001002000002 1
1 0 529173 521446 13 9 12 8 -1 -1 2120110111000000002000000000002000000000010000000000000000001020000000020000000000200000001000000000000000200001002000002 1
2 0 529173 521444 0 12 4 12 7 13 2120110111000000002000000000002000000000010000000000000000001020000000020000000000200000001000000000001000200000002000002 1
1 0 525058 521444 12 8 10 10 -1 -1 0120110111000000202000000000002000000000010000000003000000001020000000020000000000200000001000000000001000200000002000002 1
2 0 525058 521444 12 16 14 14 8 14 0120110111000000202000000000002000000000010000000003000000001020000000020000000100200000001000000000000000200000002000002 1
1 0 522371 521444 11 9 9 11 -1 -1 0120110111000000202000000000002000000000010000000003000000001320000000020000000100200000001000000000000000000000002002002 1
2 0 522371 521443 13 15 15 13 -1 -1 0120110111000000202000000000002000000000010000000003000000001320000001020000000100200000000000000000000000000000002002002 1
1 0 519134 521443 8 12 7 11 -1 -1 0120110111000000202000000000002000000000010000000003000000001320000001020000000100200000000000000000000000000000000002022 1
2 0 519134 521443 9 15 11 17 -1 -1 0120110111000000202000000000002000000000010000000013000000000320000001020000000100200000000000000000000000000000000002022 1
1 0 514833 521443 10 10 6 10 -1 -1 0120110111000000202000000000002000000000010000000013000000000320000001000000000100200000000000200000000000000000000002022 1
2 0 514833 521442 8 16 10 10 -1 -1 0120110111000000202000000000002000000001010000000013000000000320000001000000000000200000000000200000000000000000000002022 1
1 0 509964 521442 9 11 8 10 -1 -1 0120110111000000202000000000002000000001010000000013000000000300000001000000000200200000000000200000000000000000000002022 1
2 0 509964 521442 11 17 12 16 -1 -1 0120110111000000202000000000002000000001010000000013000000010300000000000000000200200000000000200000000000000000000002022 1
1 0 505611 521442 8 10 4 10 -1 -1 0120110111000000202000000000002000000001010000000013000000010300000000000000000200200000000000000000000000200000000002022 1
2 0 505611 521441 12 16 13 15 -1 -1 0120110111000001202000000000002000000001010000000013000000000300000000000000000200200000000000000000000000200000000002022 1
1 0 502581 521441 7 11 5 9 -1 -1 0120110111000001202000000000002000000001010000000013000000000300000000000000000200200000000000000000000000000000002002022 1
2 0 502581 521440 10 16 11 15 -1 -1 0120110111000001202000000001002000000001010000000003000000000300000000000000000200200000000000000000000000000000002002022 1
1 0 500417 521440 4 10 3 9 -1 -1 0120110111000001202000000001002000000001010000000003000000000300000000000000000200000000000002000000000000000000002002022 1
2 0 500417 521439 11 15 12 16 -1 -1 0120111111000000202000000001002000000001010000000003000000000300000000000000000200000000000002000000000000000000002002022 1
1 0 498042 521439 6 10 0 12 -1 -1 0120111111000000202000000001002000000001010000000003000000000300000000000000000200000000000000000000000000200000002002022 1
2 0 498042 521439 4 12 6 10 -1 -1 1120111111000000202000000001002000000000010000000003000000000300000000000000000200000000000000000000000000200000002002022 1
1 0 496539 521439 5 9 5 13 -1 -1 1120111111000000002000000001002000000002010000000003000000000300000000000000000200000000000000000000000000200000002002022 1
2 0 496539 521439 5 15 7 9 -1 -1 1120111111000000002000000000012000000002010000000003000000000300000000000000000200000000000000000000000000200000002002022 1
1 0 495424 521439 6 14 2 10 -1 -1 1120111111000000002000000000010000000002010000000203000000000300000000000000000200000000000000000000000000200000002002022 1
