1322294672000
kingfish
ccplus
1 0 599820 600000 14 10 12 12 -1 -1 2222222222000000000000000000000000000000000000000000000000000000000000000000000000000000000000000000000000000001111111111 1
2 0 599820 599959 2 10 4 12 -1 -1 2222222222000000000000000000000000000000000000000000000000000000000000000000000000000000000000000000000010000001111011111 1
1 0 599818 599959 16 12 12 8 -1 -1 2220222222000000200000000000000000000000000000000000000000000000000000000000000000000000000000000000000010000001111011111 1
2 0 599818 599920 4 12 5 11 -1 -1 2220222222000000200000000000000000000000000000000000000000000000000000000000000000000000000000000000001010000001111011110 1
1 0 599817 599920 13 13 11 11 -1 -1 2220222222000000000000000000200000000000000000000000000000000000000000000000000000000000000000000000001010000001111011110 1
2 0 599817 599890 0 12 6 10 -1 -1 2220222222000000000000000000200000000000000000000000000000000000000000000000000000000000000100000000001010000001101011110 1
1 0 599816 599890 14 12 10 12 -1 -1 0220222222000000000000000000200000000002000000000000000000000000000000000000000000000000000100000000001010000001101011110 1
2 0 599816 599864 3 11 4 12 -1 -1 0220222222000000000000000000200000000002000000000000000000000000000000000000000010000000000100000000001010000001101001110 1
1 0 599815 599864 13 11 9 11 -1 -1 0220222022000000200000000000200000000002000000000000000000000000000000000000000010000000000100000000001010000001101001110 1
2 0 599815 599828 1 11 2 10 6 12 0220222022000000200000000000200000000002000000000000000000000000000001000000000010000000000100000000001010000001001001110 1
1 0 599630 599828 12 12 8 12 -1 -1 0022222022000000200000000000200000000002300000000000000000000000000001000000000010000000000100000000001010000001001001110 1
2 0 599630 599799 1 13 9 9 -1 -1 0022222022000000200000000000200000000002300000000000000000001000000001000000000010000000000100000000001000000001001001110 1
1 0 596797 599799 11 11 3 11 -1 -1 0002222022000000200000000000200000000002300000000000000000001000000021000000000010000000000100000000001000000001001001110 1
2 0 596797 599774 2 12 4 14 -1 -1 0002222122000000200000000000200000000002300000000000000000001000000021000000000010000000000000000000001000000001001001110 1
1 0 594953 599774 9 11 7 13 -1 -1 0002022122000000220000000000200000000002300000000000000000001000000021000000000010000000000000000000001000000001001001110 1
2 0 594953 599737 2 10 4 8 5 9 0002022122000000220000000000200000000002300000000001000000001000000020000000000010000000000000000000001000000001001001110 1
1 0 593195 599737 8 12 6 14 -1 -1 0000022122000020220000000003200000000002300000000001000000001000000020000000000010000000000000000000001000000001001001110 1
2 0 593195 599715 2 14 4 16 -1 -1 0000022122000020220000000003200000000002310000000001000000000000000020000000000010000000000000000000001000000001001001110 1
1 0 590700 599715 13 15 12 14 -1 -1 0000002122000020222000000003200000000002310000000001000000000000000020000000000010000000000000000000001000000001001001110 1
2 0 590700 599691 5 11 7 9 -1 -1 0000002122000020222000000003200000000002310000000001000000000000000020000000000010000000000000000000001001000001000001110 1
1 0 586238 599691 12 8 12 10 -1 -1 0000002122000020222000000003000000000002310000000201000000000000000020000000000010000000000000000000001001000001000001110 1
2 0 586238 599653 7 9 8 8 -1 -1 0000002122000020222000000003000000000002310000000201000000000000000020000000000010000000000000000000000101000001000001110 1
1 0 581155 599653 15 13 5 11 -1 -1 0000002122000020222000000003000000000002310000000001000000200000000020000000000010000000000000000000000101000001000001110 1
2 0 581155 599605 4 14 6 8 -1 -1 0000002122000020222000000003100000000002310000000001000000200000000020000000000010000000000000000000000101000001000001100 1
1 0 577175 599605 13 9 9 13 -1 -1 0000002122000020202000000003100000000022310000000001000000200000000020000000000010000000000000000000000101000001000001100 1
2 0 577175 599558 3 9 15 13 -1 -1 0000002122000020202000000003100000000022310000000001000000200000000020100000000010000000000000000000000101000000000001100 1
1 0 572344 599558 5 11 3 9 -1 -1 0000000122000020202000000003100000000022310000000001000000200000000020100000000010000000000000000000000101000000000001120 1
2 0 572344 599510 3 13 13 15 -1 -1 0000001122000020202000000003000000000022310000000001000000200000000020100000000010000000000000000000000101000000000001120 1
1 0 568567 599510 7 13 3 13 -1 -1 0000001102000020202000000003000000000022310000000001000000200000000020100000000010000000000000000000000101000000002001120 1
2 0 568567 599469 4 12 4 14 -1 -1 0000001112000020202000000003000000000022310000000000000000200000000020100000000010000000000000000000000101000000002001120 1
1 0 561884 599469 14 14 12 12 -1 -1 0000001112000020022000000003000000000022310000000000000000200000000020100000000010000000000000000000000101000000002001120 1
2 0 561884 599418 3 15 7 11 -1 -1 0000001112000020022000000003000000000022310000000000000000200000000020100000000010000000000000000000000111000000002000120 1
1 0 553457 599418 12 14 11 13 -1 -1 0000001110000020022000000003000000000022310000000020000000200000000020100000000010000000000000000000000111000000002000120 1
2 0 553457 599373 6 10 10 10 -1 -1 0000001110000020022000000003000000000022310000000020000000200000000020100000000010000000000010000000000110000000002000120 1
1 0 543253 599373 12 12 8 12 -1 -1 0000001110000020022000000003000000000020310000000020000000200000000020100000000210000000000010000000000110000000002000120 1
2 0 543253 599323 9 9 13 9 -1 -1 0000001110000020022000000003000000000020310000000020000000201000000020100000000210000000000010000000000100000000002000120 1
1 0 533846 599323 11 13 7 13 -1 -1 0000001110000020022000000003000000000020310000000020000000201000000000100000000210000000000010000000000100000002002000120 1
2 0 533846 599279 6 8 7 9 -1 -1 0000001110000020022000000003000000000020310000000021000000201000000000100000000210000000000000000000000100000002002000120 1
1 0 525593 599279 10 12 2 12 -1 -1 0000001110000020022000000003000000000000310000000221000000201000000000100000000210000000000000000000000100000002002000120 1
2 0 525593 599239 7 11 11 11 -1 -1 0000101110000020022000000003000000000000310000000221000000201000000000100000000200000000000000000000000100000002002000120 1
1 0 510742 599239 12 10 4 6 -1 -1 0000101110000020022000000003000000000000310000000201000000201000000000100000000200000000000200000000000100000002002000120 1
2 0 510742 599197 4 8 4 12 -1 -1 0000101110000120022000000003000000000000310000000201000000201000000000100000000200000000000200000000000000000002002000120 1
1 0 502827 599197 9 13 3 15 -1 -1 0000101110000100222000000003000000000000310000000201000000201000000000100000000200000000000200000000000000000002002000120 1
2 0 502827 599147 8 8 9 9 -1 -1 0000101111000100222000000003000000000000310000000201000000201000000000000000000200000000000200000000000000000002002000120 1
1 0 497424 599147 6 14 2 14 -1 -1 0000101111000100222000000003000000000000310000000201000000001000000020000000000200000000000200000000000000000002002000120 1
2 0 497424 599105 4 14 12 10 -1 -1 0000111111000100222000000003000000000000300000000201000000001000000020000000000200000000000200000000000000000002002000120 1
1 0 491621 599105 8 12 2 10 -1 -1 0000111111000100202000000003000000000000300000000201000000001000000020000000000200000000000200000000000200000002002000120 1
2 0 491621 599065 4 12 5 11 -1 -1 0001111111000100202000000003000000000000300000000201000000000000000020000000000200000000000200000000000200000002002000120 1
1 0 488407 599065 15 11 14 10 -1 -1 0001111111000100002000000003200000000000300000000201000000000000000020000000000200000000000200000000000200000002002000120 1
2 0 488407 599028 4 16 5 15 -1 -1 0001111111000100002000000003200000000000300000000201000000000000000020000000000200000000000200000000000200000002002100020 1
1 0 485609 599028 14 10 12 12 -1 -1 0001111111000100000000000003202000000000300000000201000000000000000020000000000200000000000200000000000200000002002100020 1
2 0 485609 598989 5 11 6 10 -1 -1 0001111111000100000000000003202000000000300000000201000000000000000020000000000200000000000200000000000210000002002000020 1
1 0 482716 598989 7 13 5 11 -1 -1 0001111111000100000000000003002000000002300000000201000000000000000020000000000200000000000200000000000210000002002000020 1
2 0 482716 598954 5 15 6 16 -1 -1 0001111111000100000000000003102000000002300000000200000000000000000020000000000200000000000200000000000210000002002000020 1
1 0 480857 598954 5 11 4 12 -1 -1 0001111111000100000000000003100000000002302000000200000000000000000020000000000200000000000200000000000210000002002000020 1
2 0 480857 598916 6 10 8 8 -1 -1 0001111111000100100000000003000000000002302000000200000000000000000020000000000200000000000200000000000210000002002000020 1
1 0 479274 598916 12 12 11 13 -1 -1 0001111111000100100000000003000000000000302000000200000000200000000020000000000200000000000200000000000210000002002000020 1
2 0 479274 598868 6 16 7 15 -1 -1 0001111111000100100000000003000000000000302000000200000000200000000020000000000200000000000210000000000200000002002000020 1
1 0 477086 598868 11 13 9 11 -1 -1 0001111111000100100000000003000000000000300000000200200000200000000020000000000200000000000210000000000200000002002000020 1
2 0 477086 598825 7 9 8 10 -1 -1 0001111111000100100000000003000000000000300000000200200000200000000021000000000200000000000200000000000200000002002000020 1
1 0 475457 598825 9 11 7 9 -1 -1 0001111111000100100000000003000000000000300000000000200000220000000021000000000200000000000200000000000200000002002000020 1
2 0 475457 598791 7 15 8 16 -1 -1 0001111111000100100000000003000000000000300000000100200000220000000020000000000200000000000200000000000200000002002000020 1
1 0 474325 598791 2 10 1 11 -1 -1 0001111111000100100000000003000000000000300000000100000000220020000020000000000200000000000200000000000200000002002000020 1
2 0 474325 598752 10 10 14 10 -1 -1 0100111111000100100000000003000000000000300000000100000000220020000020000000000200000000000200000000000200000002002000020 1
1 0 471378 598752 7 9 6 10 -1 -1 0100111111000100100000000003000000000000300000000100000000220020000020000000000000000000000200000000000200000002002200020 1
2 0 471378 598718 8 8 12 8 -1 -1 0100111111000100100000000003000000000001300000000000000000220020000020000000000000000000000200000000000200000002002200020 1
1 0 469247 598718 6 10 0 12 -1 -1 0100111111000100100000000003000000000001300000000000000000020020000020000000000000000000000200000000002200000002002200020 1
2 0 469247 598689 8 10 10 8 -1 -1 1100111111000100100000000003000000000000300000000000000000020020000020000000000000000000000200000000002200000002002200020 1
1 0 466196 598689 4 12 2 10 -1 -1 1100111111000100100000000003000000000000300000000000000000000020000020000000002000000000000200000000002200000002002200020 1
2 0 466196 598672 8 16 9 15 -1 -1 1101111111000100000000000003000000000000300000000000000000000020000020000000002000000000000200000000002200000002002200020 1
1 0 465292 598672 2 14 1 13 -1 -1 1101111111000100000000000003000000000000300000000000000000000000000020020000002000000000000200000000002200000002002200020 1
2 0 465292 598653 13 9 15 11 -1 -1 1111101111000100000000000003000000000000300000000000000000000000000020020000002000000000000200000000002200000002002200020 1
1 0 464598 598653 4 6 4 8 -1 -1 1111101111000100000000000003000000000000300000000000000000000000000020020000002000000000000200000000002200000000002200220 1
2 0 464598 598633 9 9 13 9 -1 -1 1111101111000010000000000003000000000000300000000000000000000000000020020000002000000000000200000000002200000000002200220 1
1 0 464075 598633 4 8 4 10 -1 -1 1111101111000010000000000003000000000000300000000000000000000000000000020000002000000000000200000000002200000002002200220 1
2 0 464075 598616 9 15 10 16 -1 -1 1111101111000001000000000003000000000000300000000000000000000000000000020000002000000000000200000000002200000002002200220 1
1 0 463578 598616 4 10 4 12 -1 -1 1111101111000001000000000003000000000000300000000000000000000000000000000000002000200000000200000000002200000002002200220 1
2 0 463578 598598 14 10 16 12 -1 -1 1111101111000000100000000003000000000000300000000000000000000000000000000000002000200000000200000000002200000002002200220 1
1 0 463148 598598 4 12 2 14 -1 -1 1111101111000000100000000003000000000000300000000000000000000000000000000000002000200000000200000000002200000002002000222 1
