1322285957000
kingfish
droptable
1 0 599820 600000 14 10 12 12 -1 -1 2222222222000000000000000000000000000000000000000000000000000000000000000000000000000000000000000000000000000001111111111 1
2 0 599820 589905 3 13 4 14 -1 -1 2222222222000000000000000000000000000000000000000000000000000000000000000000000000000000000000000000000010000001111011111 1
1 0 599818 589905 16 12 12 8 -1 -1 2222222202000000020000000000000000000000000000000000000000000000000000000000000000000000000000000000000010000001111011111 1
2 0 599818 566575 3 15 5 13 -1 -1 2222222202000000020000000000000000000000000000000000000000000000000000000000000000000000000000000000001010000001111011110 1
1 0 599817 566575 13 13 11 11 -1 -1 2222222200000000020000000000020000000000000000000000000000000000000000000000000000000000000000000000001010000001111011110 1
2 0 599817 545861 2 10 4 16 -1 -1 2222222200000000020000000000020000000000000000000000000000000000000000000000000000000000000100000000001010000001101011110 1
1 0 599816 545861 14 12 10 12 -1 -1 2220222200000000022000000000020000000000000000000000000000000000000000000000000000000000000100000000001010000001101011110 1
2 0 599816 504574 4 16 5 17 -1 -1 2220222200000000022000000000020000000000000000000000000000000000000000000000000010000000000100000000001010000001101001110 1
1 0 599815 504574 13 11 9 11 -1 -1 2220222200000000020000000000020200000000000000000000000000000000000000000000000010000000000100000000001010000001101001110 1
2 0 599815 463350 0 12 4 16 -1 -1 2220222200000000020000000000020200000000000000000000000000000000000001000000000010000000000100000000001010000001001001110 1
1 0 599626 463350 12 12 8 12 -1 -1 0220222200000000022000000000020200000000000000000000000000000000000001000000000010000000000100000000001010000001001001110 1
2 0 599626 422081 1 13 3 15 -1 -1 0220222200000000022000000000020200000000000000000000000000001000000001000000000010000000000100000000001000000001001001110 1
1 0 599625 422081 11 11 7 11 -1 -1 0200222202000000022000000000020200000000000000000000000000001000000001000000000010000000000100000000001000000001001001110 1
2 0 599625 396921 5 13 6 12 -1 -1 0200222202000000022000000000020200000000000000000010000000001000000001000000000010000000000000000000001000000001001001110 1
1 0 598559 396921 9 11 5 11 -1 -1 0200222202000000022000000000000200000000200000000010000000001000000001000000000010000000000000000000001000000001001001110 1
2 0 598559 376158 3 9 5 19 -1 -1 0200222202000000022000000000100200000000200000000010000000001000000000000000000010000000000000000000001000000001001001110 1
1 0 597483 376158 13 15 12 14 -1 -1 0200220202000000022000000000100220000000200000000010000000001000000000000000000010000000000000000000001000000001001001110 1
2 0 597483 346032 1 11 3 13 -1 -1 0200220202000000022000000000100220000000200000000010000000001000000000000000000010000000000000000000001001000001000001110 1
1 0 595118 346032 15 13 7 13 -1 -1 0000220222000000022000000000100220000000200000000010000000001000000000000000000010000000000000000000001001000001000001110 1
2 0 595118 326270 3 13 5 15 -1 -1 0000220222000000022000000000100220000000200000000011000000001000000000000000000010000000000000000000001001000001000001100 1
1 0 593876 326270 8 12 2 10 -1 -1 0000220202000000022000000000102220000000200000000011000000001000000000000000000010000000000000000000001001000001000001100 1
2 0 593876 316998 6 12 8 10 -1 -1 0001220202000000022000000000102220000000200000000011000000000000000000000000000010000000000000000000001001000001000001100 1
1 0 591693 316998 15 11 15 13 -1 -1 0001220202000000022000000000102220000000000000000011000000020000000000000000000010000000000000000000001001000001000001100 1
2 0 591693 294889 4 14 6 16 -1 -1 0001220202000000022000000000102220000000000000000011000000020000000000000000000010000000000000000000001001000001000001010 1
1 0 588772 294889 7 13 8 12 -1 -1 0001220202000000002000000000102220000000002000000011000000020000000000000000000010000000000000000000001001000001000001010 1
2 0 588772 289130 2 12 6 12 -1 -1 0001220202000000002000000000102220000000002000000010000000021000000000000000000010000000000000000000001001000001000001010 1
1 0 585666 289130 15 13 7 13 -1 -1 0001020202000000002000000000102220000000202000000010000000021000000000000000000010000000000000000000001001000001000001010 1
2 0 585666 270991 8 10 9 11 -1 -1 0001020202000000002000000000102220000000202000000011000000021000000000000000000010000000000000000000001001000001000001000 1
1 0 583085 270991 10 12 8 10 -1 -1 0001020202000000002000000000102220000000202000000011000000001000000002000000000010000000000000000000001001000001000001000 1
2 0 583085 266106 4 16 6 14 -1 -1 0001020202000000002000000000102220000000202000000011000000011000000002000000000000000000000000000000001001000001000001000 1
1 0 582668 266106 2 10 1 11 -1 -1 0001020202000000000000000000102220000000222000000011000000011000000002000000000000000000000000000000001001000001000001000 1
2 0 582668 252697 5 19 6 18 -1 -1 0100020202000000000000000000102220000000222000000011000000011000000002000000000000000000000000000000001001000001000001000 1
1 0 581429 252697 8 12 0 12 -1 -1 0100020202000000000000000000102200000000222200000011000000011000000002000000000000000000000000000000001001000001000001000 1
2 0 581429 241283 6 14 10 10 -1 -1 1100020202000000000000000000102200000000222200000011000000010000000002000000000000000000000000000000001001000001000001000 1
1 0 580557 241283 7 13 6 14 -1 -1 1100020202000000000000000000102200000000202200000011000000010000000002000000000200000000000000000000001001000001000001000 1
2 0 580557 224659 5 15 7 13 -1 -1 1100020202000000000000000000102200000000212200000010000000010000000002000000000200000000000000000000001001000001000001000 1
1 0 578636 224659 13 9 11 7 -1 -1 1100020202000000000000000000100200000000212200000012000000010000000002000000000200000000000000000000001001000001000001000 1
2 0 578636 217585 6 18 7 17 -1 -1 1100020202000000000000000000100200000000212200000012000000010000000002000000000200000000010000000000001001000000000001000 1
1 0 578013 217585 6 14 4 16 -1 -1 1100020202000000000000000000100200000000212000000012020000010000000002000000000200000000010000000000001001000000000001000 1
2 0 578013 196474 7 13 8 14 -1 -1 1100020202000000001000000000100200000000202000000012020000010000000002000000000200000000010000000000001001000000000001000 1
1 0 574360 196474 7 11 7 15 -1 -1 1100020202000000001000000000100200000000202000000010020000010200000002000000000200000000010000000000001001000000000001000 1
2 0 574360 192004 10 10 11 11 -1 -1 1100020202000000001000000000100200000000202000000000120000010200000002000000000200000000010000000000001001000000000001000 1
1 0 570529 192004 12 14 13 13 -1 -1 1100020202000000001000000000100200000000202000000000120000010200000002000000000000000000010200000000001001000000000001000 1
2 0 570529 180632 9 11 10 10 -1 -1 1100020202000000001000000000100200000000202000000000120000010200000002000000000000000000010200000000001000000000010001000 1
1 0 568012 180632 14 14 12 12 -1 -1 1100020202000000001000000000100200000000202000000000120000010200000000000000000200000000010200000000001000000000010001000 1
2 0 568012 177498 8 14 9 15 -1 -1 1100020202000000001000000000100200000000202000000000120000010200000000000000000200000000010200000000001010000000010000000 1
1 0 565743 177498 12 8 10 6 -1 -1 1100020202000000001000000000100200000000202000000000120000010000000000020000000200000000010200000000001010000000010000000 1
2 0 565743 172100 6 16 8 14 -1 -1 1100020202000000001000000000100200000000202000000000120000010000000000020000010200000000010200000000000010000000010000000 1
1 0 562606 172100 10 6 10 8 -1 -1 1100020202000000001000000000100200000000200000000000120000010200000000020000010200000000010200000000000010000000010000000 1
2 0 562606 166299 5 17 6 18 -1 -1 1100020202000000001000000000100200000000200000000000120000010200000000020000001200000000010200000000000010000000010000000 1
1 0 558398 166299 11 7 5 13 -1 -1 1100020202000000001000000000100000000000200200000000120000010200000000020000001200000000010200000000000010000000010000000 1
2 0 558398 152012 3 15 7 19 -1 -1 1100020202000000001000000000110000000000200200000000120000010200000000020000001200000000000200000000000010000000010000000 1
1 0 551826 152012 8 10 8 12 -1 -1 1100020200000000001000000000110000000000200200000000122000010200000000020000001200000000000200000000000010000000010000000 1
2 0 551826 125633 6 18 10 14 -1 -1 1100020200000000001000000000110000000000200200000000122000001200000000020000001200000000000200000000000010000000010000000 1
1 0 541414 125633 8 12 2 10 -1 -1 1100020200000000001000000000110000000000200000000000122000001200000000020000001202000000000200000000000010000000010000000 1
2 0 541414 95637 8 14 10 16 -1 -1 1101020200000000001000000000110000000000200000000000122000000200000000020000001202000000000200000000000010000000010000000 1
1 0 536186 95637 12 12 11 13 -1 -1 1101020200000000001000000000110000000000200000000000122000000000000000020000001202200000000200000000000010000000010000000 1
2 0 536186 65638 10 16 14 12 -1 -1 1101020200000000001000000000110000000000200000000000122000000000000000020000001202200000000210000000000000000000010000000 1
1 0 528971 65638 10 8 6 16 -1 -1 1101020200000000001000000000110000000000200000000000122000000000000000020000001202000000000210000000000000000000010020000 1
2 0 528971 35643 10 10 14 10 -1 -1 1101020200000000001000000000110000000000201000000000122000000000000000020000000202000000000210000000000000000000010020000 1
1 0 527210 35643 7 15 1 13 -1 -1 1101020200000000001000000000110000000000201000000000122000000000000000020000000002000000000210000000000000000000010220000 1
2 0 527210 5649 3 11 4 12 -1 -1 1111020200000000001000000000110000000000201000000000022000000000000000020000000002000000000210000000000000000000010220000 1
1 0 525521 5649 6 16 5 17 -1 -1 1111020000000000201000000000110000000000201000000000022000000000000000020000000002000000000210000000000000000000010220000 1
2 0 525521 5646 10 14 14 14 -1 -1 1111020000000000201000000000110100000000200000000000022000000000000000020000000002000000000210000000000000000000010220000 1
1 0 524058 5646 5 11 3 13 -1 -1 1111020000000000201000000000110100000000200000000000022000000000000000020000000000000000000210000000000000000000010222000 1
2 0 524058 5643 4 12 6 10 -1 -1 1111020010000000201000000000010100000000200000000000022000000000000000020000000000000000000210000000000000000000010222000 1
1 0 522388 5643 13 13 12 12 -1 -1 1111020010000000001000000000010100000002200000000000022000000000000000020000000000000000000210000000000000000000010222000 1
2 0 522388 5641 2 14 6 14 4 10 1111020010000000001000000000010100000002200000000000022000000000000000020000000000000000000210000000000010000000000222000 1
1 0 517444 5641 12 12 6 18 -1 -1 1111000010000003001000000000010100000002220000000000022000000000000000020000000000000000000210000000000010000000000222000 1
2 0 517444 5636 6 12 8 18 -1 -1 1111000010000003001000000000010100000002220100000000022000000000000000020000000000000000000210000000000000000000000222000 1
1 0 514690 5636 4 16 3 15 -1 -1 1111000010000003001000000000010100000002020100000000022000000002000000020000000000000000000210000000000000000000000222000 1
2 0 514690 5633 7 19 9 13 -1 -1 1111000011000003000000000000010100000002020100000000022000000002000000020000000000000000000210000000000000000000000222000 1
1 0 511653 5633 6 18 4 12 -1 -1 1111000011000003000000000000010100000002020100000000020000000002000000220000000000000000000210000000000000000000000222000 1
2 0 511653 5629 7 17 9 19 -1 -1 1111000011000003100000000000010100000002020000000000020000000002000000220000000000000000000210000000000000000000000222000 1
1 0 509774 5629 5 13 3 11 -1 -1 1111000011000003100000000000010100000002020000000000000000000002000000220200000000000000000210000000000000000000000222000 1
2 0 509774 5627 14 10 15 11 -1 -1 1111000111000003100000000000000100000002020000000000000000000002000000220200000000000000000210000000000000000000000222000 1
1 0 508089 5627 5 17 4 16 -1 -1 1111000111000003100000000000000100000002020000000000000000000002000000220200000000000000000210000000000000000000000022200 1
2 0 508089 5625 14 14 16 12 -1 -1 1111000111000003101000000000000000000002020000000000000000000002000000220200000000000000000210000000000000000000000022200 1
1 0 506999 5625 4 16 2 14 -1 -1 1111000111000003101000000000000000000002020000000000000000000002000000220200000000000000000210000000000000000000000020202 1
2 0 506999 5624 6 10 7 11 -1 -1 1111010111000003100000000000000000000002020000000000000000000002000000220200000000000000000210000000000000000000000020202 1
1 0 506146 5624 11 13 10 12 -1 -1 1111010111000003100000000000000000000000020000000020000000000002000000220200000000000000000210000000000000000000000020202 1
2 0 506146 5622 9 15 11 13 -1 -1 1111010111000003100000000000000000000000020000000020000000000002000000220200000010000000000200000000000000000000000020202 1
1 0 505231 5622 10 12 9 11 -1 -1 1111010111000003100000000000000000000000020000000020000000000002000000200200000010000000000220000000000000000000000020202 1
2 0 505231 5621 6 14 7 13 -1 -1 1111010111000003100000000000000000000000020000000020000000000002000001200200000000000000000220000000000000000000000020202 1
1 0 504665 5621 9 11 8 12 -1 -1 1111010111000003100000000000000000000000000000000022000000000002000001200200000000000000000220000000000000000000000020202 1
2 0 504665 5619 7 13 9 11 -1 -1 1111010111000003100000000000000000000000000000000022000000001002000000200200000000000000000220000000000000000000000020202 1
1 0 504107 5619 8 12 6 10 -1 -1 1111010111000003100000000000000000000000000000000020000000001002000002200200000000000000000220000000000000000000000020202 1
2 0 504107 5618 7 11 8 12 -1 -1 1111010111000003100000000000000000000001000000000020000000000002000002200200000000000000000220000000000000000000000020202 1
1 0 503568 5618 6 10 5 11 -1 -1 1111010111000003100000000000000000000001000000000000000000002002000002200200000000000000000220000000000000000000000020202 1
2 0 503568 5616 8 12 12 12 -1 -1 1111010111000003100000000000100000000000000000000000000000002002000002200200000000000000000220000000000000000000000020202 1
1 0 502645 5616 1 11 2 12 -1 -1 1111010111000003100000000000100000000000000000000000000000000002000002200200000000000000000220000000000020000000000020202 1
2 0 502645 5614 11 13 15 13 -1 -1 1011110111000003100000000000100000000000000000000000000000000002000002200200000000000000000220000000000020000000000020202 1
1 0 502083 5614 2 10 1 11 -1 -1 1011110111000003100000000000100000000000000000000000000000000002000002200200000000000000000200000000000020000000000020222 1
2 0 502083 5613 11 11 13 13 -1 -1 1110110111000003100000000000100000000000000000000000000000000002000002200200000000000000000200000000000020000000000020222 1
1 0 501466 5613 4 12 2 10 -1 -1 1110110111000003100000000000100000000000000000000000000000000002000002200200000000000000000000000000000020000000020020222 1
2 0 501466 5611 12 12 14 14 -1 -1 1111110111000003000000000000100000000000000000000000000000000002000002200200000000000000000000000000000020000000020020222 1
1 0 501347 5611 5 11 3 9 -1 -1 1111110111000003000000000000100000000000000000000000000000000002000002200200000000000000000000000000000000000000020022222 1
