1322293734000
benny
kingfish
1 0 599909 600000 14 12 12 14 -1 -1 2222222222000000000000000000000000000000000000000000000000000000000000000000000000000000000000000000000000000001111111111 2
2 0 599909 599907 2 14 4 12 -1 -1 2222222222000000000000000000000000000000000000000000000000000000000000000000000000000000000000000000000001000001111101111 2
1 0 599907 599907 14 14 12 12 5 13 2222202222000000200000000000000000000000000000000000000000000000000000000000000000000000000000000000000001000001111101111 2
2 0 599907 599906 0 12 4 16 -1 -1 2222202222000000200000000000030000000000000000000000000000000000000000000000000000000000000000000000000011000001111100111 2
1 0 599906 599906 16 12 12 16 -1 -1 0222202222000000202000000000030000000000000000000000000000000000000000000000000000000000000000000000000011000001111100111 2
2 0 599906 599769 2 12 6 12 -1 -1 0222202222000000202000000000030000000000000000000000000000000000000000000000000000000000000000000000000011100001111100110 2
1 0 599905 599769 14 10 12 8 -1 -1 0222002222000000202000000000030000000000200000000000000000000000000000000000000000000000000000000000000011100001111100110 2
2 0 599905 599768 3 13 7 13 -1 -1 0222002222000000202000000000030000000000200000000000000000000000000000000000000000000000000000000000001011100001111000110 2
1 0 599904 599768 13 13 11 11 -1 -1 0222002202000000202000000000030000000000200000000002000000000000000000000000000000000000000000000000001011100001111000110 2
2 0 599904 599767 4 12 8 12 -1 -1 0222002202000000202000000000030000000000200000000002000000000000000000000000000000000000000100000000001011100001101000110 2
1 0 599903 599767 13 15 11 13 -1 -1 0222002202000000002000000000030000000000200000000002000000002000000000000000000000000000000100000000001011100001101000110 2
2 0 599903 599765 2 10 6 10 -1 -1 0222002202000000002000000000030000000000200000000002000000002000000000000000000000000000000110000000001011100001100000110 2
1 0 599902 599765 13 9 11 7 -1 -1 0220002202000000002000000000030000000002200000000002000000002000000000000000000000000000000110000000001011100001100000110 2
2 0 599902 599764 4 16 6 14 -1 -1 0220002202000000002000000000030000000002200000000002000000002000000000000000000000000000010110000000001011100000100000110 2
1 0 599901 599764 12 8 10 6 -1 -1 0220002202000000000000000000030000000002220000000002000000002000000000000000000000000000010110000000001011100000100000110 2
2 0 599901 599576 6 12 8 14 -1 -1 0220002202000000000000000000030000000002220000000002000000002000000000000000010000000000010110000000000011100000100000110 2
1 0 599900 599576 12 12 10 14 -1 -1 0220002202000000000000000000030000000002020000000002000000002200000000000000010000000000010110000000000011100000100000110 2
2 0 599900 591553 8 12 9 13 -1 -1 0220002202000000000000000000030000000002020000000002000000002200000000000000010001000000010110000000000001100000100000110 2
1 0 599899 591553 12 16 10 10 -1 -1 0220002202000000000000000000030000000002020000000002000000000200000000200000010001000000010110000000000001100000100000110 2
2 0 599899 582795 3 15 4 14 -1 -1 0220002202000000000000000000030000000002020000000002000000000200000000200000010101000000010110000000000001000000100000110 2
1 0 599898 582795 12 14 10 12 -1 -1 0220002200000000020000000000030000000002020000000002000000000200000000200000010101000000010110000000000001000000100000110 2
2 0 599898 575963 6 14 8 12 -1 -1 0220002200000000020000000000030000000002020000000002000000000200000000200000010111000000010110000000000000000000100000110 2
1 0 599897 575963 11 13 9 11 6 14 0220002200000000020000000000030000000002000000000002000000002200000000200000010111000000010110000000000000000000100000110 2
2 0 599897 570945 1 13 2 12 -1 -1 0220002200000000020000000000030000000002030000000002000000002200000001200000010111000000010100000000000000000000100000110 2
1 0 599896 570945 11 7 9 5 -1 -1 0200202200000000020000000000030000000002030000000002000000002200000001200000010111000000010100000000000000000000100000110 2
2 0 599896 568185 1 11 5 11 -1 -1 0200202200000000020000000000030000000002030000000002000000002200001001200000010111000000000100000000000000000000100000110 2
1 0 599895 568185 11 11 9 9 -1 -1 0000202200000000020000000000230000000002030000000002000000002200001001200000010111000000000100000000000000000000100000110 2
2 0 599895 562307 2 12 6 16 -1 -1 0000202200000000020000000000230000000002030000000002000000002200001011200000010111000000000000000000000000000000100000110 2
1 0 599894 562307 10 6 8 4 -1 -1 0000002200000000020000000000230000000002032000000002000000002200001011200000010111000000000000000000000000000000100000110 2
2 0 599894 557790 3 9 7 17 -1 -1 0000002200000000020000000000230000000002032000000002000010002200001011200000000111000000000000000000000000000000100000110 2
1 0 599893 557790 10 12 8 10 -1 -1 0000000200000000020000000000230000000002032000000002020010002200001011200000000111000000000000000000000000000000100000110 2
2 0 599893 547532 7 13 11 13 -1 -1 0000000200000000020000000000230000000002032000000002020010012200001011200000000101000000000000000000000000000000100000110 2
1 0 599892 547532 9 11 3 9 -1 -1 0000000200000000020000000000230000000002032000000000020010012200001011200000000101000000000020000000000000000000100000110 2
2 0 599892 534442 5 11 11 9 -1 -1 0000001200000000020000000000230000000002032000000000020010012200001010200000000101000000000020000000000000000000100000110 2
1 0 599891 534442 9 9 5 9 -1 -1 0000001200000000020000000000030000000002032000000000020010012200001010200000000101000000002020000000000000000000100000110 2
2 0 599891 518269 8 14 14 12 -1 -1 0000001200000000020000000001030000000002032000000000020010012200001000200000000101000000002020000000000000000000100000110 2
1 0 599890 518269 15 11 13 13 -1 -1 0000001200000000020000000001030000000002032000000000020010012000001000200000000101000000002020000000000000000000100020110 2
2 0 599890 508677 7 17 7 15 -1 -1 0000001200000000020000000001030000000002032000000000020010012000001000200000000101000000002020000000000000000000110020010 2
1 0 599889 508677 15 13 14 14 -1 -1 0000001200000000020000000001030000000002032000000000200010012000001000200000000101000000002020000000000000000000110020010 2
2 0 599889 497464 6 16 12 10 -1 -1 0000001200000000020000000001030000000002032000000000200010012000001000200000000101000000002020000000000000000000110021000 2
1 0 599888 497464 13 13 7 11 -1 -1 0000001200000000020000000001030000000002030000000000200010012000001000200000000101000000002020000000000200000000110021000 2
2 0 599888 489723 4 14 12 14 -1 -1 0000001200000000020000000001030000000002030000000010200010012000001000200000000101000000002020000000000200000000100021000 2
1 0 599887 489723 8 10 2 12 -1 -1 0000001200000000000000000001030000000002030000000010200010012000001000200000000101000000002020000000000202000000100021000 2
2 0 599887 480096 9 13 13 13 -1 -1 0000101200000000000000000001030000000002030000000010200010002000001000200000000101000000002020000000000202000000100021000 2
1 0 599886 480096 14 14 12 12 -1 -1 0000101200000000000000000001030000000002030000000010200010002000001000000000000101000000002020000000000202000000120021000 2
2 0 599886 474752 8 12 8 14 -1 -1 0000101200000000000000000001030000000002030000000010200010002000001000000000000101000000002020000000000212000000120020000 2
1 0 599886 474752 3 9 1 11 -1 -1 0000101200000000000000000001030000000002030000000010200010000200001000000000000101000000002020000000000212000000120020000 2
2 0 599886 468013 7 15 13 9 -1 -1 0100100200000000000000000001030000000002030000000010200010000200001000000000000101000000002020000000000212000000120020000 2
1 0 599885 468013 12 12 11 11 -1 -1 0100100200000000000000000001030000000002030000000010000010000200001000000000000101000000002020000000000212000002120020000 2
2 0 599885 462388 11 13 13 15 -1 -1 0100100200000000000000000001030000000002030000000010000010000200001000000000000101000000002120000000000202000002120020000 2
1 0 599884 462388 11 11 9 9 -1 -1 0100100200000000000000000001030000000002030000000010000010000200001000000000000101000000002100000000000202000002122020000 2
2 0 599884 454908 6 10 8 12 -1 -1 0100100200000000000000000001030000000002030000000010000010000200001010000000000101000000002000000000000202000002122020000 2
1 0 599883 454908 10 10 8 8 -1 -1 0100100200000000000000000001030000000000030000000010000010002200001010000000000101000000002000000000000202000002122020000 2
2 0 599883 448016 8 14 9 13 -1 -1 0100100200000000000000000001030000000000030000000010000010102200001010000000000001000000002000000000000202000002122020000 2
1 0 599882 448016 9 9 7 7 -1 -1 0100100200000000000000000001030000000000030000000010000010102000001010200000000001000000002000000000000202000002122020000 2
2 0 599882 442428 3 11 4 10 -1 -1 0100100200000000000000000001030000000000030000001010000010102000001000200000000001000000002000000000000202000002122020000 2
1 0 599881 442428 5 9 1 13 -1 -1 0100100000000002000000000001030000000000030000001010000010102000001000200000000001000000002000000000000202000002122020000 2
2 0 599881 440383 4 10 5 11 -1 -1 0110100000000002000000000000030000000000030000001010000010102000001000200000000001000000002000000000000202000002122020000 2
1 0 599880 440383 8 8 6 6 -1 -1 0110100000000000000000000000230000000000030000001010000010102000001000200000000001000000002000000000000202000002122020000 2
2 0 599880 436773 5 11 11 13 -1 -1 0110100000000000000000000000230000000100030000001010000010002000001000200000000001000000002000000000000202000002122020000 2
1 0 599879 436773 13 11 12 12 -1 -1 0110100000000000000000000000030000000100030000001010000010002000001000200000000001000000002020000000000202000002122020000 2
2 0 599879 431837 11 13 15 13 -1 -1 0110100000000000000000000000030000000100030000001010000010002000001000200000000001000000002020000000000212000002022020000 2
1 0 599878 431837 12 12 10 10 -1 -1 0110100000000000000000000000030000000100030000001010000010002000001000200000000001000000002000000000000212000002022020020 2
2 0 599878 427151 13 13 15 11 -1 -1 0110100000000000000000000000030000000100030000001010000010002000001000200000000101000000002000000000000202000002022020020 2
1 0 599878 427151 10 10 9 9 -1 -1 0110100000000000000000000000030000000100030000001010000010002000001000200000000101000000002000000000000202000002002020220 2
2 0 599878 423897 9 13 13 13 -1 -1 0110100000000000000000000000030000000100030000001010000010002000001010200000000001000000002000000000000202000002002020220 2
1 0 599877 423897 10 14 9 13 -1 -1 0110100000000000000000000000030000000100030000001010000010002000001010000000000001000000002000000000000202000002022020220 2
2 0 599877 420483 11 9 13 11 -1 -1 0110100000000000000000000000030000000100030000001010000010002000001010100000000000000000002000000000000202000002022020220 2
1 0 599877 420483 9 5 8 6 -1 -1 0110100000000000000000000000030000000100030000001010000010002000001010100000000000000000000000000000000202000002222020220 2
2 0 599877 419433 8 12 10 14 -1 -1 0110100000000000000000000000030000000100030000001010000011002000000010100000000000000000000000000000000202000002222020220 2
1 0 599876 419433 8 6 6 8 -1 -1 0110100000000000000000000000030000000100030000001010000011000000000010100000000002000000000000000000000202000002222020220 2
2 0 599876 418045 12 14 11 13 -1 -1 0110100000000000000000000000030000000110030000001010000010000000000010100000000002000000000000000000000202000002222020220 2
1 0 599876 418045 7 7 5 9 -1 -1 0110100000000000000000000000030000000110030000001010000010000000000010100000000002000000000020000000000200000002222020220 2
2 0 599876 417052 10 14 16 12 -1 -1 0110100000000000000000000001030000000110030000000010000010000000000010100000000002000000000020000000000200000002222020220 2
1 0 599875 417052 6 6 4 8 -1 -1 0110100000000000000000000001030000000110030000000010000010000000000010100000000000000000000020000000000200000002222020222 2
2 0 599875 416178 11 13 12 12 -1 -1 0110100000000010000000000001030000000010030000000010000010000000000010100000000000000000000020000000000200000002222020222 2
1 0 599875 416178 6 8 4 10 -1 -1 0110100000000010000000000001030000000010030000000010000010000000000010100000000000000000000000000000000220000002222020222 2
2 0 599875 415743 12 10 12 8 -1 -1 0110100000000011000000000001030000000000030000000010000010000000000010100000000000000000000000000000000220000002222020222 2
1 0 599874 415743 5 9 3 11 -1 -1 0110100000000011000000000001030000000000030000000010000010000000000010100000000000000000000000000000002020000002222020222 2
2 0 599874 415157 12 8 14 14 -1 -1 0110100100000011000000000000030000000000030000000010000010000000000010100000000000000000000000000000002020000002222020222 2
1 0 599873 415157 4 8 0 12 -1 -1 0110100100000011000000000000030000000000030000000010000010000000000010100000000000000000000000000000000020000002222022222 2
2 0 599873 414842 12 12 14 10 -1 -1 1110100100000001000000000000030000000000030000000010000010000000000010100000000000000000000000000000000020000002222022222 2
