1322289433000
artificialwintelligence
kingfish
1 0 599678 600000 14 12 12 10 -1 -1 2222222222000000000000000000000000000000000000000000000000000000000000000000000000000000000000000000000000000001111111111 2
2 0 599678 599920 2 14 4 12 -1 -1 2222222222000000000000000000000000000000000000000000000000000000000000000000000000000000000000000000000100000001111101111 2
1 0 599382 599920 13 11 11 9 -1 -1 2222202222000000200000000000000000000000000000000000000000000000000000000000000000000000000000000000000100000001111101111 2
2 0 599382 599919 0 12 4 16 -1 -1 2222202222000000200000000000000000000000000000000000000000000000000000000000000000000000001000000000000100000001011101111 2
1 0 599118 599919 12 10 10 8 -1 -1 0222202222000000202000000000000000000000000000000000000000000000000000000000000000000000001000000000000100000001011101111 2
2 0 599118 599918 2 12 4 10 -1 -1 0222202222000000202000000000000000000000000000000000000000000000000000000000001000000000001000000000000000000001011101111 2
1 0 598877 599918 14 10 10 6 -1 -1 0222002222000002202000000000000000000000000000000000000000000000000000000000001000000000001000000000000000000001011101111 2
2 0 598877 599917 3 9 5 11 -1 -1 0222002222000002202000000000000000000000000000000000000000000000000000000000011000000000001000000000000000000001011001111 2
1 0 598476 599917 10 6 9 5 -1 -1 0222000222000002202000000000200000000000000000000000000000000000000000000000011000000000001000000000000000000001011001111 2
2 0 598476 599916 1 11 3 9 -1 -1 0222000222000002202000000000200000000000000000000000000000000000001000000000001000000000001000000000000000000001011001111 2
1 0 597923 599916 16 12 8 4 -1 -1 0022002222000002202000000000200000000000000000000000000000000000001000000000001000000000001000000000000000000001011001111 2
2 0 597923 599770 3 11 5 13 -1 -1 0022002222000002202000000000200000000000000000000000000010000000001000000000001000000000001000000000000000000001011001110 2
1 0 596921 599770 14 14 10 6 -1 -1 0022002022000002202000000000220000000000000000000000000010000000001000000000001000000000001000000000000000000001011001110 2
2 0 596921 599769 3 15 5 9 -1 -1 0022002022000002202000000000220000000000000000000000000010000000001000000000011000000000001000000000000000000001011000110 2
1 0 595956 599769 11 9 7 5 -1 -1 0022002020000002202000000002220000000000000000000000000010000000001000000000011000000000001000000000000000000001011000110 2
2 0 595956 599768 2 10 6 10 -1 -1 0022002020000002202000000002220000000000000000010000000010000000001000000000011000000000000000000000000000000001011000110 2
1 0 595176 599768 15 13 14 14 -1 -1 0020002020000002202000000002220000000002000000010000000010000000001000000000011000000000000000000000000000000001011000110 2
2 0 595176 599767 4 10 6 12 -1 -1 0020002020000002202000000002220000000002000000010000000010000000001000000000011000000000000000000000000000000001011001100 2
1 0 594509 599767 10 8 8 6 -1 -1 0020002020000000202000000002220000000002200000010000000010000000001000000000011000000000000000000000000000000001011001100 2
2 0 594509 599766 5 9 7 11 -1 -1 0020002020000000202000000002220000000002200000010000000011000000001000000000010000000000000000000000000000000001011001100 2
1 0 593953 599766 9 5 7 7 -1 -1 0020002020000000202000000000220000000002200000010020000011000000001000000000010000000000000000000000000000000001011001100 2
2 0 593953 599577 4 12 6 14 -1 -1 0020002020000000202000000000220000000002200000011020000011000000000000000000010000000000000000000000000000000001011001100 2
1 0 593068 599577 7 5 5 15 -1 -1 0020002020000000002000000000220000000002220000011020000011000000000000000000010000000000000000000000000000000001011001100 2
2 0 593068 595090 5 11 11 5 -1 -1 0020002020000000002000000000221000000002220000001020000011000000000000000000010000000000000000000000000000000001011001100 2
1 0 592484 595090 8 4 6 6 -1 -1 0020002020000000002000000000021000000002220000001020000011000000000000000000010000000000200000000000000000000001011001100 2
2 0 592484 592247 6 10 8 12 -1 -1 0020002020000000002000000000021000000102220000001020000001000000000000000000010000000000200000000000000000000001011001100 2
1 0 591795 592247 8 6 6 8 -1 -1 0020002020000000002000000000021000000100220000001020000001002000000000000000010000000000200000000000000000000001011001100 2
2 0 591795 588762 8 12 9 11 -1 -1 0020002020000000002000000000021000000110220000001020000000002000000000000000010000000000200000000000000000000001011001100 2
1 0 590968 588762 15 11 14 10 -1 -1 0020002020000000002000000000021000000110220000001020000000000000000002000000010000000000200000000000000000000001011001100 2
2 0 590968 584800 6 14 10 10 -1 -1 0020002020000000002000000000021000000110220000001020000000000000000002000000010000000000200000000000000000000001011101000 2
1 0 590045 584800 6 6 0 12 -1 -1 0020002020000000002000000000021000000110200000001020000000000000000002000000010200000000200000000000000000000001011101000 2
2 0 590045 581178 4 16 8 12 -1 -1 1020002020000000002000000000021000000010200000001020000000000000000002000000010200000000200000000000000000000001011101000 2
1 0 588835 581178 14 10 12 8 -1 -1 1020002020000000000000000000021000000010200000001020000000002000000002000000010200000000200000000000000000000001011101000 2
2 0 588835 576739 6 12 12 10 -1 -1 1020002020000000000000000000021000000010200000001020000000002000000002000000010200000000200000000000001000000001011001000 2
1 0 587676 576739 13 9 9 5 -1 -1 1020002020000000000000000000021000000010000000001020000000002000000002000000010200000000200000000000001200000001011001000 2
2 0 587676 570411 7 11 13 9 -1 -1 1020002020000000000000000000021000000010000000001020000000002000001002000000010200000000200000000000001200000000011001000 2
1 0 586086 570411 14 14 12 16 -1 -1 1020002020000000000000000000021000000010000000001000000000002000001002000000010200000000200000000000001200000002011001000 2
2 0 586086 566765 9 11 13 11 -1 -1 1020002020000000000000000000021000000010000000001000000000002000001002000000010200000000200000000000001200100002011000000 2
1 0 585585 566765 13 15 11 17 -1 -1 1020002020000000000000000000021000000010000000001000000000002000001000000000010200000000200000000000001200100002211000000 2
2 0 585585 563819 12 10 14 12 -1 -1 1020002020000000000000000000021000000010000000001000000000002000001000000000010200000000200000100000001200100002210000000 2
1 0 584779 563819 13 13 12 12 -1 -1 1020002020000000000000000000021000000010000000001000000000002000001000000000010200000000200000100000001000100002210020000 2
2 0 584779 561431 1 13 2 14 -1 -1 1020002020000000000000000000021000000010000000001000000000002000001000000000010200000000200000100000001010100002200020000 2
1 0 583268 561431 7 7 5 9 -1 -1 1000022020000000000000000000021000000010000000001000000000002000001000000000010200000000200000100000001010100002200020000 2
2 0 583268 557626 2 14 6 14 -1 -1 1000022020000000000000000001021000000010000000000000000000002000001000000000010200000000200000100000001010100002200020000 2
1 0 582007 557626 6 8 4 10 -1 -1 1000002020000000000000000001021000000010020000000000000000002000001000000000010200000000200000100000001010100002200020000 2
2 0 582007 554172 3 9 5 11 -1 -1 1000002020000001000000000001021000000000020000000000000000002000001000000000010200000000200000100000001010100002200020000 2
1 0 580231 554172 5 9 3 11 -1 -1 1000000020000001000000000001221000000000020000000000000000002000001000000000010200000000200000100000001010100002200020000 2
2 0 580231 547893 6 14 6 12 -1 -1 1000000120000001000000000000221000000000020000000000000000002000001000000000010200000000200000100000001010100002200020000 2
1 0 579156 547893 4 10 2 12 -1 -1 1000000120000001000000000000221000000000200000000000000000002000001000000000010200000000200000100000001010100002200020000 2
2 0 579156 543013 5 11 9 11 -1 -1 1000100120000000000000000000221000000000200000000000000000002000001000000000010200000000200000100000001010100002200020000 2
1 0 578132 543013 10 6 8 4 -1 -1 1000100120000000000000000000021000000000200000000000000000002000001002000000010200000000200000100000001010100002200020000 2
2 0 578132 536464 5 13 15 11 -1 -1 1000100120000000000000000000021000000000200000000000000010002000001002000000000200000000200000100000001010100002200020000 2
1 0 577236 536464 3 11 1 13 -1 -1 1000100120000000000000000000001000000000200000000000000010002000001002000000000200000000200000100000001010100002200020200 2
2 0 577236 531292 6 12 7 11 -1 -1 1010100020000000000000000000001000000000200000000000000010002000001002000000000200000000200000100000001010100002200020200 2
1 0 576498 531292 12 16 10 18 -1 -1 1010100020000000000000000000001000000000000000000020000010002000001002000000000200000000200000100000001010100002200020200 2
2 0 576498 527723 7 11 13 13 -1 -1 1010100020000000000000000000001000000000000000000020000010002000001002000000000200010000200000100000001010000002200020200 2
1 0 575552 527723 12 12 11 13 -1 -1 1010100020000000000000000000001000000000000000000000000010002000001002000000000200010000200000100000001010000002220020200 2
2 0 575552 525030 9 11 11 9 -1 -1 1010100020000000000000000000001000000000000000000000000010002000001002000000000200010000200010100000001000000002220020200 2
1 0 574366 525030 12 8 11 7 -1 -1 1010100020000000000000000000001000000000000000000000000010002000001000000000000200010000202010100000001000000002220020200 2
2 0 574366 522481 10 10 16 12 -1 -1 1010100020000000000000000000001000000000000000000000000010002000001000000000000200010000212010100000000000000002220020200 2
1 0 573371 522481 5 15 4 16 -1 -1 1010100020000000000000000000001000000000000000000000000010002000001000000000000000010000212010100000000000000002220020202 2
2 0 573371 519058 8 12 9 11 -1 -1 1010100020000000001000000000000000000000000000000000000010002000001000000000000000010000212010100000000000000002220020202 2
1 0 572402 519058 11 17 9 19 -1 -1 1010100020000000001000000000000000000000000000000000000010000000001002000000000000010000212010100000000000000002220020202 2
2 0 572402 515380 9 11 10 10 -1 -1 1010100020000000001000000000000000000000000000000000000010000000001002000100000000010000212010000000000000000002220020202 2
1 0 571572 515380 11 7 9 9 -1 -1 1010100020000000001000000000000000000000000000000000000010000000001000000100000200010000212010000000000000000002220020202 2
2 0 571572 513458 10 10 14 14 -1 -1 1010100020000000001000000000000000000000000000000000000010000000001010000100000200010000202010000000000000000002220020202 2
1 0 571060 513458 11 13 10 12 -1 -1 1010100020000000001000000000000000000000000000000000000010000000001010000100000000010000202010000000000000000002220022202 2
2 0 571060 511779 11 5 12 6 -1 -1 1010100020000000001000000000000000000000000000000000000010000000001010000100000010010000202000000000000000000002220022202 2
1 0 570459 511779 10 18 8 20 -1 -1 1010100020000000001000000000000000000000000000000000000010000000001010000100000010010000002000000000020000000002220022202 2
2 0 570459 510111 11 9 12 8 -1 -1 1010100020000000001000000000000000000000000000000000000010000000101010000100000010000000002000000000020000000002220022202 2
1 0 569981 510111 10 12 9 11 -1 -1 1010100020000000001000000000000000000000000000000000000010000000101010000100000010000000000000000000022000000002220022202 2
2 0 569981 509321 3 13 4 12 -1 -1 1010100020000000001000000000000000000000000000000000000010000000101011000100000000000000000000000000022000000002220022202 2
1 0 569621 509321 9 11 7 5 -1 -1 1010100000000000201000000000000000000000000000000000000010000000101011000100000000000000000000000000022000000002220022202 2
2 0 569621 508416 14 12 15 13 -1 -1 1010100000000000201000000000000000000000000000010000000010000000101010000100000000000000000000000000022000000002220022202 2
1 0 569305 508416 8 4 6 6 -1 -1 1010100000000000201000000000000000000000000000010000000010000000101010000100000000000000000000000000022000000002220002222 2
2 0 569305 507838 4 12 5 11 -1 -1 1010100000000000201000000000000000000100000000010000000000000000101010000100000000000000000000000000022000000002220002222 2
1 0 568983 507838 7 5 5 7 -1 -1 1010100000000000001000000000200000000100000000010000000000000000101010000100000000000000000000000000022000000002220002222 2
2 0 568983 507077 5 11 6 12 -1 -1 1010100000000000001000000010200000000100000000000000000000000000101010000100000000000000000000000000022000000002220002222 2
1 0 568425 507077 6 6 4 8 -1 -1 1010100000000000001000000010000000000100200000000000000000000000101010000100000000000000000000000000022000000002220002222 2
2 0 568425 506512 6 12 7 11 -1 -1 1010100000000010001000000010000000000000200000000000000000000000101010000100000000000000000000000000022000000002220002222 2
1 0 568090 506512 2 12 2 10 -1 -1 1010100000000010001000000010000000000000000000000020000000000000101010000100000000000000000000000000022000000002220002222 2
2 0 568090 505654 7 11 8 12 -1 -1 1011000000000010001000000010000000000000000000000020000000000000101010000100000000000000000000000000022000000002220002222 2
1 0 567768 505654 4 16 3 15 -1 -1 1011000000000010001000000010000000000000000000000000000000002000101010000100000000000000000000000000022000000002220002222 2
2 0 567768 504945 8 12 9 13 -1 -1 1011000001000010000000000010000000000000000000000000000000002000101010000100000000000000000000000000022000000002220002222 2
1 0 567535 504945 9 19 8 18 -1 -1 1011000001000010000000000010000000000000000000000000000000000000101010200100000000000000000000000000022000000002220002222 2
2 0 567535 504263 9 13 10 12 -1 -1 1011000001000010000000000010000000000000000000000000000000000001101010200000000000000000000000000000022000000002220002222 2
1 0 567236 504263 3 15 2 14 -1 -1 1011000001000010000000000010000000000000000000000000000000000001101010000000000020000000000000000000022000000002220002222 2
2 0 567236 503724 10 12 11 13 -1 -1 1011010000000010000000000010000000000000000000000000000000000001101010000000000020000000000000000000022000000002220002222 2
1 0 566872 503724 9 9 8 8 -1 -1 1011010000000010000000000010000000000000000000000000000000000001101010000000000000000000000020000000022000000002220002222 2
2 0 566872 503011 11 13 12 12 -1 -1 1011010000000010000000000010000000000000000000000000000000100001101000000000000000000000000020000000022000000002220002222 2
1 0 566487 503011 9 5 8 4 -1 -1 1011010000000010000000000010000000000000000000000000000000100001101000000000000000000000000000000000022020000002220002222 2
2 0 566487 502506 12 6 14 12 -1 -1 1011010000000010000000000010000000000000000000000000000010100001100000000000000000000000000000000000022020000002220002222 2
1 0 566295 502506 5 7 1 11 -1 -1 1011010000000010000000000010000000000000000000000000000010100001100000000000000000000000000000000000002020000002220022222 2
2 0 566295 502218 12 8 14 10 -1 -1 1111010000000010000000000000000000000000000000000000000010100001100000000000000000000000000000000000002020000002220022222 2
1 0 566100 502218 8 18 7 19 -1 -1 1111010000000010000000000000000000000000000000000000000010100001100000000000000000000000000000000000000020000002220222222 2
2 0 566100 502034 14 14 13 15 -1 -1 1111010000000010000000000000000000000000000000000000001010100000100000000000000000000000000000000000000020000002220222222 2
1 0 565904 502034 8 20 6 18 -1 -1 1111010000000010000000000000000000000000000000000000001010100000100000000000000000000000000000000000000020000002222220222 2
2 0 565904 501802 12 12 14 14 -1 -1 1111010000000010000000000000000000000000000100000000001010100000000000000000000000000000000000000000000020000002222220222 2
