1322295938000
progamers
kingfish
1 0 599395 600000 13 9 12 10 -1 -1 2222222222000000000000000000000000000000000000000000000000000000000000000000000000000000000000000000000000000001111111111 1
2 0 599395 599906 2 14 4 12 -1 -1 2222222222000000000000000000000000000000000000000000000000000000000000000000000000000000000000000000000100000000111111111 1
1 0 598375 599906 15 11 11 11 -1 -1 2222202222000000200000000000000000000000000000000000000000000000000000000000000000000000000000000000000100000000111111111 1
2 0 598375 599905 0 12 4 16 -1 -1 2222202222000000200000000000000000000000000000000000000000000000000000000000000000000000000100000000000100000000111111011 1
1 0 595556 599905 13 11 11 13 -1 -1 0222202222000000202000000000000000000000000000000000000000000000000000000000000000000000000100000000000100000000111111011 1
2 0 595556 599905 3 11 5 13 -1 -1 0222202222000000202000000000000000000000000000000000000000000000000000000000000000000000000110000000000100000000011111011 1
1 0 595416 599905 14 14 10 10 -1 -1 0222202022000000202000000000020000000000000000000000000000000000000000000000000000000000000110000000000100000000011111011 1
2 0 595416 599904 2 12 6 12 -1 -1 0222202022000000202000000000020000000000000000000000000000000000000000000000000100000000000110000000000100000000011110011 1
1 0 595089 599904 16 12 10 14 -1 -1 0222002022000000202000000000020000000000200000000000000000000000000000000000000100000000000110000000000100000000011110011 1
2 0 595089 599903 3 13 7 13 -1 -1 0222002022000000202000000000020000000000200000000000000000000000000000000000000101000000000110000000000100000000011110010 1
1 0 594634 599903 15 13 9 11 -1 -1 0222002002000000202000000000020000000000200000000002000000000000000000000000000101000000000110000000000100000000011110010 1
2 0 594634 593673 4 12 8 12 -1 -1 0222002002000000202000000000020000000000200000000002000000000000000001000000000101000000000110000000000100000000011110000 1
1 0 594267 593673 12 10 8 14 -1 -1 0222002002000000002000000000020000000000200000000002000000002000000001000000000101000000000110000000000100000000011110000 1
2 0 594267 588339 4 16 5 15 -1 -1 0222002002000000002000000000020000000000200000000002000000002100000001000000000101000000000110000000000000000000011110000 1
1 0 593558 588339 14 12 8 10 -1 -1 0222002002000000000000000000022000000000200000000002000000002100000001000000000101000000000110000000000000000000011110000 1
2 0 593558 584070 2 10 6 14 -1 -1 0222002002000000000000000000022000000000200000000002000000012100000001000000000101000000000110000000000000000000011100000 1
1 0 593277 584070 13 15 12 14 -1 -1 0220002002000000000000000000022000000000220000000002000000012100000001000000000101000000000110000000000000000000011100000 1
2 0 593277 579899 5 13 11 15 -1 -1 0220002002000000000000000000022000000000220000000002000000012100000001000000000101000000000110000000000001000000010100000 1
1 0 593119 579899 11 11 5 13 -1 -1 0220002002000000000000000000002000000000220000000002000000012100000001000000000101000000000112000000000001000000010100000 1
2 0 593119 575283 1 11 2 12 -1 -1 0220002002000000000000000000012000000000220000000002000000012100000001000000000101000000000012000000000001000000010100000 1
1 0 592971 575283 12 14 12 12 -1 -1 0020202002000000000000000000012000000000220000000002000000012100000001000000000101000000000012000000000001000000010100000 1
2 0 592971 570274 11 15 11 11 -1 -1 0020202002000000000000000000012000000000220000000002000000012100000001000000000101000000000012000000000010000000010100000 1
1 0 592796 570274 12 12 12 14 -1 -1 0020202002000000000000000000012000000000220000000002000000012100000001000000000101000000000210000000000010000000010100000 1
2 0 592796 565007 8 12 9 13 -1 -1 0020202002000000000000000000012000000000220000000002000000012100000001000000000101000000000210000000000001000000010100000 1
1 0 592623 565007 8 10 7 9 -1 -1 0020202002000000000000000000012000000000220000000002000000010100000001200000000101000000000210000000000001000000010100000 1
2 0 592623 560053 3 9 4 10 -1 -1 0020202002000000000000000000012000000000220000000102000000000100000001200000000101000000000210000000000001000000010100000 1
1 0 592300 560053 10 10 8 12 -1 -1 0020200002000002000000000000012000000000220000000102000000000100000001200000000101000000000210000000000001000000010100000 1
2 0 592300 554619 9 13 11 15 -1 -1 0020200002000002000000000000012000000000220000000102000000001100000001200000000001000000000210000000000001000000010100000 1
1 0 591999 554619 12 14 8 10 -1 -1 0020200002000002000000000000012000000000220000000102000000001100000001000000000001000000000212000000000001000000010100000 1
2 0 591999 548131 1 13 5 9 -1 -1 0020200002000002000000000000012000000000220000000102000000011100000001000000000001000000000212000000000000000000010100000 1
1 0 591557 548131 13 13 12 12 -1 -1 0000200002000002000000000002012000000000220000000102000000011100000001000000000001000000000212000000000000000000010100000 1
2 0 591557 540335 11 11 13 13 -1 -1 0000200002000002000000000002012000000000220000000102000000011100000001000000000001000000000212000000000010000000000100000 1
1 0 591339 540335 14 10 13 11 -1 -1 0000200002000002000000000002012000000000220000000102000000011100000001000000000001000000000012000000000010000000020100000 1
2 0 591339 533196 4 10 6 8 -1 -1 0000200002000002000000000002012000000000220000000102000000011100000001000000000001000000000012000000000010000000120000000 1
1 0 591193 533196 7 9 5 11 -1 -1 0000200002000000000000000002012000000020220000000102000000011100000001000000000001000000000012000000000010000000120000000 1
2 0 591193 527257 6 8 6 10 -1 -1 0000200002000000000000000002112000000020220000000002000000011100000001000000000001000000000012000000000010000000120000000 1
1 0 590970 527257 11 13 9 15 -1 -1 0000200002000000000000000002112000000002220000000002000000011100000001000000000001000000000012000000000010000000120000000 1
2 0 590970 519677 5 9 9 17 -1 -1 0000200002000000000000000002112000000002220000000002000000011100000001010000000001000000000002000000000010000000120000000 1
1 0 590767 519677 13 11 11 13 -1 -1 0000200002000000000000000000112000000002220000000002000000011100000001012000000001000000000002000000000010000000120000000 1
2 0 590767 512887 9 17 10 16 -1 -1 0000200002000000000000000000112000000002220000000002000000011100000001012000000001000000000012000000000010000000020000000 1
1 0 590555 512887 10 14 9 13 -1 -1 0000200002000000000000000000112000000002220000000002000000011100000001010000000001200000000012000000000010000000020000000 1
2 0 590555 507413 6 10 7 11 -1 -1 0000200002000000000000000000112000000002220000000002000000011100000001110000000000200000000012000000000010000000020000000 1
1 0 590375 507413 12 12 8 16 -1 -1 0000200002000000000000000000112000000000220000000022000000011100000001110000000000200000000012000000000010000000020000000 1
2 0 590375 501725 10 16 14 12 -1 -1 0000200002000000000000000000112000000000220000000022000000011110000001110000000000200000000012000000000000000000020000000 1
1 0 590308 501725 5 13 4 12 -1 -1 0000200002000000000000000000112000000000220000000022000000011110000001110000000000000000000012000000000000000000020020000 1
2 0 590308 497878 5 15 5 13 -1 -1 0000200002000000100000000000102000000000220000000022000000011110000001110000000000000000000012000000000000000000020020000 1
1 0 590186 497878 11 13 10 14 -1 -1 0000200002000000100000000000120000000000220000000022000000011110000001110000000000000000000012000000000000000000020020000 1
2 0 590186 493682 7 11 9 17 -1 -1 0000200002000000100000000000120000000000220000000022000000011110000001110000000001000000000002000000000000000000020020000 1
1 0 590053 493682 8 16 7 15 -1 -1 0000200002000000100000000000120000000000220000000002000000011110000001112000000001000000000002000000000000000000020020000 1
2 0 590053 489060 2 12 3 11 -1 -1 0000200002000000100000000000120000000000220000000002100000011100000001112000000001000000000002000000000000000000020020000 1
1 0 589901 489060 9 13 7 11 -1 -1 0000000202000000100000000000120000000000220000000002100000011100000001112000000001000000000002000000000000000000020020000 1
2 0 589901 482045 6 14 10 18 -1 -1 0000000202000000100000000000120000000000220000000012100000011100000001012000000001000000000002000000000000000000020020000 1
1 0 589676 482045 10 14 6 10 -1 -1 0000000202000000100000000000120000000000200000000012100000011100000001012000000001020000000002000000000000000000020020000 1
2 0 589676 475552 5 13 6 14 -1 -1 0000000202000000100000000000120000000001200000000012100000011100000001012000000000020000000002000000000000000000020020000 1
1 0 589470 475552 7 15 5 13 -1 -1 0000000202000000100000000000100000000001220000000012100000011100000001012000000000020000000002000000000000000000020020000 1
2 0 589470 470773 3 15 3 13 -1 -1 0000000202000000100000000000110000000001220000000012000000011100000001012000000000020000000002000000000000000000020020000 1
1 0 589347 470773 7 11 5 9 -1 -1 0000000220000000100000000000110000000001220000000012000000011100000001012000000000020000000002000000000000000000020020000 1
2 0 589347 464295 9 17 11 19 -1 -1 0000000220000000100000000001110000000001220000000002000000011100000001012000000000020000000002000000000000000000020020000 1
1 0 589219 464295 9 11 7 9 -1 -1 0000000220000000100000000001110000000001220000000002000000011100000001010000000000020000000002020000000000000000020020000 1
2 0 589219 460675 3 11 4 10 -1 -1 0000000220000000100000000001110000000001220000000102000000011100000000010000000000020000000002020000000000000000020020000 1
1 0 589096 460675 5 9 3 11 -1 -1 0000000020000002100000000001110000000001220000000102000000011100000000010000000000020000000002020000000000000000020020000 1
2 0 589096 454629 6 14 7 15 -1 -1 0000000120000002100000000000110000000001220000000102000000011100000000010000000000020000000002020000000000000000020020000 1
1 0 588824 454629 9 15 9 13 -1 -1 0000000120000002100000000000110000000001200000000102200000011100000000010000000000020000000002020000000000000000020020000 1
2 0 588824 447037 7 13 9 15 -1 -1 0000000120000002100000000000110000000001200000000102200000011100000000100000000000020000000002020000000000000000020020000 1
1 0 588560 447037 9 13 5 9 -1 -1 0000000120000002100000000000110000000001200000000100200000011100000000120000000000020000000002020000000000000000020020000 1
2 0 588560 437680 7 15 9 17 -1 -1 0000000120000002100000000001110000000001200000000100200000011100000000020000000000020000000002020000000000000000020020000 1
1 0 588340 437680 4 12 2 10 -1 -1 0000000120000002100000000001110000000001200000000100000000011100000000022000000000020000000002020000000000000000020020000 1
2 0 588340 432538 9 17 10 16 -1 -1 0001000120000002000000000001110000000001200000000100000000011100000000022000000000020000000002020000000000000000020020000 1
1 0 588070 432538 6 10 2 14 -1 -1 0001000120000002000000000001110000000001200000000100000000011100000000020000000000220000000002020000000000000000020020000 1
2 0 588070 424800 10 18 12 16 -1 -1 0001010120000002000000000001110000000000200000000100000000011100000000020000000000220000000002020000000000000000020020000 1
1 0 587731 424800 8 12 4 12 -1 -1 0001010120000002000000000001110000000000200000000100000000011100000000020000000000200000000002020000000000200000020020000 1
2 0 587731 415930 9 15 15 13 -1 -1 0001010120000002100000000001110000000000200000000100000000010100000000020000000000200000000002020000000000200000020020000 1
1 0 587576 415930 7 9 6 10 -1 -1 0001010120000002100000000001110000000000200000000100000000010100000000000000000000200000000002020000000000200000020020020 1
2 0 587576 403342 10 16 11 17 -1 -1 0001010120000002100000000001110000000001200000000000000000010100000000000000000000200000000002020000000000200000020020020 1
1 0 587442 403342 8 10 7 11 -1 -1 0001010120000002100000000001110000000001200000000000000000010100000000000000000000000000000002220000000000200000020020020 1
2 0 587442 397187 11 17 13 15 -1 -1 0001010120000002100000000001110000000001200000000010000000000100000000000000000000000000000002220000000000200000020020020 1
1 0 587310 397187 8 14 7 13 -1 -1 0001010120000002100000000001110000000001200000000010000000000100000000000000000000000000000002020000000000200000022020020 1
2 0 587310 394384 6 12 8 14 -1 -1 0001010120000002100000000001110000000001200000000011000000000000000000000000000000000000000002020000000000200000022020020 1
1 0 587044 394384 7 11 6 12 -1 -1 0001010120000002100000000001110000000001000000000011000000000200000000000000000000000000000002020000000000200000022020020 1
2 0 587044 389967 12 16 16 12 -1 -1 0001010120000002100000000001110000000001100000000001000000000200000000000000000000000000000002020000000000200000022020020 1
1 0 586844 389967 5 11 1 11 -1 -1 0001010120000002100000000001110000000001100000000001000000000200000000000000000000000000000002020000000000000000022020022 1
2 0 586844 385868 3 13 7 9 -1 -1 0101010120000002100000000001010000000001100000000001000000000200000000000000000000000000000002020000000000000000022020022 1
1 0 586497 385868 7 13 3 13 -1 -1 0101010100000002100000000001010000000001100000000201000000000200000000000000000000000000000002020000000000000000022020022 1
2 0 586497 383342 7 9 9 15 -1 -1 0101010110000002100000000001010000000001100000000200000000000200000000000000000000000000000002020000000000000000022020022 1
1 0 586257 383342 3 11 1 13 -1 -1 0101010110000002100000000001010000000001100000000000000000000200000000020000000000000000000002020000000000000000022020022 1
2 0 586257 381157 8 14 12 14 -1 -1 0111010010000002100000000001010000000001100000000000000000000200000000020000000000000000000002020000000000000000022020022 1
1 0 585987 381157 5 9 3 11 -1 -1 0111010010000002100000000001010000000001100000000000000000000000000000020000000000000000000002020000000002000000022020022 1
2 0 585987 379598 9 15 10 14 -1 -1 0111010110000002100000000000010000000001100000000000000000000000000000020000000000000000000002020000000002000000022020022 1
1 0 585798 379598 2 10 0 12 -1 -1 0111010110000002100000000000010000000001100000000000000000000000000000000000000002000000000002020000000002000000022020022 1
2 0 585798 378398 10 14 14 14 -1 -1 1110010110000002100000000000010000000001100000000000000000000000000000000000000002000000000002020000000002000000022020022 1
1 0 585662 378398 4 12 2 10 -1 -1 1110010110000002100000000000010000000001100000000000000000000000000000000000000000000000000002020000000002000000022022022 1
2 0 585662 376890 13 13 13 11 -1 -1 1111010110000002000000000000010000000001100000000000000000000000000000000000000000000000000002020000000002000000022022022 1
1 0 585466 376890 6 10 4 12 -1 -1 1111010110000002000000000000010000000001100000000000000000000000000000000000000000000000000002020000000002000000202022022 1
2 0 585466 375889 11 15 15 11 -1 -1 1111010110000002100000000000010000000000100000000000000000000000000000000000000000000000000002020000000002000000202022022 1
1 0 581476 375889 3 11 3 9 -1 -1 1111010110000002100000000000010000000000100000000000000000000000000000000000000000000000000000020000000002000000202022222 1
2 0 581476 375172 4 10 4 14 -1 -1 1111011010000002100000000000010000000000100000000000000000000000000000000000000000000000000000020000000002000000202022222 1
1 0 578556 375172 1 13 2 12 -1 -1 1111011010000000120000000000010000000000100000000000000000000000000000000000000000000000000000020000000002000000202022222 1
2 0 578556 374440 4 14 5 15 -1 -1 1101111010000000120000000000010000000000100000000000000000000000000000000000000000000000000000020000000002000000202022222 1
1 0 574003 374440 2 12 1 13 -1 -1 1101111010000000100000000000012000000000100000000000000000000000000000000000000000000000000000020000000002000000202022222 1
2 0 574003 373809 5 15 7 13 -1 -1 1111011010000000100000000000012000000000100000000000000000000000000000000000000000000000000000020000000002000000202022222 1
1 0 573909 373809 6 12 2 12 -1 -1 1111011010000000100000000000010000000000100000000002000000000000000000000000000000000000000000020000000002000000202022222 1
2 0 573909 373396 7 13 8 12 -1 -1 1111111010000000100000000000010000000000000000000002000000000000000000000000000000000000000000020000000002000000202022222 1
1 0 573907 373396 5 13 3 15 -1 -1 1111111010000000100000000000010000000000000000000000000000002000000000000000000000000000000000020000000002000000202022222 1
2 0 573907 373259 12 14 13 13 -1 -1 1111111011000000100000000000000000000000000000000000000000002000000000000000000000000000000000020000000002000000202022222 1
1 0 573906 373259 4 12 3 11 -1 -1 1111111011000000100000000000000000000000000000000000000000002000000000000000000000000000000000020000000000000000222022222 1
