1322292779000
googolhex
kingfish
1 0 599544 600000 13 11 12 10 -1 -1 2222222222000000000000000000000000000000000000000000000000000000000000000000000000000000000000000000000000000001111111111 2
2 0 599544 599903 2 14 4 12 -1 -1 2222222222000000000000000000000000000000000000000000000000000000000000000000000000000000000000000000000100000001011111111 2
1 0 598852 599903 13 15 11 9 -1 -1 2222202222000000200000000000000000000000000000000000000000000000000000000000000000000000000000000000000100000001011111111 2
2 0 598852 599902 0 12 4 16 -1 -1 2222202222000000200000000000000000000000000000000000000000000000000000000000000000000000001000000000000100000001010111111 2
1 0 597769 599902 14 14 10 10 -1 -1 0222202222000000202000000000000000000000000000000000000000000000000000000000000000000000001000000000000100000001010111111 2
2 0 597769 599901 3 11 5 13 -1 -1 0222202222000000202000000000000000000000000000000000000000000000000000000000000100000000001000000000000100000001010110111 2
1 0 595380 599901 16 12 12 12 -1 -1 0222202022000000202000000000020000000000000000000000000000000000000000000000000100000000001000000000000100000001010110111 2
2 0 595380 599900 2 12 6 12 -1 -1 0222202022000000202000000000020000000000000000000000000000000000000000000000000100000000001000000000000110000001010110110 2
1 0 591186 599900 15 13 11 13 -1 -1 0222002022000000202000000000020000000000200000000000000000000000000000000000000100000000001000000000000110000001010110110 2
2 0 591186 599899 3 13 7 13 -1 -1 0222002022000000202000000000020000000000200000000000000000000000000000000000000100000000001010000000000110000001010110100 2
1 0 583994 599899 14 12 10 8 -1 -1 0222002002000000202000000000020000000000200000000002000000000000000000000000000100000000001010000000000110000001010110100 2
2 0 583994 599724 4 12 8 12 -1 -1 0222002002000000202000000000020000000000200000000002000000000000000000000000001100000000001010000000000110000001010100100 2
1 0 577680 599724 13 13 9 9 -1 -1 0222002002000000002000000000020000000000200000000002000000002000000000000000001100000000001010000000000110000001010100100 2
2 0 577680 593789 3 9 4 10 -1 -1 0222002002000000002000000000020000000000200000000002000000002000000010000000001100000000001010000000000110000001000100100 2
1 0 572086 593789 12 12 12 8 -1 -1 0222000002000002002000000000020000000000200000000002000000002000000010000000001100000000001010000000000110000001000100100 2
2 0 572086 591002 1 11 5 15 -1 -1 0222000002000002002000000000020000000000200000000002000000002000000010000000001100000000001010000000001100000001000100100 2
1 0 569251 591002 11 13 10 12 -1 -1 0022000002000002002000000000022000000000200000000002000000002000000010000000001100000000001010000000001100000001000100100 2
2 0 569251 585044 5 13 11 11 -1 -1 0022000002000002002000000000022000000000200000000002000000002000000010000000001110000000001000000000001100000001000100100 2
1 0 567964 585044 9 9 8 8 -1 -1 0022000002000002002000000000002000000000200000000002000000002000000010000000001110000000001200000000001100000001000100100 2
2 0 567964 581586 3 15 7 11 -1 -1 0022000002000002002000000000002000000000200000000002000000102000000000000000001110000000001200000000001100000001000100100 2
1 0 566737 581586 13 9 9 9 -1 -1 0022000000000002002000000000002000000000200000000022000000102000000000000000001110000000001200000000001100000001000100100 2
2 0 566737 576780 11 11 13 9 -1 -1 0022000000000002002000000000002000000000200000000022000000102000000010000000001110000000001200000000001100000000000100100 2
1 0 565141 576780 14 10 13 11 -1 -1 0022000000000002002000000000002000000000200000000022000000102000000010000000001110000000001000000000001100000002000100100 2
2 0 565141 571773 4 16 6 14 -1 -1 0022000000000002002000000000002000000000200000000022000000102000000010000000001110000000001000000000001100000002100000100 2
1 0 562886 571773 15 11 14 10 -1 -1 0022000000000002000000000000002000000000220000000022000000102000000010000000001110000000001000000000001100000002100000100 2
2 0 562886 567707 2 10 3 9 -1 -1 0022000000000002000000000000002000000000220000000022000000102000000010000000001110000000001000000000001100000002100100000 2
1 0 561288 567707 11 9 9 11 -1 -1 0020002000000002000000000000002000000000220000000022000000102000000010000000001110000000001000000000001100000002100100000 2
2 0 561288 562581 7 13 11 9 -1 -1 0020002000000002000000000000002000000000220000000022000000102000000011000000001110000000000000000000001100000002100100000 2
1 0 553401 562581 10 12 8 10 -1 -1 0020002000000002000000000000002000000000220000000020000000102000000011000000001110000000002000000000001100000002100100000 2
2 0 553401 559594 3 9 7 13 -1 -1 0020002000000002000000000000002000000000220000000020000000112000000011000000001100000000002000000000001100000002100100000 2
1 0 550206 559594 14 10 12 12 -1 -1 0020000000000002000000000000002000000000220000000022000000112000000011000000001100000000002000000000001100000002100100000 2
2 0 550206 555699 1 13 2 12 -1 -1 0020000000000002000000000000002000000000220000000022000000112000000011000000001100000000002000000000001110000002100000000 2
1 0 545670 555699 9 11 7 9 -1 -1 0000200000000002000000000000002000000000220000000022000000112000000011000000001100000000002000000000001110000002100000000 2
2 0 545670 551821 8 12 9 13 -1 -1 0000200000000002000000000000002000000000220000000122000000112000000010000000001100000000002000000000001110000002100000000 2
1 0 538068 551821 12 12 11 11 -1 -1 0000200000000002000000000000002000000000220000000122000000110000000010200000001100000000002000000000001110000002100000000 2
2 0 538068 548482 6 14 10 14 -1 -1 0000200000000002000000000000002000000000220000000122000000110000000010200000001100000000002100000000001100000002100000000 2
1 0 529008 548482 12 10 10 12 -1 -1 0000200000000002000000000000002000000000200000000122000000110000000010200000001102000000002100000000001100000002100000000 2
2 0 529008 543979 6 12 8 14 -1 -1 0000200000000002000000000000002000000000200000000122000000110000000010200000001112000000002100000000001000000002100000000 2
1 0 519349 543979 10 12 9 11 -1 -1 0000200000000002000000000000002000000000000000000122000000110200000010200000001112000000002100000000001000000002100000000 2
2 0 519349 537984 7 13 11 13 -1 -1 0000200000000002000000000000002000000000000000000122000000110200000011200000001102000000002100000000001000000002100000000 2
1 0 507473 537984 10 10 6 10 -1 -1 0000200000000002000000000000002000000000000000000120000000110200000011200000001102000000002120000000001000000002100000000 2
2 0 507473 530677 8 14 12 14 -1 -1 0000200000000002000000000000002000000001000000000120000000110200000011200000001002000000002120000000001000000002100000000 2
1 0 498863 530677 13 11 14 10 -1 -1 0000200000000002000000000000002000000001000000000120000000110000000011200000001002000000002120000000001002000002100000000 2
2 0 498863 525221 9 13 13 13 -1 -1 0000200000000002000000000000002000000001000000000120000000110000000011200000001002000000002120000000001002000002000100000 2
1 0 492114 525221 6 10 5 11 -1 -1 0000200000000002000000000000002000000001000000000120000000110000000011000000001002000000002120000000001002000002020100000 2
2 0 492114 519311 7 11 8 12 -1 -1 0000200000000002000000000000102000000000000000000120000000110000000011000000001002000000002120000000001002000002020100000 2
1 0 485019 519311 8 8 4 12 -1 -1 0000200000000002000000000000102000000000000000000100000000112000000011000000001002000000002120000000001002000002020100000 2
2 0 485019 514028 8 12 10 10 -1 -1 0000200000000002100000000000102000000000000000000100000000012000000011000000001002000000002120000000001002000002020100000 2
1 0 480226 514028 14 10 13 11 -1 -1 0000200000000002100000000000102000000000000000000100000000010000000011000000001202000000002120000000001002000002020100000 2
2 0 480226 507572 10 14 14 14 -1 -1 0000200000000002100000000000102000000000000000000100000000010000000011000000001202000000002120000000001002000002120000000 2
1 0 473922 507572 13 11 12 10 -1 -1 0000200000000002100000000000102000000000000000000100000000010000000011000000001200000000002120000000001002000002120002000 2
2 0 473922 501955 11 9 13 11 -1 -1 0000200000000002100000000000102000000000000000000100000000010000000011000000001200000000002120000000001102000002020002000 2
1 0 468646 501955 12 10 11 9 -1 -1 0000200000000002100000000000102000000000000000000100000000010000000011000000001200000000000120000000001102000002220002000 2
2 0 468646 495240 11 13 15 13 -1 -1 0000200000000002100000000000102000000000000000000100000000010000000011000000001200000000001120000000001002000002220002000 2
1 0 468644 495240 5 11 1 11 9 13 0000200000000002100000000000102000000000000000000100000000010000000011000000001200000000001100000000001002000002220002020 2
2 0 468644 491236 2 12 3 11 -1 -1 0100200000000002100000000000002000000000000000000100000000010000000011300000001200000000001100000000001002000002220002020 2
1 0 468644 491236 4 12 0 12 -1 -1 0100000200000002100000000000002000000000000000000100000000010000000011300000001200000000001100000000001002000002220002020 2
2 0 468644 487458 10 10 14 10 -1 -1 1100000200000002000000000000002000000000000000000100000000010000000011300000001200000000001100000000001002000002220002020 2
1 0 468643 487458 12 8 6 10 -1 -1 1100000200000002000000000000002000000000000000000100000000010000000011300000001000000000001100000000001002000002220202020 2
2 0 468643 484980 3 11 7 11 -1 -1 1100000200000002000000000000002000000001000000000100000000010000000011300000001000000000001100000000000002000002220202020 2
1 0 468642 484980 7 9 3 9 -1 -1 1100000000000002000000000000002000000001000000000120000000010000000011300000001000000000001100000000000002000002220202020 2
2 0 468642 481801 4 10 5 11 -1 -1 1100001000000002000000000000002000000001000000000020000000010000000011300000001000000000001100000000000002000002220202020 2
1 0 468642 481801 8 10 4 10 5 13 1100001000000000000000000000202000000001000000000020000000010000000011300000001000000000001100000000000002000002220202020 2
2 0 468642 478063 5 11 6 12 -1 -1 1100001000000001000000000000232000000001000000000020000000000000000011300000001000000000001100000000000002000002220202020 2
1 0 468642 478063 6 10 2 10 -1 -1 1100001000000001000000000000032000000001200000000020000000000000000011300000001000000000001100000000000002000002220202020 2
2 0 468642 471473 6 12 14 12 -1 -1 1101001000000001000000000000032000000000200000000020000000000000000011300000001000000000001100000000000002000002220202020 2
1 0 468641 471473 10 8 4 14 -1 -1 1101001000000001000000000000032000000000000000000020000000000000000011300000001000000000001100000000000002000002220222020 2
2 0 468641 468063 7 11 8 10 -1 -1 1101001000000001010000000000032000000000000000000020000000000000000011300000000000000000001100000000000002000002220222020 2
1 0 468640 468063 9 11 7 9 -1 -1 1101001000000001010000000000032000000000000000000000000000020000000011300000000000000000001100000000000002000002220222020 2
2 0 468640 464979 8 10 12 10 -1 -1 1101001000000001010000000000032000000000000000000100000000020000000010300000000000000000001100000000000002000002220222020 2
1 0 468640 464979 11 9 10 10 -1 -1 1101001000000001010000000000032000000000000000000100000000000000000010300000000000000000001100000000000202000002220222020 2
2 0 468640 463505 12 14 13 15 -1 -1 1101001000000001010000000000032000000000000000000100000000000000000010300000000100000000000100000000000202000002220222020 2
1 0 468639 463505 10 10 6 10 -1 -1 1101001000000001010000000000032000000000000000000100000000000000000010300000000100000000000100000000000200000002222222020 2
2 0 468639 462637 5 15 6 14 -1 -1 1101001000000001010000000000032000000001000000000100000000000000000010300000000000000000000100000000000200000002222222020 2
1 0 468638 462637 7 9 3 13 -1 -1 1101001000000001010000000000030000000001020000000100000000000000000010300000000000000000000100000000000200000002222222020 2
2 0 468638 461715 6 14 7 13 -1 -1 1101001010000001010000000000030000000001020000000000000000000000000010300000000000000000000100000000000200000002222222020 2
1 0 468638 461715 4 14 2 12 -1 -1 1101001010000001010000000000030000000001000000000002000000000000000010300000000000000000000100000000000200000002222222020 2
2 0 468638 461018 7 13 8 12 -1 -1 1101101010000001000000000000030000000001000000000002000000000000000010300000000000000000000100000000000200000002222222020 2
1 0 468638 461018 11 11 10 12 -1 -1 1101101010000001000000000000030000000001000000000000000000002000000010300000000000000000000100000000000200000002222222020 2
2 0 468638 460241 8 12 10 10 -1 -1 1101101010000001000000000000030000000001000000000000000000002000000010300000000010000000000000000000000200000002222222020 2
1 0 468637 460241 10 12 8 14 -1 -1 1101101010000001000000000000030000000001000000000000000000000000000010300000000210000000000000000000000200000002222222020 2
2 0 468637 459338 10 10 11 11 -1 -1 1101101010000001000000000000030000000001000000000000000000000100000010300000000200000000000000000000000200000002222222020 2
1 0 468637 459338 9 9 8 8 -1 -1 1101101010000001000000000000030000000001000000000000000000000100000010300000000000000000000200000000000200000002222222020 2
2 0 468637 458624 13 9 15 11 -1 -1 1101101010000001000000000000030000000001000000000000000000100100000000300000000000000000000200000000000200000002222222020 2
1 0 468636 458624 8 14 7 15 -1 -1 1101101010000001000000000000030000000001000000000000000000100100000000300000000000000000000200000000000200000000222222220 2
2 0 468636 458059 11 11 13 9 -1 -1 1101101010000001000000000000030000000001000000000000100000100000000000300000000000000000000200000000000200000000222222220 2
1 0 468636 458059 8 8 7 7 -1 -1 1101101010000001000000000000030000000001000000000000100000100000000000300000000000000000000000000000000200000002222222220 2
2 0 468636 457735 12 10 12 12 -1 -1 1101101010000001000000000000030000000001000000001000100000000000000000300000000000000000000000000000000200000002222222220 2
1 0 468636 457735 7 15 6 16 -1 -1 1101101010000001000000000000030000000001000000001000100000000000000000300000000000000000000000000000000020000002222222220 2
2 0 468636 457144 14 10 16 12 -1 -1 1101101010000001000000000000030000000001001000001000000000000000000000300000000000000000000000000000000020000002222222220 2
1 0 468635 457144 7 7 6 8 -1 -1 1101101010000001000000000000030000000001001000001000000000000000000000300000000000000000000000000000000020000002222022222 2
2 0 468635 456820 12 12 14 10 -1 -1 1101101010000001000000000000030000000011001000000000000000000000000000300000000000000000000000000000000020000002222022222 2
