1322287117000
progamers
kingfish
1 0 599386 600000 13 9 12 10 -1 -1 2222222222000000000000000000000000000000000000000000000000000000000000000000000000000000000000000000000000000001111111111 1
2 0 599386 599910 2 14 4 12 -1 -1 2222222222000000000000000000000000000000000000000000000000000000000000000000000000000000000000000000000100000000111111111 1
1 0 598332 599910 15 11 11 11 -1 -1 2222202222000000200000000000000000000000000000000000000000000000000000000000000000000000000000000000000100000000111111111 1
2 0 598332 599909 0 12 4 16 -1 -1 2222202222000000200000000000000000000000000000000000000000000000000000000000000000000000000100000000000100000000111111011 1
1 0 595517 599909 13 11 11 13 -1 -1 0222202222000000202000000000000000000000000000000000000000000000000000000000000000000000000100000000000100000000111111011 1
2 0 595517 599908 3 11 5 13 -1 -1 0222202222000000202000000000000000000000000000000000000000000000000000000000000000000000000110000000000100000000011111011 1
1 0 595378 599908 14 14 10 10 -1 -1 0222202022000000202000000000020000000000000000000000000000000000000000000000000000000000000110000000000100000000011111011 1
2 0 595378 599907 2 12 6 12 -1 -1 0222202022000000202000000000020000000000000000000000000000000000000000000000000100000000000110000000000100000000011110011 1
1 0 595055 599907 16 12 10 14 -1 -1 0222002022000000202000000000020000000000200000000000000000000000000000000000000100000000000110000000000100000000011110011 1
2 0 595055 599906 3 13 7 13 -1 -1 0222002022000000202000000000020000000000200000000000000000000000000000000000000101000000000110000000000100000000011110010 1
1 0 594606 599906 15 13 9 11 -1 -1 0222002002000000202000000000020000000000200000000002000000000000000000000000000101000000000110000000000100000000011110010 1
2 0 594606 595208 4 12 8 12 -1 -1 0222002002000000202000000000020000000000200000000002000000000000000001000000000101000000000110000000000100000000011110000 1
1 0 594241 595208 12 10 8 14 -1 -1 0222002002000000002000000000020000000000200000000002000000002000000001000000000101000000000110000000000100000000011110000 1
2 0 594241 586061 5 13 9 13 -1 -1 0222002002000000002000000000020000000000200000000002000000002100000001000000000101000000000110000000000000000000011110000 1
1 0 593847 586061 14 12 8 10 -1 -1 0222002002000000002000000000000000000000200000000002000000002100000001200000000101000000000110000000000000000000011110000 1
2 0 593847 582320 6 12 7 11 -1 -1 0222002002000000002000000000000000000000200000000002000000012100000001200000000101000000000110000000000000000000011100000 1
1 0 593632 582320 14 10 14 12 -1 -1 0222002002000000002000000000000000000000000000000022000000012100000001200000000101000000000110000000000000000000011100000 1
2 0 593632 579844 9 13 10 12 -1 -1 0222002002000000002000000000000000000000000000000022000000012100000001200000000101000000000110000000000000000000011010000 1
1 0 593448 579844 14 12 12 14 -1 -1 0222002002000000002000000000000000000000000000000022000000012100000001000000000121000000000110000000000000000000011010000 1
2 0 593448 578401 3 9 4 10 -1 -1 0222002002000000002000000000000000000000000000000022000000012100000001000000000121000000000110000000000001000000011000000 1
1 0 593384 578401 13 13 9 13 -1 -1 0222000002000002002000000000000000000000000000000022000000012100000001000000000121000000000110000000000001000000011000000 1
2 0 593384 578240 1 11 5 11 -1 -1 0222000002000002002000000000000000000000000000000022000000012100000001100000000121000000000110000000000001000000001000000 1
1 0 593277 578240 11 13 9 15 -1 -1 0022000002000002002000000000200000000000000000000022000000012100000001100000000121000000000110000000000001000000001000000 1
2 0 593277 577668 4 10 6 12 -1 -1 0022000002000002002000000000200000000000000000000022000000012100000001110000000121000000000100000000000001000000001000000 1
1 0 593142 577668 9 13 7 15 -1 -1 0022000002000000002000000000200000000000200000000022000000012100000001110000000121000000000100000000000001000000001000000 1
2 0 593142 568499 6 12 6 14 -1 -1 0022000002000000002000000000200000000000200000000022100000012100000001010000000121000000000100000000000001000000001000000 1
1 0 592995 568499 7 15 5 9 -1 -1 0022000002000000002000000000200000000000020000000022100000012100000001010000000121000000000100000000000001000000001000000 1
2 0 592995 563609 7 11 13 13 -1 -1 0022000002000000002000000001200000000000020000000022000000012100000001010000000121000000000100000000000001000000001000000 1
1 0 592779 563609 13 15 11 9 -1 -1 0022000002000000002000000001200000000000020000000002000000012100000001010000000121000000000100000000000001000000021000000 1
2 0 592779 558282 5 11 5 13 -1 -1 0022000002000000002000000001200000000000020000000002000000012100000001010000000121000000001100000000000001000000020000000 1
1 0 592505 558282 11 11 7 15 -1 -1 0022000002000000002000000001020000000000020000000002000000012100000001010000000121000000001100000000000001000000020000000 1
2 0 592505 556935 5 13 6 12 -1 -1 0022000002000000002000000001020000000000020000000002100000012100000001010000000121000000001000000000000001000000020000000 1
1 0 592385 556935 12 14 11 15 -1 -1 0022000002000000002000000001000000000000220000000002100000012100000001010000000121000000001000000000000001000000020000000 1
2 0 592385 551131 6 12 7 11 -1 -1 0022000002000000002000000001000000000000220000000002100000012100000001010000000121000000001001000000000000000000020000000 1
1 0 592288 551131 7 15 5 13 -1 -1 0022000002000000002000000001000000000000020000000022100000012100000001010000000121000000001001000000000000000000020000000 1
2 0 592288 547173 10 12 14 12 -1 -1 0022000002000000002000000001010000000000020000000022000000012100000001010000000121000000001001000000000000000000020000000 1
1 0 592078 547173 11 15 7 15 -1 -1 0022000002000000002000000001010000000000020000000022000000012100000001010000000101000000001001000000000000000000020020000 1
2 0 592078 545429 3 15 4 14 -1 -1 0022000002000000002000000001010000000000020000000022100000012100000001010000000101000000001000000000000000000000020020000 1
1 0 591915 545429 8 10 6 12 -1 -1 0022000000000000022000000001010000000000020000000022100000012100000001010000000101000000001000000000000000000000020020000 1
2 0 591915 543826 7 11 11 11 -1 -1 0022000000000000022000000001010000000000120000000022100000002100000001010000000101000000001000000000000000000000020020000 1
1 0 591762 543826 9 15 8 16 -1 -1 0022000000000000022000000001010000000000120000000002100000002100000001010000000101000000001200000000000000000000020020000 1
2 0 591762 541531 11 11 12 12 -1 -1 0022000000000000022000000001010000000000120000000002100000002110000001000000000101000000001200000000000000000000020020000 1
1 0 591382 541531 9 11 8 10 -1 -1 0022000000000000022000000001010000000000120000000002100000002110000001000000000101000000001000000000000020000000020020000 1
2 0 591382 536347 8 12 9 11 -1 -1 0022000000000000022000000001010000000000120000000002100000012110000000000000000101000000001000000000000020000000020020000 1
1 0 590755 536347 10 14 9 15 -1 -1 0022000000000000022000000001010000000000120000000002100000010110000002000000000101000000001000000000000020000000020020000 1
2 0 590755 534561 12 12 13 11 -1 -1 0022000000000000022000000001010000000000120000000002100000010110000002010000000100000000001000000000000020000000020020000 1
1 0 590606 534561 11 9 11 11 -1 -1 0022000000000000022000000001010000000000120000000002100000010110000002010000000100000000001000000000000000000000220020000 1
2 0 590606 530057 9 11 9 9 -1 -1 0022000000000000022000000001010000000000120000000002100000010110000002010000000100000000000100000000000000000000220020000 1
1 0 590473 530057 10 10 8 12 -1 -1 0022000000000000022000000001010000000000120000000002100000010110000020010000000100000000000100000000000000000000220020000 1
2 0 590473 528966 4 16 5 15 -1 -1 0022000000000000022000000001010000000000120000000002100000011110000020010000000000000000000100000000000000000000220020000 1
1 0 590401 528966 8 10 7 11 -1 -1 0022000000000000020000000001012000000000120000000002100000011110000020010000000000000000000100000000000000000000220020000 1
2 0 590401 528126 9 9 10 10 -1 -1 0022000000000000020000000001012000000000120000000012100000001110000020010000000000000000000100000000000000000000220020000 1
1 0 590263 528126 11 11 9 9 -1 -1 0022000000000000020000000001012000000000120000000012100000001110000000010000000200000000000100000000000000000000220020000 1
2 0 590263 527080 7 13 11 9 -1 -1 0022000000000000020000000001012000000000120000000012100000001110000010010000000200000000000000000000000000000000220020000 1
1 0 590062 527080 9 15 5 11 -1 -1 0022000000000000020000000001012000000000120000000010100000001110000010010000000200000000002000000000000000000000220020000 1
2 0 590062 524297 5 15 9 11 -1 -1 0022000000000000020000000001112000000000120000000010100000001110000010000000000200000000002000000000000000000000220020000 1
1 0 589935 524297 8 12 4 12 -1 -1 0022000000000000020000000001110000000000120000000010100000001110000012000000000200000000002000000000000000000000220020000 1
2 0 589935 522104 10 10 11 11 -1 -1 0022000000000000120000000001110000000000120000000010100000000110000012000000000200000000002000000000000000000000220020000 1
1 0 589618 522104 8 16 8 12 -1 -1 0022000000000000120000000001110000000000120000000010100000000110000012000000000000000000002200000000000000000000220020000 1
2 0 589618 519667 9 11 10 10 -1 -1 0022000000000000120000000001110000000000120000000010100000001100000012000000000000000000002200000000000000000000220020000 1
1 0 589485 519667 8 12 4 8 -1 -1 0022000000000000120000000001110000000000120000000010100000001100000010000000000200000000002200000000000000000000220020000 1
2 0 589485 516693 4 14 6 8 -1 -1 0022000000000010120000000001110000000000120000000010100000000100000010000000000200000000002200000000000000000000220020000 1
1 0 589324 516693 6 12 4 10 -1 -1 0022000000000010100000000001110000000020120000000010100000000100000010000000000200000000002200000000000000000000220020000 1
2 0 589324 514415 6 14 6 12 -1 -1 0022000000000011100000000001110000000020020000000010100000000100000010000000000200000000002200000000000000000000220020000 1
1 0 588968 514415 9 9 8 10 -1 -1 0022000000000011100000000001110000000020200000000010100000000100000010000000000200000000002200000000000000000000220020000 1
2 0 588968 512823 2 10 3 9 -1 -1 0022000000000011100000000001110000000020200000000010100000010100000000000000000200000000002200000000000000000000220020000 1
1 0 588883 512823 4 8 2 10 -1 -1 0020002000000011100000000001110000000020200000000010100000010100000000000000000200000000002200000000000000000000220020000 1
2 0 588883 511318 10 10 14 14 -1 -1 0021002000000001100000000001110000000020200000000010100000010100000000000000000200000000002200000000000000000000220020000 1
1 0 588824 511318 5 9 3 11 -1 -1 0021002000000001100000000001110000000020200000000010100000010100000000000000000000000000002200000000000000000000220022000 1
2 0 588824 510506 11 9 12 10 -1 -1 0021002100000001100000000000110000000020200000000010100000010100000000000000000000000000002200000000000000000000220022000 1
1 0 588784 510506 4 10 2 12 -1 -1 0021002100000001100000000000110000000020200000000010100000010100000000000000000000000000000200000000000200000000220022000 1
2 0 588784 508538 11 11 13 9 -1 -1 0021102100000000100000000000110000000020200000000010100000010100000000000000000000000000000200000000000200000000220022000 1
1 0 588729 508538 7 15 6 14 -1 -1 0021102100000000100000000000110000000020200000000010100000010100000000000000000000000000000000000000000200000002220022000 1
2 0 588729 507525 1 13 2 14 -1 -1 0021102100000000100000000000110000000020210000000010000000010100000000000000000000000000000000000000000200000002220022000 1
1 0 588645 507525 8 14 7 13 -1 -1 0001122100000000100000000000110000000020210000000010000000010100000000000000000000000000000000000000000200000002220022000 1
2 0 588645 506259 3 9 3 13 -1 -1 0001122100000000100000000000110000000020210000000011000000010000000000000000000000000000000000000000000200000002220022000 1
1 0 588565 506259 7 13 5 15 -1 -1 0001120120000000100000000000110000000020210000000011000000010000000000000000000000000000000000000000000200000002220022000 1
2 0 588565 504364 6 8 7 9 -1 -1 0001120120000000100000000000111000000020210000000010000000010000000000000000000000000000000000000000000200000002220022000 1
1 0 588456 504364 6 14 4 16 -1 -1 0001120120000000100000000000111000000000210000000210000000010000000000000000000000000000000000000000000200000002220022000 1
2 0 588456 503336 2 14 3 15 -1 -1 0001120120000000101000000000111000000000200000000210000000010000000000000000000000000000000000000000000200000002220022000 1
1 0 588337 503336 8 10 6 8 -1 -1 0001100122000000101000000000111000000000200000000210000000010000000000000000000000000000000000000000000200000002220022000 1
2 0 588337 502393 6 12 8 10 -1 -1 0001100122000000101000000000111000000010200000000210000000000000000000000000000000000000000000000000000200000002220022000 1
1 0 588213 502393 4 16 2 14 -1 -1 0001100122000000101000000000111000000010000000000210000000020000000000000000000000000000000000000000000200000002220022000 1
2 0 588213 501846 7 9 9 11 -1 -1 0001110122000000100000000000111000000010000000000210000000020000000000000000000000000000000000000000000200000002220022000 1
1 0 587980 501846 7 11 6 10 -1 -1 0001110122000000100000000000111000000010000000000010000000020000000002000000000000000000000000000000000200000002220022000 1
2 0 587980 501018 8 10 10 12 -1 -1 0001110122000000100000000000111000000011000000000000000000020000000002000000000000000000000000000000000200000002220022000 1
1 0 587793 501018 6 8 4 10 -1 -1 0001110122000000100000000000111000000011000000000000000000000000000002000000000020000000000000000000000200000002220022000 1
2 0 587793 500403 9 11 11 13 -1 -1 0001110122000001100000000000111000000001000000000000000000000000000002000000000020000000000000000000000200000002220022000 1
1 0 587627 500403 5 11 1 11 -1 -1 0001110122000001100000000000111000000001000000000000000000000000000000000000000020000000000020000000000200000002220022000 1
2 0 587627 499637 10 12 12 14 -1 -1 0101110122000001100000000000011000000001000000000000000000000000000000000000000020000000000020000000000200000002220022000 1
1 0 587447 499637 1 11 0 12 -1 -1 0101110122000001100000000000011000000001000000000000000000000000000000000000000000000000000020000000000202000002220022000 1
2 0 587447 499297 3 13 7 9 -1 -1 1001110122000001100000000000011000000001000000000000000000000000000000000000000000000000000020000000000202000002220022000 1
1 0 587250 499297 5 15 1 11 -1 -1 1001110102000001100000000000011000000001000000000200000000000000000000000000000000000000000020000000000202000002220022000 1
2 0 587250 498418 11 13 15 13 -1 -1 1101110102000001100000000000010000000001000000000200000000000000000000000000000000000000000020000000000202000002220022000 1
1 0 587130 498418 1 11 1 13 -1 -1 1101110102000001100000000000010000000001000000000200000000000000000000000000000000000000000000000000000202000002220022020 1
2 0 587130 497423 7 9 8 10 -1 -1 1011110102000001100000000000010000000001000000000200000000000000000000000000000000000000000000000000000202000002220022020 1
1 0 587041 497423 4 12 3 13 -1 -1 1011110102000001100000000000010000000001000000000000000000020000000000000000000000000000000000000000000202000002220022020 1
2 0 587041 496341 8 10 9 11 -1 -1 1011110112000001000000000000010000000001000000000000000000020000000000000000000000000000000000000000000202000002220022020 1
1 0 586920 496341 5 13 5 11 -1 -1 1011110112000001000000000000010000000001000000000000000000000000000002000000000000000000000000000000000202000002220022020 1
2 0 586920 495362 3 15 4 14 -1 -1 1011110112000001000000000000100000000001000000000000000000000000000002000000000000000000000000000000000202000002220022020 1
1 0 586771 495362 6 10 4 12 -1 -1 1011110110000001020000000000100000000001000000000000000000000000000002000000000000000000000000000000000202000002220022020 1
2 0 586771 494041 4 14 5 13 -1 -1 1011110110000001120000000000100000000000000000000000000000000000000002000000000000000000000000000000000202000002220022020 1
1 0 584402 494041 2 14 3 15 -1 -1 1011110110000001100000000000120000000000000000000000000000000000000002000000000000000000000000000000000202000002220022020 1
2 0 584402 491903 5 13 6 12 -1 -1 1011100111000001100000000000120000000000000000000000000000000000000002000000000000000000000000000000000202000002220022020 1
1 0 584295 491903 4 12 2 14 -1 -1 1011100111000001100000000000100000000000200000000000000000000000000002000000000000000000000000000000000202000002220022020 1
2 0 584295 490685 9 11 10 12 -1 -1 1011110111000001000000000000100000000000200000000000000000000000000002000000000000000000000000000000000202000002220022020 1
1 0 584293 490685 5 11 1 11 -1 -1 1011110111000001000000000000100000000000200000000000000000000000000000000000000020000000000000000000000202000002220022020 1
2 0 584293 489416 12 14 13 15 -1 -1 1111110111000001000000000000000000000000200000000000000000000000000000000000000020000000000000000000000202000002220022020 1
1 0 584293 489416 4 10 3 9 -1 -1 1111110111000001000000000000000000000000200000000000000000000000000000000000000020000000000000000000000200000002222022020 1
