1322290862000
artificialwintelligence
kingfish
1 0 599675 600000 14 12 12 10 -1 -1 2222222222000000000000000000000000000000000000000000000000000000000000000000000000000000000000000000000000000001111111111 2
2 0 599675 599918 2 14 4 12 -1 -1 2222222222000000000000000000000000000000000000000000000000000000000000000000000000000000000000000000000100000001111101111 2
1 0 599402 599918 13 11 11 9 -1 -1 2222202222000000200000000000000000000000000000000000000000000000000000000000000000000000000000000000000100000001111101111 2
2 0 599402 599917 0 12 4 16 -1 -1 2222202222000000200000000000000000000000000000000000000000000000000000000000000000000000001000000000000100000001011101111 2
1 0 599250 599917 12 10 10 8 -1 -1 0222202222000000202000000000000000000000000000000000000000000000000000000000000000000000001000000000000100000001011101111 2
2 0 599250 599916 2 12 4 10 -1 -1 0222202222000000202000000000000000000000000000000000000000000000000000000000001000000000001000000000000000000001011101111 2
1 0 598743 599916 14 10 10 6 -1 -1 0222002222000002202000000000000000000000000000000000000000000000000000000000001000000000001000000000000000000001011101111 2
2 0 598743 599915 3 9 5 11 -1 -1 0222002222000002202000000000000000000000000000000000000000000000000000000000011000000000001000000000000000000001011001111 2
1 0 598096 599915 10 6 9 5 -1 -1 0222000222000002202000000000200000000000000000000000000000000000000000000000011000000000001000000000000000000001011001111 2
2 0 598096 599914 1 11 3 9 -1 -1 0222000222000002202000000000200000000000000000000000000000000000001000000000001000000000001000000000000000000001011001111 2
1 0 597585 599914 16 12 8 4 -1 -1 0022002222000002202000000000200000000000000000000000000000000000001000000000001000000000001000000000000000000001011001111 2
2 0 597585 599767 3 11 5 13 -1 -1 0022002222000002202000000000200000000000000000000000000010000000001000000000001000000000001000000000000000000001011001110 2
1 0 596598 599767 14 14 10 6 -1 -1 0022002022000002202000000000220000000000000000000000000010000000001000000000001000000000001000000000000000000001011001110 2
2 0 596598 599766 3 15 5 9 -1 -1 0022002022000002202000000000220000000000000000000000000010000000001000000000011000000000001000000000000000000001011000110 2
1 0 595595 599766 11 9 7 5 -1 -1 0022002020000002202000000002220000000000000000000000000010000000001000000000011000000000001000000000000000000001011000110 2
2 0 595595 599765 2 10 6 10 -1 -1 0022002020000002202000000002220000000000000000010000000010000000001000000000011000000000000000000000000000000001011000110 2
1 0 595102 599765 15 13 14 14 -1 -1 0020002020000002202000000002220000000002000000010000000010000000001000000000011000000000000000000000000000000001011000110 2
2 0 595102 599764 4 10 6 12 -1 -1 0020002020000002202000000002220000000002000000010000000010000000001000000000011000000000000000000000000000000001011001100 2
1 0 594303 599764 10 8 8 6 -1 -1 0020002020000000202000000002220000000002200000010000000010000000001000000000011000000000000000000000000000000001011001100 2
2 0 594303 599763 5 9 7 11 -1 -1 0020002020000000202000000002220000000002200000010000000011000000001000000000010000000000000000000000000000000001011001100 2
1 0 593766 599763 9 5 7 7 -1 -1 0020002020000000202000000000220000000002200000010020000011000000001000000000010000000000000000000000000000000001011001100 2
2 0 593766 599579 4 12 6 14 -1 -1 0020002020000000202000000000220000000002200000011020000011000000000000000000010000000000000000000000000000000001011001100 2
1 0 592851 599579 7 5 5 15 -1 -1 0020002020000000002000000000220000000002220000011020000011000000000000000000010000000000000000000000000000000001011001100 2
2 0 592851 595166 5 11 11 5 -1 -1 0020002020000000002000000000221000000002220000001020000011000000000000000000010000000000000000000000000000000001011001100 2
1 0 592088 595166 15 11 14 10 -1 -1 0020002020000000002000000000021000000002220000001020000011000000000000000000010000000000200000000000000000000001011001100 2
2 0 592088 590902 6 14 7 13 -1 -1 0020002020000000002000000000021000000002220000001020000011000000000000000000010000000000200000000000000000000001011101000 2
1 0 590755 590902 14 14 12 16 -1 -1 0020002020000000002000000000021000000002200000001022000011000000000000000000010000000000200000000000000000000001011101000 2
2 0 590755 586663 1 13 2 14 -1 -1 0020002020000000002000000000021000000002200000001022000011000000000000000000010000000000200000000000000000100001011100000 2
1 0 590194 586663 8 6 6 8 -1 -1 0000022020000000002000000000021000000002200000001022000011000000000000000000010000000000200000000000000000100001011100000 2
2 0 590194 583272 2 14 8 12 -1 -1 0000022020000000002000000000021000000012200000001022000010000000000000000000010000000000200000000000000000100001011100000 2
1 0 589112 583272 13 15 11 17 -1 -1 0000002020000000002000000000021000000012200000001022000010002000000000000000010000000000200000000000000000100001011100000 2
2 0 589112 573798 8 12 9 13 -1 -1 0000002020000000002000000000021000000012200000001022000010002000000000000000010000000000200000100000000000100001010100000 2
1 0 587509 573798 14 10 13 11 -1 -1 0000002020000000002000000000021000000012200000001022000010000000000000200000010000000000200000100000000000100001010100000 2
2 0 587509 567260 4 16 10 14 -1 -1 0000002020000000002000000000021000000012200000001022000010000000000000200000010000000000200000100000000000100001110000000 2
1 0 586541 567260 11 17 10 18 -1 -1 0000002020000000000000000000021000000012200000001022000010000000000000200000010002000000200000100000000000100001110000000 2
2 0 586541 560619 6 10 8 12 -1 -1 0000002020000000000000000000021000000012200000001022000010000000000000200000010002010000200000000000000000100001110000000 2
1 0 585148 560619 13 11 9 19 -1 -1 0000002020000000000000000000021000000010200000001022000010002000000000200000010002010000200000000000000000100001110000000 2
2 0 585148 554892 7 13 11 13 -1 -1 0000002020000000000000000000021000000010200000001022000010002000000000200100010002010000200000000000000000100001010000000 2
1 0 584247 554892 13 13 12 14 -1 -1 0000002020000000000000000000021000000010200000001020000010002000000000200100010002010000200020000000000000100001010000000 2
2 0 584247 547273 9 13 13 13 -1 -1 0000002020000000000000000000021000000010200000001020000010002000000000200100010002010000200020000000000001100001000000000 2
1 0 583545 547273 12 14 8 18 -1 -1 0000002020000000000000000000021000000010200000001020000010002000000000000100010002010000200020000000000001100001020000000 2
2 0 583545 539127 5 13 4 12 -1 -1 0000002020000000000000000000021000000010200000001020000010002001000000000100010002010000200020000000000000100001020000000 2
1 0 582440 539127 13 9 12 8 -1 -1 0000002020000000200000000000001000000010200000001020000010002001000000000100010002010000200020000000000000100001020000000 2
2 0 582440 534182 3 13 9 11 -1 -1 0000002020000000200000000000001000000010200000001020000010002001000000000100010002010000200020000000001000100000020000000 2
1 0 580576 534182 12 8 11 7 -1 -1 0000002000000000200000000000001000000010200000001020000010002001000002000100010002010000200020000000001000100000020000000 2
2 0 580576 526579 6 12 14 12 -1 -1 0000002000000000200000000000001000000010200000001020000010002001000002000100010002010000210020000000000000100000020000000 2
1 0 579256 526579 7 7 5 9 -1 -1 0000002000000000200000000000001000000010000000001020000010002001000002000100010002010000210020000000000000100000020020000 2
2 0 579256 519509 7 11 11 11 -1 -1 0000002000000000200000000001001000000010000000000020000010002001000002000100010002010000210020000000000000100000020020000 2
1 0 577740 519509 8 18 7 19 -1 -1 0000002000000000200000000001001000000010000000000000000010002001000002000100010002010000210220000000000000100000020020000 2
2 0 577740 515326 8 12 14 10 -1 -1 0000002000000000200000000001001000000010000000000000001010002000000002000100010002010000210220000000000000100000020020000 2
1 0 576221 515326 12 16 11 17 -1 -1 0000002000000000200000000001001000000010000000000000001010000000000002000100010002010000210220000000000000100000020220000 2
2 0 576221 511910 10 14 14 14 -1 -1 0000002000000000200000000001001000000010000000000000001010000000000002000100010002010000210220100000000000000000020220000 2
1 0 575401 511910 11 7 9 5 -1 -1 0000002000000000200000000001001000000010000000000000001010000000000002000100010000010000210220100000000000000000020222000 2
2 0 575401 507930 11 11 12 12 -1 -1 0000002000000000200000000001001000000010000000000000001010000000001002000100010000010000200220100000000000000000020222000 2
1 0 574542 507930 10 18 6 18 -1 -1 0000002000000000200000000001001000000010000000000000001010000000001002000100010000010000200020100000000020000000020222000 2
2 0 574542 504348 4 12 5 11 -1 -1 0000002000000000200000000001001000000010000100000000001010000000001002000100010000000000200020100000000020000000020222000 2
1 0 573783 504348 6 8 4 10 -1 -1 0000002000000000000000000001201000000010000100000000001010000000001002000100010000000000200020100000000020000000020222000 2
2 0 573783 500613 11 13 15 13 -1 -1 0000002000000001000000000001201000000000000100000000001010000000001002000100010000000000200020100000000020000000020222000 2
1 0 573271 500613 11 17 10 16 -1 -1 0000002000000001000000000001201000000000000100000000001010000000001002000100010000000000200000100000000020000000020222020 2
2 0 573271 497817 5 11 6 12 -1 -1 0000002000000001000000000001201000000000000100000000001010000000001002000100010000100000200000000000000020000000020222020 2
1 0 572552 497817 10 16 9 17 -1 -1 0000002000000001000000000001001000000000200100000000001010000000001002000100010000100000200000000000000020000000020222020 2
2 0 572552 496502 3 9 7 13 -1 -1 0000002000000001000000000001001000000000200100000000001010000000001002001100010000000000200000000000000020000000020222020 2
1 0 572049 496502 8 4 7 5 -1 -1 0000000000000001000000000001001000000000200100000002001010000000001002001100010000000000200000000000000020000000020222020 2
2 0 572049 493399 12 12 13 11 -1 -1 0000000000000001000000000001001000000000200100010002001000000000001002001100010000000000200000000000000020000000020222020 2
1 0 571480 493399 5 9 3 11 -1 -1 0000000000000001000000000001001000000000200100010002001000000000001002001100010000000000200000000000000000000000220222020 2
2 0 571480 491717 6 12 6 14 -1 -1 0000000100000001000000000000001000000000200100010002001000000000001002001100010000000000200000000000000000000000220222020 2
1 0 570849 491717 5 15 4 16 -1 -1 0000000100000001000000000000001000000000020100010002001000000000001002001100010000000000200000000000000000000000220222020 2
2 0 570849 490251 6 14 10 10 -1 -1 0000000100000001001000000000000000000000020100010002001000000000001002001100010000000000200000000000000000000000220222020 2
1 0 570179 490251 10 6 6 6 -1 -1 0000000100000001001000000000000000000000000100010002001000000000001002001100010200000000200000000000000000000000220222020 2
2 0 570179 488738 7 13 8 12 -1 -1 0000000100000001001000000000000000000100000100010002001000000000001002001100000200000000200000000000000000000000220222020 2
1 0 569657 488738 4 10 2 12 -1 -1 0000000100000001001000000000000000000100000100010000001000002000001002001100000200000000200000000000000000000000220222020 2
2 0 569657 486992 10 10 11 11 -1 -1 0000100100000000001000000000000000000100000100010000001000002000001002001100000200000000200000000000000000000000220222020 2
1 0 569151 486992 7 19 3 15 -1 -1 0000100100000000001000000000000000000100000100010000001000002000001002001100000000000000200200000000000000000000220222020 2
2 0 569151 485557 8 12 12 12 -1 -1 0000100101000000001000000000000000000100000100010000000000002000001002001100000000000000200200000000000000000000220222020 2
1 0 568684 485557 3 11 1 13 -1 -1 0000100101000000001000000000000000000100000100010000000000000000001002001100000000000000200200000000000020000000220222020 2
2 0 568684 484635 9 11 10 12 -1 -1 0010100001000000001000000000000000000100000100010000000000000000001002001100000000000000200200000000000020000000220222020 2
1 0 568123 484635 4 16 0 12 -1 -1 0010100001000000001000000000000000000100000100010000000000000000001000001100000020000000200200000000000020000000220222020 2
2 0 568123 483589 10 12 12 10 -1 -1 1010100001000000000000000000000000000100000100010000000000000000001000001100000020000000200200000000000020000000220222020 2
1 0 567855 483589 9 19 8 18 -1 -1 1010100001000000000000000000000000000100000100010000000000000000001000001100000000000000200200000000000220000000220222020 2
2 0 567855 482549 11 5 12 6 -1 -1 1010100001000000000000000000000000000100000100010000000000000001001000001000000000000000200200000000000220000000220222020 2
1 0 567422 482549 9 5 8 4 -1 -1 1010100001000000000000000000000000000100000100010000000000000001001000001000000000000000000200000000020220000000220222020 2
2 0 567422 481748 11 11 15 11 -1 -1 1010100001000000000000000000000000000100000100010000000010000001000000001000000000000000000200000000020220000000220222020 2
1 0 567029 481748 9 17 5 17 -1 -1 1010100001000000000000000000000000000100000100010000000010000001000000001000000000000000000000000000020220000000220222220 2
2 0 567029 481177 12 10 13 9 -1 -1 1010100001000000000000000000000100000100000100010000000010000001000000000000000000000000000000000000020220000000220222220 2
1 0 566858 481177 7 5 5 7 -1 -1 1010100001000000000000000000000100000100000100010000000010000001000000000000000000000000000000000000020020000002220222220 2
2 0 566858 480757 12 6 12 8 -1 -1 1010100001000000000000000010000100000100000100000000000010000001000000000000000000000000000000000000020020000002220222220 2
1 0 566571 480757 6 18 2 14 -1 -1 1010100001000000000000000010000100000100000100000000000010000001000000000000000000000000000000000000002020000002220222220 2
2 0 566571 480469 12 8 12 10 -1 -1 1010110001000000000000000010000100000100000000000000000010000001000000000000000000000000000000000000002020000002220222220 2
1 0 566275 480469 8 4 7 5 -1 -1 1010110001000000000000000010000100000100000000000000000010000001000000000000000000000000000000000000000220000002220222220 2
2 0 566275 480005 14 10 16 12 -1 -1 1010110001000000000000000010000100000100000000010000000000000001000000000000000000000000000000000000000220000002220222220 2
1 0 565979 480005 8 18 7 19 -1 -1 1010110001000000000000000010000100000100000000010000000000000001000000000000000000000000000000000000000220000002220022222 2
2 0 565979 479556 12 10 12 14 -1 -1 1010110001000000000000000010000100000100000000010000001000000000000000000000000000000000000000000000000220000002220022222 2
1 0 565707 479556 5 7 4 8 -1 -1 1010110001000000000000000010000100000100000000010000001000000000000000000000000000000000000000000000000022000002220022222 2
2 0 565707 479093 12 14 13 15 -1 -1 1010110001000010000000000000000100000100000000010000001000000000000000000000000000000000000000000000000022000002220022222 2
1 0 565505 479093 2 12 2 10 -1 -1 1010110001000010000000000000000100000100000000010000001000000000000000000000000000000000000000000000000020000002222022222 2
2 0 565505 478821 12 12 14 10 -1 -1 1011010001000010000000000000000100000100000000010000001000000000000000000000000000000000000000000000000020000002222022222 2
