1322295980000
kingfish
ccplus
1 0 599808 600000 14 10 12 12 -1 -1 2222222222000000000000000000000000000000000000000000000000000000000000000000000000000000000000000000000000000001111111111 1
2 0 599808 599959 2 10 4 12 4 10 2222222222000000000000000000000000000000000000000000000000000000000000000000000000000000000000000000000010000001111011111 1
1 0 599807 599959 16 12 12 8 -1 -1 2220222222000003200000000000000000000000000000000000000000000000000000000000000000000000000000000000000010000001111011111 1
2 0 599807 599923 3 11 5 9 9 11 2220222222000003200000000000000000000000000000000000000000000000000000000000000000000000000000000000001010000001111011110 1
1 0 599805 599923 13 13 11 11 -1 -1 2220222022000003200000000002000000000000000000000000000000000000000003000000000000000000000000000000001010000001111011110 1
2 0 599805 599883 0 12 6 10 -1 -1 2220222022000003200000000002000000000000000000000000000000000000000003000000000000000000000100000000001010000001101011110 1
1 0 599804 599883 14 12 10 12 -1 -1 0220222022000003200000000002000000000002000000000000000000000000000003000000000000000000000100000000001010000001101011110 1
2 0 599804 599843 1 11 2 10 -1 -1 0220222022000003200000000002000000000002000000000000000000000000000003000000000010000000000100000000001010000001101001110 1
1 0 599608 599843 12 12 8 12 -1 -1 0022222022000003200000000002000000000002000000000000000000000000000003000000000010000000000100000000001010000001101001110 1
2 0 599608 599806 5 9 9 9 -1 -1 0022222022000003200000000002000000000002000000000000000000001000000003000000000010000000000100000000001000000001101001110 1
1 0 595444 599806 11 11 3 11 -1 -1 0022222022000003200000000000000000000002000000000000000000001000000023000000000010000000000100000000001000000001101001110 1
2 0 595444 599786 3 15 4 14 -1 -1 0022222122000003200000000000000000000002000000000000000000001000000023000000000010000000000000000000001000000001101001110 1
1 0 593365 599786 14 14 12 12 -1 -1 0022222120000003220000000000000000000002000000000000000000001000000023000000000010000000000000000000001000000001101001110 1
2 0 593365 599750 3 9 5 11 -1 -1 0022222120000003220000000000000000000002000000000000000000001000000023000000000010000000000000000000001010000001101000110 1
1 0 590959 599750 13 9 3 15 -1 -1 0022220120000003220000000000200000000002000000000000000000001000000023000000000010000000000000000000001010000001101000110 1
2 0 590959 599726 2 14 4 16 -1 -1 0022220121000003220000000000200000000002000000000000000000001000000023000000000010000000000000000000001010000000101000110 1
1 0 587423 599726 12 12 11 11 -1 -1 0022200121000003222000000000200000000002000000000000000000001000000023000000000010000000000000000000001010000000101000110 1
2 0 587423 599701 1 13 2 14 -1 -1 0022200121000003222000000000200000000002000000000000000000001000000023000000000010000000000100000000001000000000101000110 1
1 0 583662 599701 11 11 5 13 -1 -1 0002220121000003222000000000200000000002000000000000000000001000000023000000000010000000000100000000001000000000101000110 1
2 0 583662 599681 5 11 7 9 -1 -1 0002220121000003222000000000210000000002000000000000000000001000000023000000000010000000000000000000001000000000101000110 1
1 0 581416 599681 10 12 6 12 -1 -1 0002220121000003222000000000010000000002000000000200000000001000000023000000000010000000000000000000001000000000101000110 1
2 0 581416 599657 3 13 7 13 -1 -1 0002220121000003222000000000010000000002100000000200000000001000000023000000000000000000000000000000001000000000101000110 1
1 0 578637 599657 8 12 6 14 -1 -1 0002220101000003222000000000010000000002100000000202000000001000000023000000000000000000000000000000001000000000101000110 1
2 0 578637 599612 6 10 10 10 -1 -1 0002220101000003222000000000010000000002110000000202000000000000000023000000000000000000000000000000001000000000101000110 1
1 0 575844 599612 15 13 14 12 -1 -1 0002220101000003222000000000010000000000110000000202000000000000000023000000000200000000000000000000001000000000101000110 1
2 0 575844 599574 9 9 11 11 -1 -1 0002220101000003222000000000010000000000110000000202000000000000000023000000000200000000000000000000001000000000101010100 1
1 0 571781 599574 14 12 6 8 -1 -1 0002220101000003222000000000010000000000110000000202000000000000000003000000000200000000000200000000001000000000101010100 1
2 0 571781 599548 2 10 3 9 -1 -1 0002220101000003222000000000010000000010110000000202000000000000000003000000000200000000000200000000001000000000101000100 1
1 0 568940 599548 15 11 14 12 -1 -1 0000222101000003222000000000010000000010110000000202000000000000000003000000000200000000000200000000001000000000101000100 1
2 0 568940 599514 2 14 4 8 -1 -1 0000222101000003222000000000010000000010110000000202000000000000000003000000000200000000000200000000001000000000101010000 1
1 0 563869 599514 14 12 8 10 -1 -1 0000202101000023222000000000010000000010110000000202000000000000000003000000000200000000000200000000001000000000101010000 1
2 0 563869 599469 2 12 3 13 -1 -1 0000202101000023222000000000010000000010110000000202000000010000000003000000000200000000000200000000001000000000101000000 1
1 0 560797 599469 6 8 5 9 -1 -1 0000002121000023222000000000010000000010110000000202000000010000000003000000000200000000000200000000001000000000101000000 1
2 0 560797 599432 3 9 5 11 -1 -1 0000002121000023222000000001010000000000110000000202000000010000000003000000000200000000000200000000001000000000101000000 1
1 0 559059 599432 5 9 5 7 -1 -1 0000000121000023222000000001210000000000110000000202000000010000000003000000000200000000000200000000001000000000101000000 1
2 0 559059 599397 7 13 8 14 -1 -1 0000000121000023222000000010210000000000110000000202000000010000000003000000000200000000000200000000001000000000101000000 1
1 0 555187 599397 8 10 4 6 -1 -1 0000000121000023222000000010210000000000110000000200000000010200000003000000000200000000000200000000001000000000101000000 1
2 0 555187 599361 3 13 9 15 -1 -1 0000000121000123222000000010210000000000110000000200000000000200000003000000000200000000000200000000001000000000101000000 1
1 0 550302 599361 13 11 12 10 -1 -1 0000000101000123222000000010210000000000110000000200000000000200000003020000000200000000000200000000001000000000101000000 1
2 0 550302 599319 9 15 10 14 -1 -1 0000000101000123222000000010210000000000110000000200000000000200000003020000000200000000000200000000001100000000001000000 1
1 0 545362 599319 12 10 6 8 -1 -1 0000000101000123222000000010210000000000110000000200000000000200000003000000000202000000000200000000001100000000001000000 1
2 0 545362 599276 4 8 8 8 -1 -1 0000000101000123222000000010210000000010110000000200000000000200000003000000000202000000000200000000001000000000001000000 1
1 0 542389 599276 6 14 4 8 -1 -1 0000000101000103222000000010210000000010110000000200000000200200000003000000000202000000000200000000001000000000001000000 1
2 0 542389 599224 10 10 12 12 -1 -1 0000000101000113222000000010210000000010100000000200000000200200000003000000000202000000000200000000001000000000001000000 1
1 0 538741 599224 5 7 3 13 -1 -1 0000000101000113222000000010210000000010100000000200000000200200000003000000000002000000000200000000001020000000001000000 1
2 0 538741 599176 5 11 13 11 -1 -1 0000000111000113222000000000210000000010100000000200000000200200000003000000000002000000000200000000001020000000001000000 1
1 0 535393 599176 4 8 3 9 -1 -1 0000000111000113222000000000010000000010100000000200000000200200000003000000000002000000000200000000001020000000201000000 1
2 0 535393 599123 4 12 5 11 -1 -1 0000001111000103222000000000010000000010100000000200000000200200000003000000000002000000000200000000001020000000201000000 1
1 0 530987 599123 5 13 4 12 -1 -1 0000001111000103022000000000210000000010100000000200000000200200000003000000000002000000000200000000001020000000201000000 1
2 0 530987 599073 4 14 5 15 -1 -1 0000001111000103122000000000200000000010100000000200000000200200000003000000000002000000000200000000001020000000201000000 1
1 0 527157 599073 4 12 2 14 -1 -1 0000001111000103102000000000202000000010100000000200000000200200000003000000000002000000000200000000001020000000201000000 1
2 0 527157 599006 4 16 6 10 -1 -1 0000011111000103002000000000202000000010100000000200000000200200000003000000000002000000000200000000001020000000201000000 1
1 0 522415 599006 6 8 5 9 -1 -1 0000011111000103000000000000202000000012100000000200000000200200000003000000000002000000000200000000001020000000201000000 1
2 0 522415 598951 5 11 11 13 -1 -1 0000011111000103000000000001202000000002100000000200000000200200000003000000000002000000000200000000001020000000201000000 1
1 0 516610 598951 12 8 11 9 -1 -1 0000011111000103000000000001002000000002100000000200000000200200000003000000000002000000000220000000001020000000201000000 1
2 0 516610 598887 5 15 5 13 -1 -1 0000011111000103000000000001002000000002100000000200000000200200000003000000000002000000001220000000000020000000201000000 1
1 0 511492 598887 6 12 2 12 -1 -1 0000011111000103000000000001020000000002100000000200000000200200000003000000000002000000001220000000000020000000201000000 1
2 0 511492 598830 5 13 6 12 -1 -1 0000111111000103000000000001020000000002000000000200000000200200000003000000000002000000001220000000000020000000201000000 1
1 0 508631 598830 11 9 10 10 -1 -1 0000111111000103000000000001000000000002200000000200000000200200000003000000000002000000001220000000000020000000201000000 1
2 0 508631 598765 6 10 7 11 -1 -1 0000111111000103000000000001000000000002200000000200000000200200000003000000000102000000000220000000000020000000201000000 1
1 0 503919 598765 10 10 2 10 -1 -1 0000111111000103000000000001000000000000200000000220000000200200000003000000000102000000000220000000000020000000201000000 1
2 0 503919 598674 6 12 12 14 -1 -1 0001111111000103000000000001000000000000200000000220000000200200000003000000000002000000000220000000000020000000201000000 1
1 0 502154 598674 5 9 4 8 -1 -1 0001111111000103000000000001000000000000000000000220000000200200000003000000000002000000000220000000000022000000201000000 1
2 0 502154 598602 7 9 8 10 -1 -1 0001111111000113000000000000000000000000000000000220000000200200000003000000000002000000000220000000000022000000201000000 1
1 0 500798 598602 13 15 12 16 -1 -1 0001111111000113000000000000000000000000000000000020000000220200000003000000000002000000000220000000000022000000201000000 1
2 0 500798 598529 7 11 13 13 -1 -1 0001111111000113000000000000000000000000000000000020000000220200000003000000000002000000000220000000000022100000200000000 1
1 0 500166 598529 2 10 1 11 -1 -1 0001111111000113000000000000000000000000000000000000000000220200000003000000000002000000000220000000000022100000220000000 1
2 0 500166 598467 8 8 10 10 -1 -1 0100111111000113000000000000000000000000000000000000000000220200000003000000000002000000000220000000000022100000220000000 1
1 0 498809 598467 4 8 0 12 -1 -1 0100111111000113000000000000000000000000000000000000000000020200000003000000000202000000000220000000000022100000220000000 1
2 0 498809 598412 8 10 14 12 -1 -1 1100111111000103000000000000000000000000000000000000000000020200000003000000000202000000000220000000000022100000220000000 1
1 0 497179 598412 12 16 11 15 -1 -1 1100111111000103000000000000000000000000000000000000000000000200000003000000000202000000000220000000000022100000220020000 1
2 0 497179 598370 8 14 9 13 -1 -1 1100111111000103000000000000000000000000000000000000000000000200000003000000000202000000000221000000000022000000220020000 1
1 0 495897 598370 11 15 10 16 -1 -1 1100111111000103000000000000000000000000000000000000000000000000000003200000000202000000000221000000000022000000220020000 1
2 0 495897 598325 13 13 14 14 -1 -1 1100111111000103000000000000000000000000000000000000000000000000000003200000000202100000000220000000000022000000220020000 1
1 0 494658 598325 4 6 4 8 -1 -1 1100111111000103000000000000000000000000000000000000000000000000000003200000000202100000000220000000000022000000200022000 1
2 0 494658 598273 9 13 15 11 -1 -1 1100111111000013000000000000000000000000000000000000000000000000000003200000000202100000000220000000000022000000200022000 1
1 0 493952 598273 4 8 2 10 -1 -1 1100111111000013000000000000000000000000000000000000000000000000000003000000000202100000000220000000000022000000200022200 1
2 0 493952 598248 10 14 11 15 -1 -1 1101111111000003000000000000000000000000000000000000000000000000000003000000000202100000000220000000000022000000200022200 1
1 0 493070 598248 10 16 9 15 -1 -1 1101111111000003000000000000000000000000000000000000000000000000000003000000000200100000000222000000000022000000200022200 1
2 0 493070 598226 10 10 11 9 -1 -1 1101111111000003000000000000000000000000000000000000000000000000000003010000000200000000000222000000000022000000200022200 1
1 0 492269 598226 9 15 8 14 -1 -1 1101111111000003000000000000000000000000000000000000000000000000000003010000000000000000002222000000000022000000200022200 1
2 0 492269 598204 11 13 15 13 -1 -1 1101111111000003000000000000000000000000000000000000000000000100000003000000000000000000002222000000000022000000200022200 1
1 0 491618 598204 8 14 7 15 -1 -1 1101111111000003000000000000000000000000000000000000000000000100000003000000000000000000002202000000000022000000200022220 1
2 0 491618 598181 12 12 16 12 -1 -1 1101111111000003000000000000000000000000000000000000100000000000000003000000000000000000002202000000000022000000200022220 1
1 0 490863 598181 7 15 6 14 -1 -1 1101111111000003000000000000000000000000000000000000100000000000000003000000000000000000002202000000000002000000200022222 1
2 0 490863 598160 11 9 13 15 -1 -1 1101111111000003000000000000000000000000010000000000000000000000000003000000000000000000002202000000000002000000200022222 1
1 0 490334 598160 6 14 5 13 -1 -1 1101111111000003000000000000000000000000010000000000000000000000000003000000000000000000000202000000000002000000202022222 1
2 0 490334 598141 11 15 13 13 -1 -1 1101111111000003000000000000010000000000000000000000000000000000000003000000000000000000000202000000000002000000202022222 1
1 0 490066 598141 2 12 1 13 -1 -1 1101111111000003000000000000010000000000000000000000000000000000000003000000000000000000000200000000000002000000222022222 1
2 0 490066 598128 11 11 12 10 -1 -1 1111011111000003000000000000010000000000000000000000000000000000000003000000000000000000000200000000000002000000222022222 1
1 0 489852 598128 5 13 4 14 -1 -1 1111011111000003000000000000010000000000000000000000000000000000000003000000000000000000000000000000000202000000222022222 1
2 0 489852 598119 12 10 13 9 -1 -1 1111011111000003010000000000000000000000000000000000000000000000000003000000000000000000000000000000000202000000222022222 1
1 0 489790 598119 4 14 2 12 -1 -1 1111011111000003010000000000000000000000000000000000000000000000000003000000000000000000000000000000000002000002222022222 1
