1322295270000
kingfish
googolhex
1 0 599812 600000 14 10 12 12 -1 -1 2222222222000000000000000000000000000000000000000000000000000000000000000000000000000000000000000000000000000001111111111 1
2 0 599812 599673 3 13 4 14 -1 -1 2222222222000000000000000000000000000000000000000000000000000000000000000000000000000000000000000000000010000001111011111 1
1 0 599810 599673 16 12 12 8 -1 -1 2222222202000000020000000000000000000000000000000000000000000000000000000000000000000000000000000000000010000001111011111 1
2 0 599810 599016 3 9 5 15 -1 -1 2222222202000000020000000000000000000000000000000000000000000000000000000000000000000000000000000000001010000001111011110 1
1 0 599809 599016 13 13 11 11 -1 -1 2222220202000000020000000000002000000000000000000000000000000000000000000000000000000000000000000000001010000001111011110 1
2 0 599809 598016 5 15 6 16 -1 -1 2222220202000000020000000000002000000000000000000000000000000000000000000000000000000000000100000000001010000001101011110 1
1 0 599808 598016 14 12 10 12 -1 -1 2222220202000000020000000000000000000000002000000000000000000000000000000000000000000000000100000000001010000001101011110 1
2 0 599808 597246 2 10 4 12 -1 -1 2222220202000000020000000000000000000000002000000000000000000000000000000000000010000000000100000000001010000001101001110 1
1 0 599807 597246 13 11 9 11 -1 -1 2220220202000000220000000000000000000000002000000000000000000000000000000000000010000000000100000000001010000001101001110 1
2 0 599807 595778 1 11 5 15 -1 -1 2220220202000000220000000000000000000000002000000000000000000000000001000000000010000000000100000000001010000001001001110 1
1 0 599618 595778 12 12 8 12 -1 -1 2020220202000000220000000000002000000000002000000000000000000000000001000000000010000000000100000000001010000001001001110 1
2 0 599618 593350 3 11 7 15 -1 -1 2020220202000000220000000000002000000000002000000000000000001000000001000000000010000000000100000000001000000001001001110 1
1 0 599617 593350 11 11 7 11 -1 -1 2020220002000000220000000000002000000000002000000000200000001000000001000000000010000000000100000000001000000001001001110 1
2 0 599617 589181 4 12 8 16 -1 -1 2020220002000000220000000000002000000000002000000010200000001000000001000000000010000000000000000000001000000001001001110 1
1 0 599616 589181 10 12 6 12 -1 -1 2020220002000000020000000000002000000000002000000010200000001020000001000000000010000000000000000000001000000001001001110 1
2 0 599616 585590 8 16 9 15 -1 -1 2020220002000000020000000000002000000000102000000010200000001020000001000000000000000000000000000000001000000001001001110 1
1 0 595726 585590 8 12 4 16 -1 -1 2020220002000000020000000000002000000000102000000010200000001000000001020000000000000000000000000000001000000001001001110 1
2 0 595726 583752 9 15 10 16 -1 -1 2020220002000000021000000000002000000000102000000010200000000000000001020000000000000000000000000000001000000001001001110 1
1 0 591934 583752 12 8 11 9 -1 -1 2020220002000000021000000000002000000000102000000010200000000000000001000000000000200000000000000000001000000001001001110 1
2 0 591934 582244 7 15 8 16 -1 -1 2020220002000000021000000000002000000000102000000010200000000000000001000000000000200000001000000000000000000001001001110 1
1 0 589248 582244 14 14 6 10 -1 -1 2020220002000000021000000000002000000000102000000010000000000020000001000000000000200000001000000000000000000001001001110 1
2 0 589248 580945 5 15 9 15 -1 -1 2020220002000000021000000000002000000001102000000010000000000020000001000000000000200000001000000000000000000001001000110 1
1 0 587028 580945 15 11 14 10 -1 -1 2020220002000000021000000000000000000001102000000010000000000020000001020000000000200000001000000000000000000001001000110 1
2 0 587028 578909 4 14 5 15 -1 -1 2020220002000000021000000000000000000001102000000010000000000020000001020000000000200000001000000000000000000001001100010 1
1 0 584808 578909 7 11 5 17 -1 -1 2020220002000000001000000000002000000001102000000010000000000020000001020000000000200000001000000000000000000001001100010 1
2 0 584808 577831 5 15 6 14 -1 -1 2020220002000000001000000000002100000001102000000000000000000020000001020000000000200000001000000000000000000001001100010 1
1 0 582322 577831 14 10 8 12 -1 -1 2020220002000000001000000000000100000001122000000000000000000020000001020000000000200000001000000000000000000001001100010 1
2 0 582322 575940 3 15 4 14 -1 -1 2020220002000000001000000000000100000001122000000000000000001020000001020000000000200000001000000000000000000001001000010 1
1 0 579286 575940 5 17 3 15 -1 -1 2020220000000000021000000000000100000001122000000000000000001020000001020000000000200000001000000000000000000001001000010 1
2 0 579286 566858 6 14 7 15 -1 -1 2020220001000000021000000000000000000001122000000000000000001020000001020000000000200000001000000000000000000001001000010 1
1 0 574848 566858 9 11 1 11 -1 -1 2020220001000000021000000000000000000001102000000000200000001020000001020000000000200000001000000000000000000001001000010 1
2 0 574848 559317 7 15 11 15 -1 -1 2120220001000000021000000000000000000001102000000000200000001020000000020000000000200000001000000000000000000001001000010 1
1 0 572443 559317 6 10 5 11 -1 -1 2120220001000000021000000000000000000001102000000000000000001020000000020000000000200000001002000000000000000001001000010 1
2 0 572443 550946 8 16 16 12 -1 -1 2120220001000000021000000000100000000000102000000000000000001020000000020000000000200000001002000000000000000001001000010 1
1 0 570043 550946 6 12 4 10 -1 -1 2120220001000000021000000000100000000000102000000000000000001000000000020000000000200000001002000000000000000001001000012 1
2 0 570043 544371 2 12 3 13 -1 -1 2120220001000001021000000000100000000000002000000000000000001000000000020000000000200000001002000000000000000001001000012 1
1 0 567793 544371 15 13 14 14 -1 -1 2120020021000001021000000000100000000000002000000000000000001000000000020000000000200000001002000000000000000001001000012 1
2 0 567793 538241 11 15 12 16 -1 -1 2120020021000001021000000000100000000000002000000000000000001000000000020000000000200000001002000000000000000001001001002 1
1 0 565877 538241 4 16 4 12 -1 -1 2120020021000001021000000000100000000000002000000000000000001000000000020000000000200000001000000000000000200001001001002 1
2 0 565877 534658 2 14 4 16 -1 -1 2120020021000001120000000000100000000000002000000000000000001000000000020000000000200000001000000000000000200001001001002 1
1 0 563957 534658 13 15 11 17 -1 -1 2120000021000001122000000000100000000000002000000000000000001000000000020000000000200000001000000000000000200001001001002 1
2 0 563957 529316 3 13 5 15 -1 -1 2120000021000001122000000000100000000000002000000000000000001000000000020000000000200000001000100000000000200001000001002 1
1 0 561352 529316 5 11 3 13 -1 -1 2120000001000001122000000000102000000000002000000000000000001000000000020000000000200000001000100000000000200001000001002 1
2 0 561352 528209 12 16 13 15 -1 -1 2120000011000001122000000000002000000000002000000000000000001000000000020000000000200000001000100000000000200001000001002 1
1 0 557921 528209 11 17 11 15 -1 -1 2120000011000001122000000000002000000000002000000000000000001000000000020000000000200000001000100000000000000001002001002 1
2 0 557921 527172 6 16 7 15 -1 -1 2120000011000001122000000000002000000000002000000000000000001000000000020000000000200000001001000000000000000001002001002 1
1 0 554556 527172 14 14 6 14 -1 -1 2120000011000001122000000000002000000000000000000000200000001000000000020000000000200000001001000000000000000001002001002 1
2 0 554556 524376 7 15 8 16 -1 -1 2120000011000001122000000000002000000000010000000000200000001000000000020000000000200000001001000000000000000001002000002 1
1 0 550104 524376 11 15 3 11 -1 -1 2120000011000001122000000000002000000000010000000000000000001020000000020000000000200000001001000000000000000001002000002 1
2 0 550104 523157 4 14 5 13 -1 -1 2120000111000001122000000000002000000000010000000000000000001020000000020000000000200000001000000000000000000001002000002 1
1 0 548407 523157 4 10 2 12 -1 -1 2120000111000001102000000000022000000000010000000000000000001020000000020000000000200000001000000000000000000001002000002 1
2 0 548407 521246 5 13 11 15 -1 -1 2120100111000000102000000000022000000000010000000000000000001020000000020000000000200000001000000000000000000001002000002 1
1 0 546864 521246 4 12 2 14 -1 -1 2120100111000000102000000000002000000000010000000000000000001020000000020000000000200000001002000000000000000001002000002 1
2 0 546864 519483 11 15 12 16 -1 -1 2120110111000000002000000000002000000000010000000000000000001020000000020000000000200000001002000000000000000001002000002 1
1 0 545230 519483 13 9 12 8 -1 -1 2120110111000000002000000000002000000000010000000000000000001020000000020000000000200000001000000000000000200001002000002 1
2 0 545230 519482 5 15 9 11 -1 -1 2120110111000000002000000000002000000000010000000000000000001020000000020000000000200000001000000000001000200000002000002 1
1 0 544222 519482 12 8 10 10 -1 -1 2120110111000000002000000000000000000000010000000000000000001020000002020000000000200000001000000000001000200000002000002 1
2 0 544222 519482 0 12 4 12 -1 -1 2120110111000000002000000000000000000000010000000000000000001020000002020000000100200000001000000000000000200000002000002 1
1 0 542041 519482 8 12 7 11 -1 -1 0120110111000000202000000000000000000000010000000000000000001020000002020000000100200000001000000000000000200000002000002 1
2 0 542041 519482 12 16 14 14 -1 -1 0120110111000000202000000000000000000000010000000010000000000020000002020000000100200000001000000000000000200000002000002 1
1 0 540199 519482 10 10 6 10 -1 -1 0120110111000000202000000000000000000000010000000010000000000020000002020000000100200000001000000000000000000000002002002 1
2 0 540199 519482 8 16 12 8 10 12 0120110111000000202000000000000000000001010000000010000000000020000002020000000000200000001000000000000000000000002002002 1
1 0 538816 519482 7 11 5 9 -1 -1 0120110111000000202000000000000000000001010000000010000000000000000002020000000030200000001000000000002000000000002002002 1
2 0 538816 519482 13 15 15 13 4 8 0120110111000000202000000001000000000001010000000000000000000000000002020000000030200000001000000000002000000000002002002 1
1 0 537695 519482 5 9 4 10 -1 -1 0120110111000030202000000001000000000001010000000000000000000000000002020000000030200000001000000000002000000000000002022 1
2 0 537695 519482 9 15 11 17 -1 -1 0120110111000031202000000000000000000001010000000000000000000000000002020000000030200000001000000000002000000000000002022 1
1 0 536683 519482 6 10 5 11 -1 -1 0120110111000031202000000000000000000001010000000000000000000000000002000000000030200000001000200000002000000000000002022 1
2 0 536683 519481 9 11 11 13 -1 -1 0120110111000031202000000000100000000000010000000000000000000000000002000000000030200000001000200000002000000000000002022 1
1 0 535829 519481 5 11 3 9 -1 -1 0120110111000031202000000000100000000000010000000000000000000000000000000000000030200000001020200000002000000000000002022 1
2 0 535829 519480 12 8 13 9 -1 -1 0120111111000031202000000000000000000000010000000000000000000000000000000000000030200000001020200000002000000000000002022 1
1 0 534847 519480 6 14 5 13 -1 -1 0120111111000031202000000000000000000000010000000000000000000000000000000000000030200000001020200000000000000002000002022 1
2 0 534847 519479 4 12 6 14 -1 -1 0120111111000031202000000000010000000000000000000000000000000000000000000000000030200000001020200000000000000002000002022 1
1 0 534034 519479 5 13 4 12 -1 -1 0120111111000031002000000000010000000000020000000000000000000000000000000000000030200000001020200000000000000002000002022 1
2 0 534034 519479 13 9 14 10 -1 -1 0120111111000031102000000000000000000000020000000000000000000000000000000000000030200000001020200000000000000002000002022 1
1 0 533469 519479 4 12 0 12 -1 -1 0120111111000031102000000000000000000000020000000000000000000000000000000000000030200000001020200000000000000000000202022 1
2 0 533469 519478 14 10 15 11 -1 -1 1120111111000031002000000000000000000000020000000000000000000000000000000000000030200000001020200000000000000000000202022 1
1 0 533066 519478 11 9 10 10 -1 -1 1120111111000031002000000000000000000000020000000000000000000000000000000000000030200000001020200000000000000000000002222 1
2 0 533066 519477 11 17 12 16 -1 -1 1120111111000031002000000000000000000000020000000000000000000000000000000000000130200000000020200000000000000000000002222 1
1 0 532566 519477 10 10 9 11 -1 -1 1120111111000031002000000000000000000000020000000000000000000000000000000000000130200000000020000000000000200000000002222 1
2 0 532566 519477 12 16 13 15 -1 -1 1120111111000031002000000000000000000000020000000000000000000000000001000000000030200000000020000000000000200000000002222 1
1 0 532164 519477 9 11 8 12 -1 -1 1120111111000031002000000000000000000000020000000000000000000000000001000000000030200000000020000000000000000000002002222 1
2 0 532164 519477 11 13 12 14 -1 -1 1120111111000031002000000000000000000000020000000000000000001000000000000000000030200000000020000000000000000000002002222 1
1 0 531768 519477 8 12 7 11 -1 -1 1120111111000031002000000000000000000000020000000000000000001000000000000000000030200000000000000000000002000000002002222 1
2 0 531768 519476 12 14 13 13 -1 -1 1120111111000031002000000000000000000000020000000010000000000000000000000000000030200000000000000000000002000000002002222 1
1 0 531352 519476 7 11 6 12 -1 -1 1120111111000031002000000000000000000000020000000010000000000000000000000000000030200000000000000000000000000000022002222 1
2 0 531352 519476 13 13 14 12 -1 -1 1120111111000031002000000000000000000000120000000000000000000000000000000000000030200000000000000000000000000000022002222 1
1 0 530948 519476 6 12 5 11 -1 -1 1120111111000031002000000000000000000000120000000000000000000000000000000000000030200000000000000000000000000000002022222 1
2 0 530948 519476 10 16 11 15 -1 -1 1120111111000031002000000000100000000000020000000000000000000000000000000000000030200000000000000000000000000000002022222 1
1 0 530526 519476 3 9 2 10 -1 -1 1120111111000031002000000000100000000000020000000000000000000000000000000000000030000000000002000000000000000000002022222 1
2 0 530526 519475 11 15 12 14 -1 -1 1121110111000031002000000000100000000000020000000000000000000000000000000000000030000000000002000000000000000000002022222 1
1 0 530073 519475 5 11 3 9 -1 -1 1121110111000031002000000000100000000000020000000000000000000000000000000000000030000000000000000000000002000000002022222 1
