1322290939000
skynet
kingfish
1 0 599910 600000 14 10 12 12 -1 -1 2222222222000000000000000000000000000000000000000000000000000000000000000000000000000000000000000000000000000001111111111 2
2 0 599910 599898 2 14 4 12 -1 -1 2222222222000000000000000000000000000000000000000000000000000000000000000000000000000000000000000000000010000001111011111 2
1 0 599902 599898 13 13 11 11 -1 -1 2222202222000000200000000000000000000000000000000000000000000000000000000000000000000000000000000000000010000001111011111 2
2 0 599902 599897 0 12 4 16 -1 -1 2222202222000000200000000000000000000000000000000000000000000000000000000000000000000000000100000000000010000001101011111 2
1 0 599890 599897 14 12 10 12 -1 -1 0222202222000000202000000000000000000000000000000000000000000000000000000000000000000000000100000000000010000001101011111 2
2 0 599890 599896 3 11 5 13 -1 -1 0222202222000000202000000000000000000000000000000000000000000000000000000000000010000000000100000000000010000001101001111 2
1 0 599876 599896 13 11 9 11 -1 -1 0222202022000000202000000000020000000000000000000000000000000000000000000000000010000000000100000000000010000001101001111 2
2 0 599876 599895 2 12 6 12 -1 -1 0222202022000000202000000000020000000000000000000000000000000000000001000000000010000000000100000000000010000001001001111 2
1 0 599864 599895 16 12 12 8 -1 -1 0222002022000000202000000000020000000000200000000000000000000000000001000000000010000000000100000000000010000001001001111 2
2 0 599864 599894 3 13 7 13 -1 -1 0222002022000000202000000000020000000000200000000000000000000000000001000000000010000000000100000000001010000001001001110 2
1 0 599852 599894 13 9 11 7 -1 -1 0222002002000000202000000000020000000000200000000002000000000000000001000000000010000000000100000000001010000001001001110 2
2 0 599852 595233 4 12 10 10 -1 -1 0222002002000000202000000000020000000000200000000002000000000000000001000000000010000000010100000000001010000000001001110 2
1 0 599844 595233 13 15 12 14 -1 -1 0222002002000000002000000000020000000000200000000002000000000000000001000000000210000000010100000000001010000000001001110 2
2 0 599844 589808 4 16 5 15 -1 -1 0222002002000000002000000000020000000000200000000002000000000000000001000000000210000000010100000000001011000000000001110 2
1 0 599837 589808 15 13 11 9 -1 -1 0222002002000000000000000000022000000000200000000002000000000000000001000000000210000000010100000000001011000000000001110 2
2 0 599837 584837 5 13 7 15 -1 -1 0222002002000000000000000000022000000000200000000002000000000000000001000000000210000000011100000000001011000000000001100 2
1 0 599830 584837 14 14 13 13 -1 -1 0222002002000000000000000000002000000000200000000002200000000000000001000000000210000000011100000000001011000000000001100 2
2 0 599830 580660 2 10 8 16 -1 -1 0222002002000000000000000000002000000000200000000002200000000000000001000000000210000000011100000000001011000000010000100 2
1 0 599824 580660 15 11 14 12 -1 -1 0220002002000000000000000000002000000000200000000002200000000020000001000000000210000000011100000000001011000000010000100 2
2 0 599824 577557 1 11 0 12 -1 -1 0220002002000000000000000000002000000000200000000002200000000020000001000000000210000000011100000000001011000000010010000 2
1 0 599817 577557 12 12 11 13 -1 -1 2020002002000000000000000000002000000000200000000002200000000020000001000000000210000000011100000000001011000000010010000 2
2 0 599817 569849 0 12 6 14 -1 -1 2020002002000000000000000000002000000000200000000002200000000020000001000000000210000000011110000000001001000000010010000 2
1 0 599811 569849 11 11 9 13 -1 -1 0020002002000000000000000000002000000000220000000002200000000020000001000000000210000000011110000000001001000000010010000 2
2 0 599811 561787 6 14 14 10 -1 -1 0020002002000000000000000000002000000000220000000002200000000020000001100000000210000000011010000000001001000000010010000 2
1 0 599806 561787 10 12 4 14 -1 -1 0020002002000000000000000000002000000000200000000002200000000020000001100000000210000000011010000000001001000000010210000 2
2 0 599806 553442 8 16 14 14 -1 -1 0020002002000000010000000000002000000000200000000002200000000020000001100000000200000000011010000000001001000000010210000 2
1 0 599802 553442 9 11 8 12 -1 -1 0020002002000000010000000000002000000000200000000002200000000000000001100000000200000000011010000000001001000000010212000 2
2 0 599802 548110 6 12 10 12 -1 -1 0020002002000000010000000000002000000000200000000002200000001000000000100000000200000000011010000000001001000000010212000 2
1 0 599799 548110 12 8 10 6 -1 -1 0020002002000000010000000000002000000000000000000002200000001000000000100000000220000000011010000000001001000000010212000 2
2 0 599799 541740 7 13 9 11 -1 -1 0020002002000000010000000000002000000000000000000002200000001000000000100000010220000000011010000000000001000000010212000 2
1 0 599796 541740 11 7 9 9 -1 -1 0020002002000000010000000000002000000000000000000000200000001000000002100000010220000000011010000000000001000000010212000 2
2 0 599796 538873 1 13 2 14 -1 -1 0020002002000000010000000000002000000000000000000000200000001000000012100000010220000000001010000000000001000000010212000 2
1 0 599793 538873 12 14 12 12 -1 -1 0000022002000000010000000000002000000000000000000000200000001000000012100000010220000000001010000000000001000000010212000 2
2 0 599793 535804 10 12 12 14 -1 -1 0000022002000000010000000000002000000000000000000000200000001000000012100000010220000000001010000000000010000000010212000 2
1 0 599790 535804 11 9 10 8 -1 -1 0000022002000000010000000000002000000000000000000000200000001000000012100000010200000000001010000000000012000000010212000 2
2 0 599790 533643 2 14 8 16 -1 -1 0000022002000000010000000000002000000000000000000000200000001000000012100000011200000000000010000000000012000000010212000 2
1 0 599786 533643 13 13 11 11 -1 -1 0000002002000000010000000000002000000000000000000000200000001020000012100000011200000000000010000000000012000000010212000 2
2 0 599786 527290 7 15 8 14 -1 -1 0000002002000000010000000000002000000000000000000000200000001020000012100000011200000000000110000000000012000000000212000 2
1 0 599782 527290 14 12 13 13 -1 -1 0000002002000000010000000000002000000000000000000000000000001220000012100000011200000000000110000000000012000000000212000 2
2 0 599782 521912 8 14 12 10 -1 -1 0000002002000000010000000000002000000000000000000000000000001220000012100000011200000000000110000000000012000000010202000 2
1 0 599779 521912 11 13 10 12 -1 -1 0000002002000000010000000000002000000000000000000000000000001020000012100000011200000000000110000000000212000000010202000 2
2 0 599779 518356 9 11 15 13 -1 -1 0000002002000000010000000000002000000000000000000000000000001020000012100000011210000000000100000000000212000000010202000 2
1 0 599775 518356 9 13 7 11 -1 -1 0000002002000000010000000000002000000000000000000000000000001020000010100000011210000000000100000000000212000000010202020 2
2 0 599775 515409 3 15 5 13 -1 -1 0000002002000000010000000000002000000000000000000010000000001020000010000000011210000000000100000000000212000000010202020 2
1 0 599761 515409 4 14 3 13 -1 -1 0000002000000000010000000000022000000000000000000010000000001020000010000000011210000000000100000000000212000000010202020 2
2 0 599761 511098 5 13 6 12 -1 -1 0000002010000000000000000000022000000000000000000010000000001020000010000000011210000000000100000000000212000000010202020 2
1 0 599757 511098 8 12 6 10 -1 -1 0000002010000000000000000000002000000000200000000010000000001020000010000000011210000000000100000000000212000000010202020 2
2 0 599757 507486 6 12 8 10 -1 -1 0000002010000000000000000000002000000001200000000010000000000020000010000000011210000000000100000000000212000000010202020 2
1 0 599753 507486 10 6 9 7 -1 -1 0000002010000000000000000000002000000001000000000010000000020020000010000000011210000000000100000000000212000000010202020 2
2 0 599753 504288 8 10 9 11 -1 -1 0000002010000000000000000000002000000001000000000010000000020020000110000000001210000000000100000000000212000000010202020 2
1 0 599749 504288 9 9 8 10 -1 -1 0000002010000000000000000000002000000001000000000010000000000020000112000000001210000000000100000000000212000000010202020 2
2 0 599749 497779 12 14 13 15 -1 -1 0000002010000000000000000000002000000001000000000010000000010020000102000000001210000000000100000000000212000000010202020 2
1 0 599746 497779 12 12 12 8 -1 -1 0000002010000000000000000000002000000001000000000010000000010020000102000000001210000000000100000000000210000000012202020 2
2 0 599746 493371 10 10 12 12 -1 -1 0000002010000000000000000000002000000001000000000010000000010020000102000000001210000000000100000000001200000000012202020 2
1 0 599739 493371 10 8 8 6 -1 -1 0000002010000000000000000000002000000001000000000010000000010020000102000000001010000000000100000000001220000000012202020 2
2 0 599739 488888 9 11 13 11 -1 -1 0000002010000000000000000000002000000001000000000010000001010020000102000000000010000000000100000000001220000000012202020 2
1 0 599736 488888 11 11 9 13 -1 -1 0000002010000000000000000000002000000001000000000010000001010020000100000000000010000000000100000000001220000000212202020 2
2 0 599736 483985 8 16 9 15 -1 -1 0000002010000000000000000000002000000001000000000010000001010020000100100000000010000000000000000000001220000000212202020 2
1 0 599733 483985 13 13 11 11 -1 -1 0000002010000000000000000000002000000001000000000010000001010000000100120000000010000000000000000000001220000000212202020 2
2 0 599733 479315 9 15 11 13 -1 -1 0000002010000000000000000000002000000001000000000010000001010000000100120000000010000000000100000000001220000000202202020 2
1 0 599729 479315 10 12 8 14 -1 -1 0000002010000000000000000000002000000001000000000010000001010000000100100000000010000000000120000000001220000000202202020 2
2 0 599729 475685 12 10 14 12 -1 -1 0000002010000000000000000000002000000001000000000010000001010100000100100000000000000000000120000000001220000000202202020 2
1 0 599726 475685 7 11 6 12 -1 -1 0000002010000000000000000000002000000001000000000010000001010100000100100000000000000000000120000000001020000000202222020 2
2 0 599726 473355 3 9 4 10 -1 -1 0000002010000000000000000000002000000001100000000000000001010100000100100000000000000000000120000000001020000000202222020 2
1 0 599722 473355 3 13 2 12 -1 -1 0000000010000002000000000000002000000001100000000000000001010100000100100000000000000000000120000000001020000000202222020 2
2 0 599722 471754 4 10 5 11 -1 -1 0000100000000002000000000000002000000001100000000000000001010100000100100000000000000000000120000000001020000000202222020 2
1 0 599718 471754 6 10 4 12 -1 -1 0000100000000000000000000000202000000001100000000000000001010100000100100000000000000000000120000000001020000000202222020 2
2 0 599718 468714 5 11 9 15 -1 -1 0000100000000000100000000000202000000000100000000000000001010100000100100000000000000000000120000000001020000000202222020 2
1 0 599715 468714 9 7 7 5 -1 -1 0000100000000000100000000000002000000000100000000000000001010100000100120000000000000000000120000000001020000000202222020 2
2 0 599715 466004 12 12 13 13 -1 -1 0000100000000000100000000000002000000000100000010000000001010100000000120000000000000000000120000000001020000000202222020 2
1 0 599712 466004 8 10 7 11 -1 -1 0000100000000000100000000000002000000000100000010000000001010100000000120000000000000000000120000000001000000000222222020 2
2 0 599712 463378 5 15 6 14 -1 -1 0000100000000000100000000000002000000000100000010010000001000100000000120000000000000000000120000000001000000000222222020 2
1 0 599709 463378 12 8 11 9 -1 -1 0000100000000000100000000000000000000000120000010010000001000100000000120000000000000000000120000000001000000000222222020 2
2 0 599709 460138 6 14 12 12 -1 -1 0000100000000000100000000000000000000000120000010010000001000100000000120000000000000000001120000000000000000000222222020 2
1 0 599705 460138 8 6 7 7 -1 -1 0000100000000000100000000000000000000000100000010010000001000100000000120000000000000000001120000000000020000000222222020 2
2 0 599705 458464 9 15 10 14 -1 -1 0000100000000000100000000000000000000000100000011010000000000100000000120000000000000000001120000000000020000000222222020 2
1 0 599701 458464 9 13 8 12 -1 -1 0000100000000000100000000000000000000000100000011010000000000100000000100000000002000000001120000000000020000000222222020 2
2 0 599701 456955 10 14 10 12 -1 -1 0000100000000000100000000000000000000000100000011010000000001100000000000000000002000000001120000000000020000000222222020 2
1 0 599695 456955 11 11 7 15 -1 -1 0000100000000000100000000000000000000000100000011010000000001100000000000000000020000000001120000000000020000000222222020 2
2 0 599695 455593 10 12 12 10 -1 -1 0000100000000000100000000000000000000000100000011010100000001100000000000000000020000000001020000000000020000000222222020 2
1 0 599692 455593 8 14 7 13 -1 -1 0000100000000000100000000000000000000000100000011010100000001100000000000000000000000000001020000000000220000000222222020 2
2 0 599692 454401 12 10 13 9 -1 -1 0000100000000000100000000000000000000000100000011011100000001000000000000000000000000000001020000000000220000000222222020 2
1 0 599688 454401 6 12 5 13 -1 -1 0000100000000000100000000000000000000000100000011011100000001000000000000000000000000000001020000000000020000002222222020 2
2 0 599688 453655 11 13 12 14 -1 -1 0000100000000000100000000000010000000000000000011011100000001000000000000000000000000000001020000000000020000002222222020 2
1 0 599685 453655 2 12 1 11 -1 -1 0000100000000000100000000000010000000000000000011011100000001000000000000000000000000000001000000000000022000002222222020 2
2 0 599685 452776 13 9 15 11 -1 -1 0100000000000000100000000000010000000000000000011011100000001000000000000000000000000000001000000000000022000002222222020 2
1 0 599682 452776 4 12 3 13 -1 -1 0100000000000000100000000000010000000000000000011011100000001000000000000000000000000000001000000000000022000000222222220 2
2 0 599682 451904 14 10 16 12 -1 -1 0100000010000000000000000000010000000000000000011011100000001000000000000000000000000000001000000000000022000000222222220 2
1 0 599679 451904 7 5 6 6 -1 -1 0100000010000000000000000000010000000000000000011011100000001000000000000000000000000000001000000000000022000000222022222 2
2 0 599679 451217 12 12 14 10 -1 -1 0100000010000000000000000000010000000100000000001011100000001000000000000000000000000000001000000000000022000000222022222 2
1 0 599673 451217 7 11 6 12 -1 -1 0100000010000000000000000000010000000100000000001011100000001000000000000000000000000000001000000000000002000000222222222 2
2 0 599673 450833 13 13 13 9 -1 -1 0100000010000000000000000000010000000100100000001001100000001000000000000000000000000000001000000000000002000000222222222 2
1 0 599670 450833 11 9 10 10 -1 -1 0100000010000000000000000000010000000100100000001001100000001000000000000000000000000000001000000000000002000002202222222 2
2 0 599670 450370 12 14 13 13 -1 -1 0100000010000000000000000000010000000100100000001001100000001000000000000000000100000000000000000000000002000002202222222 2
