1322287829000
artificialwintelligence
kingfish
1 0 598581 600000 13 15 12 16 -1 -1 2222222222000000000000000000000000000000000000000000000000000000000000000000000000000000000000000000000000000001111111111 2
2 0 598581 599886 2 14 4 12 -1 -1 2222222222000000000000000000000000000000000000000000000000000000000000000000000000000000000000000000000000100001110111111 2
1 0 596031 599886 15 13 11 17 -1 -1 2222202222000000200000000000000000000000000000000000000000000000000000000000000000000000000000000000000000100001110111111 2
2 0 596031 599885 0 12 4 16 -1 -1 2222202222000000200000000000000000000000000000000000000000000000000000000000000000000000000000100000000000100001110111101 2
1 0 592222 599885 16 12 15 13 -1 -1 0222202222000000202000000000000000000000000000000000000000000000000000000000000000000000000000100000000000100001110111101 2
2 0 592222 599884 3 11 5 13 -1 -1 0222202222000000202000000000000000000000000000000000000000000000000000000000000000000000000000100000000000100001110111110 2
1 0 576917 599884 14 12 10 16 -1 -1 0222202022000000202000000000020000000000000000000000000000000000000000000000000000000000000000100000000000100001110111110 2
2 0 576917 599883 2 12 6 12 -1 -1 0222202022000000202000000000020000000000000000000000000000000000000000000000000000100000000000100000000000100001110101110 2
1 0 561350 599883 10 16 9 17 -1 -1 0222002022000000202000000000020000000000200000000000000000000000000000000000000000100000000000100000000000100001110101110 2
2 0 561350 599882 3 13 7 13 -1 -1 0222002022000000202000000000020000000000200000000000000000000000000000001000000000000000000000100000000000100001110101110 2
1 0 536454 599882 12 16 8 16 -1 -1 0222002002000000202000000000020000000000200000000002000000000000000000001000000000000000000000100000000000100001110101110 2
2 0 536454 599677 4 12 8 12 -1 -1 0222002002000000202000000000020000000000200000000002000000000010000000001000000000000000000000100000000000000001110101110 2
1 0 508173 599677 9 17 7 11 -1 -1 0222002002000000002000000000020000000000200000000002000000002010000000001000000000000000000000100000000000000001110101110 2
2 0 508173 594835 4 16 5 15 -1 -1 0222002002000000002000000000020000000000200000000012000000002010000000000000000000000000000000100000000000000001110101110 2
1 0 470716 594835 8 16 7 17 -1 -1 0222002002000000000000000000022000000000200000000012000000002010000000000000000000000000000000100000000000000001110101110 2
2 0 470716 591011 8 12 9 13 -1 -1 0222002002000000000000000000022000000000200000000012010000002000000000000000000000000000000000100000000000000001110101110 2
1 0 437444 591011 7 11 6 10 -1 -1 0222002002000000000000000000022000000000200000000012010000000000000000200000000000000000000000100000000000000001110101110 2
2 0 437444 587963 2 10 10 14 -1 -1 0222002002000000000000000000022000000001200000000002010000000000000000200000000000000000000000100000000000000001110101110 2
1 0 414878 587963 6 10 0 12 -1 -1 0220002002000000000000000000022000000001200000000002010000000000000000200000000002000000000000100000000000000001110101110 2
2 0 414878 585360 1 13 2 14 -1 -1 1220002002000000000000000000022000000000200000000002010000000000000000200000000002000000000000100000000000000001110101110 2
1 0 378948 585360 13 13 12 14 -1 -1 1200022002000000000000000000022000000000200000000002010000000000000000200000000002000000000000100000000000000001110101110 2
2 0 378948 581572 9 13 13 13 -1 -1 1200022002000000000000000000022000000000200000000002010000000000000000200000000002000000000000100000000001000001100101110 2
1 0 327343 581572 15 13 9 15 -1 -1 1200022002000000000000000000022000000000200000000002010000000000000000000000000002000000000000100000000001000001120101110 2
2 0 327343 577471 2 14 8 12 -1 -1 1200022002000000000000000000022000000000200000000002010000000000000000010000000002000000000000100000000001000001120101100 2
1 0 281990 577471 15 11 14 12 -1 -1 1200002002000000000000000000022000000000200000000002010000002000000000010000000002000000000000100000000001000001120101100 2
2 0 281990 570420 5 13 11 19 -1 -1 1200002002000000000000000000022000000000200000000002010000002000000000010000000002000000000000100000000001000001120111000 2
1 0 222636 570420 14 10 10 18 -1 -1 1200002002000000000000000000002000000000200000000002010000002000000000010000000002000000000000120000000001000001120111000 2
2 0 222636 563948 3 15 4 14 -1 -1 1200002002000000000000000000002000000000200000000002010000002000000000010000000002010000000000120000000001000001120011000 2
1 0 179573 563948 12 14 11 15 -1 -1 1200002000000000020000000000002000000000200000000002010000002000000000010000000002010000000000120000000001000001120011000 2
2 0 179573 557241 6 12 12 14 -1 -1 1200002000000000020000000000002000000000200000000002010000002000000000010000000002010000000001120000000000000001120011000 2
1 0 116033 557241 11 15 7 11 -1 -1 1200002000000000020000000000002000000000000000000002010000002000000000010000000002010000000001120000000002000001120011000 2
2 0 116033 551355 4 14 8 18 -1 -1 1200002000000000020000000000002000000000000000000012010000002000000000010000000002010000000000120000000002000001120011000 2
1 0 68581 551355 14 12 12 10 -1 -1 1200002000000000000000000000002000000000000000000012010000002002000000010000000002010000000000120000000002000001120011000 2
2 0 68581 545892 5 15 6 14 -1 -1 1200002000000000000000000000002000000000000000000012010000002002000000010000000002010000000000120000000102000001120001000 2
1 0 -128 545892 14 14 12 8 4 8 1200002000000000000000000000000000000000020000000012010000002002000000010000000002010000000000120000000102000001120001000 2
2 0 -128 536285 8 18 12 18 -1 -1 1200002000000030000000000000000000000000020000000012010000002002000000010000000002010000000000120000001102000001120000000 2
1 0 -128 536285 13 9 11 7 -1 -1 1200002000000030000000000000000000000000020000000012010000002000000000010000000002010000000000120000001102020001120000000 2
2 0 -128 527759 7 13 9 11 -1 -1 1200002000000030000000000000000000000000020000000012010000002000000000010000000002010000010000120000001102020000120000000 2
1 0 -128 527759 13 11 11 5 8 8 1200002000000030000000000000000000000000020000000010010000002000000002010000000002010000010000120000001102020000120000000 2
2 0 -128 518882 6 14 7 13 -1 -1 1200002000000030000000000000000000000000020000000010010000302000000002010000000002010000110000120000001102020000020000000 2
1 0 -128 518882 12 10 10 8 -1 -1 1200002000000030000000000000000000000000000000000012010000302000000002010000000002010000110000120000001102020000020000000 2
2 0 -128 511924 7 13 11 9 -1 -1 1200002000000030000000000000000000000000000000000012010000302000000002010000001002010000110000120000001002020000020000000 2
1 0 -128 511924 11 7 7 7 -1 -1 1200002000000030000000000000000000000000000000000010010000302000000002010000001002010000112000120000001002020000020000000 2
2 0 -128 500604 11 19 13 9 -1 -1 1200002000000030000000000000000000000000000000001010010000302000000002010000001002010000102000120000001002020000020000000 2
1 0 -128 500604 12 8 10 10 -1 -1 1200002000000030000000000000000000000000000000001010010000302000000002010000001002010000102000100000001002020002020000000 2
2 0 -128 492263 10 14 10 12 -1 -1 1200002000000030000000000000000000000000000000001010010000302000000002010000001102010000102000100000000002020002020000000 2
1 0 -128 492263 10 10 6 18 -1 -1 1200002000000030000000000000000000000000000000001010010000302000000002010000001120010000102000100000000002020002020000000 2
2 0 -128 480876 8 12 14 10 -1 -1 1200002000000030000000000000000000000000000100001010010000302000000002010000001020010000102000100000000002020002020000000 2
1 0 -128 480876 11 17 9 19 -1 -1 1200002000000030000000000000000000000000000100001010010000300000000002010000001020010000102000100000000002020002020200000 2
2 0 -128 474710 9 11 13 11 -1 -1 1200002000000030000000000000000000000000000100001010010000300000000002010100001020010000102000000000000002020002020200000 2
1 0 -128 474710 10 18 8 20 -1 -1 1200002000000030000000000000000000000000000100001010010000300000000000010100001020010000102000000000000002020002220200000 2
2 0 -128 468643 10 12 11 11 -1 -1 1200002000000030000000000000000000000000000100001010010000300000100000010100001020000000102000000000000002020002220200000 2
1 0 -128 468643 11 5 10 4 -1 -1 1200002000000030000000000000000000000000000100001010010000300000100000010100001000000000102200000000000002020002220200000 2
2 0 -128 465152 3 9 5 7 -1 -1 1200002000000030000000000000000000000000000100001010010000300000100000010100101000000000002200000000000002020002220200000 2
1 0 -128 465152 10 4 9 3 -1 -1 1200000000000030000000000020000000000000000100001010010000300000100000010100101000000000002200000000000002020002220200000 2
2 0 -128 461905 1 11 2 12 -1 -1 1200000000000030000000000020000000000000000100001010010000300000110000010100001000000000002200000000000002020002220200000 2
1 0 -128 461905 10 8 9 9 -1 -1 1000200000000030000000000020000000000000000100001010010000300000110000010100001000000000002200000000000002020002220200000 2
2 0 -128 458706 11 9 13 15 -1 -1 1000200000000030000000000020000000000000000100001010010000300000110010010100000000000000002200000000000002020002220200000 2
1 0 -128 458706 9 9 8 10 -1 -1 1000200000000030000000000020000000000000000100001010010000300000110010010100000000000000000200000000000002020002222200000 2
2 0 -128 456636 5 7 6 6 -1 -1 1000200000000030000000000020000000000000000100001010010000310000110000010100000000000000000200000000000002020002222200000 2
1 0 -128 456636 8 10 6 12 -1 -1 1000200000000030000000000000000000000200000100001010010000310000110000010100000000000000000200000000000002020002222200000 2
2 0 -128 454570 6 6 7 5 -1 -1 1000200000000030000000000000000000000200100100001010010000300000110000010100000000000000000200000000000002020002222200000 2
1 0 -128 454570 7 11 5 13 -1 -1 1000200000000030000000000000000000000000100100021010010000300000110000010100000000000000000200000000000002020002222200000 2
2 0 -128 453078 7 5 9 7 -1 -1 1000200000000030000000000000010000000000100100021000010000300000110000010100000000000000000200000000000002020002222200000 2
1 0 -128 453078 6 12 4 14 -1 -1 1000200000000030000000000000010000000000100100001000010000300000110200010100000000000000000200000000000002020002222200000 2
2 0 -128 451252 9 7 10 8 -1 -1 1000200000000030010000000000010000000000000100001000010000300000110200010100000000000000000200000000000002020002222200000 2
1 0 -128 451252 5 13 3 15 -1 -1 1000200000000030010000000000010000000000000100001000010000300000110000010100002000000000000200000000000002020002222200000 2
2 0 -128 448860 10 8 10 10 -1 -1 1000200001000030010000000000000000000000000100001000010000300000110000010100002000000000000200000000000002020002222200000 2
1 0 -128 448860 9 3 8 4 -1 -1 1000200001000030010000000000000000000000000100001000010000300000110000010100000200000000000200000000000002020002222200000 2
2 0 -128 446998 10 10 14 14 -1 -1 1000200001000030010000000000000000000000000100001000010010300000100000010100000200000000000200000000000002020002222200000 2
1 0 -128 446998 9 19 8 18 -1 -1 1000200001000030010000000000000000000000000100001000010010300000100000010100000000000000000200000000000002020002222202000 2
2 0 -128 445821 2 12 3 13 -1 -1 1000200001000030010000000000000000000000000100001000010010300001100000010000000000000000000200000000000002020002222202000 2
1 0 -128 445821 8 18 6 16 -1 -1 1000000021000030010000000000000000000000000100001000010010300001100000010000000000000000000200000000000002020002222202000 2
2 0 -128 444311 12 14 14 12 -1 -1 1000000021000030010000000000000000000000001100001000010010300000100000010000000000000000000200000000000002020002222202000 2
1 0 -128 444311 7 17 5 15 -1 -1 1000000021000030010000000000000000000000001100001000010010300000100000010000000000000000000200000000000000020002222222000 2
2 0 -128 443422 3 13 4 12 -1 -1 1000000021000030010000000000001000000000001100001000000010300000100000010000000000000000000200000000000000020002222222000 2
1 0 -128 443422 6 18 2 14 -1 -1 1000000001000030210000000000001000000000001100001000000010300000100000010000000000000000000200000000000000020002222222000 2
2 0 -128 441793 4 12 6 14 -1 -1 1000010001000030210000000000001000000000001000001000000010300000100000010000000000000000000200000000000000020002222222000 2
1 0 -128 441793 5 15 3 13 -1 -1 1000010001000030010000000000001000000000021000001000000010300000100000010000000000000000000200000000000000020002222222000 2
2 0 -128 440621 6 14 7 13 -1 -1 1000010011000030010000000000000000000000021000001000000010300000100000010000000000000000000200000000000000020002222222000 2
1 0 -128 440621 4 14 2 12 -1 -1 1000010011000030010000000000000000000000001000001002000010300000100000010000000000000000000200000000000000020002222222000 2
2 0 -128 439930 7 13 8 12 -1 -1 1000110011000030000000000000000000000000001000001002000010300000100000010000000000000000000200000000000000020002222222000 2
1 0 -128 439930 3 15 1 13 -1 -1 1000110011000030000000000000000000000000001000001000000010302000100000010000000000000000000200000000000000020002222222000 2
2 0 -128 438993 8 12 9 11 -1 -1 1010110010000030000000000000000000000000001000001000000010302000100000010000000000000000000200000000000000020002222222000 2
1 0 -128 438993 3 13 1 11 -1 -1 1010110010000030000000000000000000000000001000001000000010300000100002010000000000000000000200000000000000020002222222000 2
2 0 -128 437834 9 11 10 10 -1 -1 1110110000000030000000000000000000000000001000001000000010300000100002010000000000000000000200000000000000020002222222000 2
1 0 -128 437834 9 15 8 16 -1 -1 1110110000000030000000000000000000000000001000001000000010300000100000010000000200000000000200000000000000020002222222000 2
2 0 -128 436672 14 10 15 11 -1 -1 1110110000000030000000000000000000000000001000001000000010300010100000000000000200000000000200000000000000020002222222000 2
1 0 -128 436672 8 4 7 5 -1 -1 1110110000000030000000000000000000000000001000001000000010300010100000000000000200000000000200000000000000020002222022200 2
2 0 -128 435579 10 10 16 12 -1 -1 1110110000000030000000000000000000000000001000011000000000300010100000000000000200000000000200000000000000020002222022200 2
1 0 -128 435579 8 16 7 17 -1 -1 1110110000000030000000000000000000000000001000011000000000300010100000000000000000000000000200000000000000020002222022202 2
2 0 -128 434944 11 11 12 12 -1 -1 1110110000000030000000000000000000000000001000011000010000300000100000000000000000000000000200000000000000020002222022202 2
1 0 -128 434944 7 17 5 15 -1 -1 1110110000000030000000000000000000000000001000011000010000300000100000000000000000000000000000000000000020020002222022202 2
2 0 -128 434515 12 12 14 10 -1 -1 1110110000000030000000000000001000000000001000011000000000300000100000000000000000000000000000000000000020020002222022202 2
1 0 -128 434515 6 16 4 14 -1 -1 1110110000000030000000000000001000000000001000011000000000300000100000000000000000000000000000000000000000020002222222202 2
2 0 -128 434210 12 18 12 16 -1 -1 1110110000000030010000000000001000000000000000011000000000300000100000000000000000000000000000000000000000020002222222202 2
1 0 -128 434210 5 15 3 13 -1 -1 1110110000000030010000000000001000000000000000011000000000300000100000000000000000000000000000000000000000200002222222202 2
2 0 -128 433962 13 15 15 13 -1 -1 1110110010000030010000000000000000000000000000011000000000300000100000000000000000000000000000000000000000200002222222202 2
1 0 -128 433962 8 20 7 19 -1 -1 1110110010000030010000000000000000000000000000011000000000300000100000000000000000000000000000000000000000200002220222222 2
2 0 -128 433751 12 16 13 15 -1 -1 1110110010000030010000000000000000000000000000011000001000300000000000000000000000000000000000000000000000200002220222222 2
