1322296025000
kingfish
robotdowneyjr
1 0 599811 600000 14 10 12 12 -1 -1 2222222222000000000000000000000000000000000000000000000000000000000000000000000000000000000000000000000000000001111111111 1
2 0 599811 600000 2 10 4 12 -1 -1 2222222222000000000000000000000000000000000000000000000000000000000000000000000000000000000000000000000010000001111011111 1
1 0 599809 600000 16 12 12 8 -1 -1 2220222222000000200000000000000000000000000000000000000000000000000000000000000000000000000000000000000010000001111011111 1
2 0 599809 600000 0 12 4 8 -1 -1 2220222222000000200000000000000000000000000000000000000000000000000000000000000000000000000000000000001010000001111011110 1
1 0 599808 600000 13 13 11 11 -1 -1 0220222222000020200000000000000000000000000000000000000000000000000000000000000000000000000000000000001010000001111011110 1
2 0 599808 600000 2 12 4 10 -1 -1 0220222222000020200000000000000000000000000000000000000000000000000000000000000000000000000100000000001010000001101011110 1
1 0 599807 600000 14 12 10 12 -1 -1 0220022222000022200000000000000000000000000000000000000000000000000000000000000000000000000100000000001010000001101011110 1
2 0 599807 599999 2 14 4 16 -1 -1 0220022222000022200000000000000000000000000000000000000000000000000000000000000010000000000100000000001010000001101001110 1
1 0 599807 599999 13 11 9 11 -1 -1 0220002222000022202000000000000000000000000000000000000000000000000000000000000010000000000100000000001010000001101001110 1
2 0 599807 599998 3 11 5 13 -1 -1 0220002222000022202000000000000000000000000000000000000000000000000001000000000010000000000100000000001010000001001001110 1
1 0 599621 599998 12 12 8 12 -1 -1 0220002022000022202000000000020000000000000000000000000000000000000001000000000010000000000100000000001010000001001001110 1
2 0 599621 599997 3 13 5 11 -1 -1 0220002022000022202000000000020000000000000000000000000000001000000001000000000010000000000100000000001000000001001001110 1
1 0 599620 599997 11 11 7 11 -1 -1 0220002002000022202000000000220000000000000000000000000000001000000001000000000010000000000100000000001000000001001001110 1
2 0 599620 599997 4 10 8 14 -1 -1 0220002002000022202000000000220000000000000000000010000000001000000001000000000010000000000000000000001000000001001001110 1
1 0 593170 599997 13 15 12 14 -1 -1 0220002002000020202000000000220000000000000000000010000000001200000001000000000010000000000000000000001000000001001001110 1
2 0 593170 599997 3 9 5 7 -1 -1 0220002002000020202000000000220000000000000000000010000000001200000001000000000010000000000000000000001001000001000001110 1
1 0 585987 599997 10 12 4 10 -1 -1 0220000002000020202000000020220000000000000000000010000000001200000001000000000010000000000000000000001001000001000001110 1
2 0 585987 599996 3 15 5 17 -1 -1 0220000002000021202000000020220000000000000000000010000000001200000001000000000000000000000000000000001001000001000001110 1
1 0 581327 599996 15 13 11 13 -1 -1 0220000000000021202000000020220200000000000000000010000000001200000001000000000000000000000000000000001001000001000001110 1
2 0 581327 599996 4 12 6 10 -1 -1 0220000000000021202000000020220200000000000000000010000000001200000001000000000000000000000010000000001001000001000001100 1
1 0 572738 599996 12 14 4 14 -1 -1 0220000000000021002000000020220200000002000000000010000000001200000001000000000000000000000010000000001001000001000001100 1
2 0 572738 599996 5 11 9 15 -1 -1 0220000000000021012000000020220200000002000000000010000000001200000001000000000000000000000010000000001000000001000001100 1
1 0 566300 599996 9 11 3 9 -1 -1 0220000000000021012000000020020200000002000000000010000000001200000001020000000000000000000010000000001000000001000001100 1
2 0 566300 599988 4 8 6 14 -1 -1 0220001000000021012000000020020200000002000000000010000000001200000000020000000000000000000010000000001000000001000001100 1
1 0 560607 599988 7 11 3 11 -1 -1 0220001000000001012000000020020200000002020000000010000000001200000000020000000000000000000010000000001000000001000001100 1
2 0 560607 599988 5 13 9 13 -1 -1 0220001100000001012000000020020200000002020000000000000000001200000000020000000000000000000010000000001000000001000001100 1
1 0 557120 599988 4 10 2 12 -1 -1 0220001100000001012000000020000200000002020000000000000000001200000000220000000000000000000010000000001000000001000001100 1
2 0 557120 599988 1 11 9 11 -1 -1 0220101100000000012000000020000200000002020000000000000000001200000000220000000000000000000010000000001000000001000001100 1
1 0 552881 599988 4 14 3 13 -1 -1 0020101100000000012000000020000200000002020000000000000000001200000002220000000000000000000010000000001000000001000001100 1
2 0 552881 599988 8 14 12 14 -1 -1 0020101110000000002000000020000200000002020000000000000000001200000002220000000000000000000010000000001000000001000001100 1
1 0 544304 599988 13 9 11 7 -1 -1 0020101110000000002000000020000200000002020000000000000000001000000002220000000000000000000010000000001002000001000001100 1
2 0 544304 599988 4 16 6 18 -1 -1 0020101110000000002000000020000200000002020000000000000000001000000002220000000000000000010010000000001002000000000001100 1
1 0 537436 599988 12 8 10 6 -1 -1 0020101110000000000000000020000200000002020200000000000000001000000002220000000000000000010010000000001002000000000001100 1
2 0 537436 599988 5 17 7 19 -1 -1 0020101110000000000000000020000200000002020200000000000000001000000002220000010000000000010010000000000002000000000001100 1
1 0 528469 599988 11 7 9 5 -1 -1 0020101110000000000000000020000000000002020200000000002000001000000002220000010000000000010010000000000002000000000001100 1
2 0 528469 599988 6 18 8 20 -1 -1 0020101110000000000000000020000000000002020200000000002000001000001002220000010000000000000010000000000002000000000001100 1
1 0 521221 599988 9 5 9 7 -1 -1 0020101110000000000000000020000000000002020000000000002000001000201002220000010000000000000010000000000002000000000001100 1
2 0 521221 599988 7 19 9 21 -1 -1 0020101110000000000000000020000000000002020000000000002000001000200102220000010000000000000010000000000002000000000001100 1
1 0 514376 599988 10 6 8 8 -1 -1 0020101110000000000000000020000000000002020000000000000000001000200102220020010000000000000010000000000002000000000001100 1
2 0 514376 599988 8 20 10 22 -1 -1 0020101110000000000000000020000000000002020000000000000000101000200102220020000000000000000010000000000002000000000001100 1
1 0 506746 599988 9 7 5 11 -1 -1 0020101110000000000000000020000000000002020000000000000000101000000102220020000000000200000010000000000002000000000001100 1
2 0 506746 599988 9 21 11 23 -1 -1 0020101110000000000000000020100000000002020000000000000000101000000002220020000000000200000010000000000002000000000001100 1
1 0 500248 599988 5 11 4 12 -1 -1 0020101110000000000000000020100000000002020000000000000000101000000002220000000000000200000010000200000002000000000001100 1
2 0 500248 599988 10 22 12 24 -1 -1 0020101110000000100000000020000000000002020000000000000000101000000002220000000000000200000010000200000002000000000001100 1
1 0 494214 599988 4 12 0 12 -1 -1 0020101110000000100000000020000000000002020000000000000000101000000002220000000000000000000010000200000002000020000001100 1
2 0 494214 599988 1 13 2 14 -1 -1 1020101110000000000000000020000000000002020000000000000000101000000002220000000000000000000010000200000002000020000001100 1
1 0 490402 599988 14 14 14 12 -1 -1 1000121110000000000000000020000000000002020000000000000000101000000002220000000000000000000010000200000002000020000001100 1
2 0 490402 599988 2 14 6 6 -1 -1 1000121110000000000000000020000000000002020000000000000000101000000002220000000000000000000010000200000002000020000010100 1
1 0 485333 599988 15 11 11 11 -1 -1 1000101110000000000000000020000000000202020000000000000000101000000002220000000000000000000010000200000002000020000010100 1
2 0 485333 599987 5 7 7 5 -1 -1 1000101110000000000000000020000000000202020000000000000000101000000002220000000000000000000110000200000002000020000010000 1
1 0 478844 599987 14 12 13 13 -1 -1 1000101110000000000000000000000000000202020000020000000000101000000002220000000000000000000110000200000002000020000010000 1
2 0 478844 599987 6 6 8 4 -1 -1 1000101110000000000000000000000000000202020000020000000000101000000002220000000000000000000110000200000002000020010000000 1
1 0 473489 599987 13 13 12 12 -1 -1 1000101110000000000000000000000000000002020000020000000020101000000002220000000000000000000110000200000002000020010000000 1
2 0 473489 599987 7 5 9 3 -1 -1 1000101110000000000000000000000000000002020000020000000020101000000002220000000000000000000110000200000012000020000000000 1
1 0 470144 599987 12 12 8 16 -1 -1 1000101110000000000000000000000000000002020000000000000020101000020002220000000000000000000110000200000012000020000000000 1
2 0 470144 599987 8 4 10 2 -1 -1 1000101110000000000000000000000000000002020000000000000020101010020002220000000000000000000110000200000002000020000000000 1
1 0 466382 599987 8 16 7 17 -1 -1 1000101110000000000000000000000000000002020000000000000000101010020002220002000000000000000110000200000002000020000000000 1
2 0 466382 599986 9 3 11 1 -1 -1 1000101110000000000000000000000000000002020000000000010000101000020002220002000000000000000110000200000002000020000000000 1
1 0 462869 599986 8 12 6 18 -1 -1 1000101110000000000000000000000000000002020000000000010000101000000002220002000000000020000110000200000002000020000000000 1
2 0 462869 599985 10 2 12 0 -1 -1 1000101110000000000000000000000000000002020100000000010000100000000002220002000000000020000110000200000002000020000000000 1
1 0 459168 599985 7 17 5 19 -1 -1 1000101110000000000000000000000000000002020100000000010000100000000002220000000000000020000110000220000002000020000000000 1
2 0 459168 599985 6 14 7 13 -1 -1 1000101110000000000000000000000010000002020100000000000000100000000002220000000000000020000110000220000002000020000000000 1
1 0 455012 599985 6 18 4 20 -1 -1 1000101110000000000000000000000010000002000100000002000000100000000002220000000000000020000110000220000002000020000000000 1
2 0 455012 599985 6 10 7 11 -1 -1 1000101110000000000010000000000010000002000000000002000000100000000002220000000000000020000110000220000002000020000000000 1
1 0 451219 599985 8 8 7 9 -1 -1 1000101110000000000010000000000010000000000000000022000000100000000002220000000000000020000110000220000002000020000000000 1
2 0 451219 599985 7 11 8 12 -1 -1 1000101110000000000010000000000010000000000000000122000000000000000002220000000000000020000110000220000002000020000000000 1
1 0 448522 599985 11 13 10 12 -1 -1 1000101110000000000010000000000010000000000000000102000000002000000002220000000000000020000110000220000002000020000000000 1
2 0 448522 599985 8 12 12 12 -1 -1 1000101110000000000010000000000010000000000000000102000000002000000002220000000010000020000100000220000002000020000000000 1
1 0 445880 599985 10 12 6 8 -1 -1 1000101110000000000010000000000010000000000000000102000000000000000002220000000010000020000100000220000022000020000000000 1
2 0 445880 599985 7 13 8 12 -1 -1 1000101110000000000010000000000010000010000000000102000000000000000002220000000000000020000100000220000022000020000000000 1
1 0 441595 599985 7 9 5 7 -1 -1 1000101110000000000010000000000010000010000000000100000000002000000002220000000000000020000100000220000022000020000000000 1
2 0 441595 599985 8 12 10 10 -1 -1 1000101110000000000010000010000010000010000000000000000000002000000002220000000000000020000100000220000022000020000000000 1
1 0 439114 599985 11 11 9 9 -1 -1 1000101110000000000010000010000010000010000000000000000000000000000002220000000200000020000100000220000022000020000000000 1
2 0 439114 599984 9 11 11 9 -1 -1 1000101110000000000010000010000010000010000000000000000000000000000012220000000200000020000000000220000022000020000000000 1
1 0 430521 599984 6 8 7 7 -1 -1 1000101110000000000010000010000010000010000000000000000000000000000010220000000200000020002000000220000022000020000000000 1
2 0 430521 599984 10 10 12 8 -1 -1 1000101110000000000010000010000010000000000000001000000000000000000010220000000200000020002000000220000022000020000000000 1
1 0 427110 599984 5 19 4 18 -1 -1 1000101110000000000010000010000010000000000000001000000000000000000010220000000000000020002000000220002022000020000000000 1
2 0 427110 599984 9 13 10 12 -1 -1 1000101110000000000110000010000000000000000000001000000000000000000010220000000000000020002000000220002022000020000000000 1
1 0 422945 599984 9 9 8 8 -1 -1 1000101110000000000110000010000000000000000000001000000000000000000010020000000020000020002000000220002022000020000000000 1
2 0 422945 599984 9 15 10 14 -1 -1 1000101110000000000110000010000000000000000000001000000000100000000000020000000020000020002000000220002022000020000000000 1
1 0 421390 599984 8 8 2 14 -1 -1 1000101110000000000110000010000000000000000000001000000000100000000000000000000022000020002000000220002022000020000000000 1
2 0 421390 599984 10 12 11 13 -1 -1 1000111110000000000110000010000000000000000000001000000000000000000000000000000022000020002000000220002022000020000000000 1
1 0 419237 599984 7 7 6 6 -1 -1 1000111110000000000110000010000000000000000000001000000000000000000000000000000002000020002020000220002022000020000000000 1
2 0 419237 599984 11 13 13 11 -1 -1 1000111110000000000110000010000000000100000000000000000000000000000000000000000002000020002020000220002022000020000000000 1
1 0 418053 599984 2 14 3 15 -1 -1 1000111110000000000110000010000000000100000000000000000000000000000000000000000002000020002000000220002022000020200000000 1
2 0 418053 599983 12 14 14 12 -1 -1 1000101111000000000110000010000000000100000000000000000000000000000000000000000002000020002000000220002022000020200000000 1
1 0 417006 599983 4 20 2 14 -1 -1 1000101111000000000110000010000000000100000000000000000000000000000000000000000002000020002000000220002020000020200020000 1
2 0 417006 599983 12 12 14 14 -1 -1 1000111111000000000100000010000000000100000000000000000000000000000000000000000002000020002000000220002020000020200020000 1
1 0 416024 599983 6 6 2 10 -1 -1 1000111111000000000100000010000000000100000000000000000000000000000000000000000002000020002000000220002000000020200022000 1
2 0 416024 599983 13 11 15 13 -1 -1 1001111111000000000100000010000000000000000000000000000000000000000000000000000002000020002000000220002000000020200022000 1
1 0 415460 599983 2 10 1 11 -1 -1 1001111111000000000100000010000000000000000000000000000000000000000000000000000002000020002000000220002000000020000022020 1
2 0 415460 599983 14 14 16 12 -1 -1 1100111111000000000100000010000000000000000000000000000000000000000000000000000002000020002000000220002000000020000022020 1
1 0 414677 599983 5 7 4 8 -1 -1 1100111111000000000100000010000000000000000000000000000000000000000000000000000002000020002000000220002000000020000020022 1
2 0 414677 599983 10 14 11 13 -1 -1 1100111111000010000100000000000000000000000000000000000000000000000000000000000002000020002000000220002000000020000020022 1
1 0 414148 599983 0 12 1 13 -1 -1 1100111111000010000100000000000000000000000000000000000000000000000000000000000000000020002020000220002000000020000020022 1
2 0 414148 599983 11 13 12 12 -1 -1 0110111111000010000100000000000000000000000000000000000000000000000000000000000000000020002020000220002000000020000020022 1
1 0 413811 599983 4 8 0 12 -1 -1 0110111111000010000100000000000000000000000000000000000000000000000000000000000000000020002000000220002020000020000020022 1
2 0 413811 599983 11 9 12 10 -1 -1 1110111111000000000100000000000000000000000000000000000000000000000000000000000000000020002000000220002020000020000020022 1
1 0 413427 599983 4 18 4 16 -1 -1 1110111111000000000100000000000000000000000000000000000000000000000000000000000000000020000000000220002220000020000020022 1
2 0 413427 599982 11 23 12 22 -1 -1 1110111111000000001000000000000000000000000000000000000000000000000000000000000000000020000000000220002220000020000020022 1
1 0 413145 599982 4 16 4 14 -1 -1 1110111111000000001000000000000000000000000000000000000000000000000000000000000000000020000000000020002220000220000020022 1
2 0 413145 599982 11 1 12 2 -1 -1 1110111111000000010000000000000000000000000000000000000000000000000000000000000000000020000000000020002220000220000020022 1
1 0 412879 599982 4 14 4 12 -1 -1 1110111111000000010000000000000000000000000000000000000000000000000000000000000000000000000000000022002220000220000020022 1
2 0 412879 599982 12 10 13 11 -1 -1 1110111111000000100000000000000000000000000000000000000000000000000000000000000000000000000000000022002220000220000020022 1
1 0 412645 599982 4 12 2 10 -1 -1 1110111111000000100000000000000000000000000000000000000000000000000000000000000000000000000000000022002020000220200020022 1
