1322296211000
kingfish
progamers
1 0 599578 600000 14 10 12 12 -1 -1 2222222222000000000000000000000000000000000000000000000000000000000000000000000000000000000000000000000000000001111111111 2
2 0 599578 599366 3 9 4 10 -1 -1 2222222222000000000000000000000000000000000000000000000000000000000000000000000000000000000000000000000010000001111011111 2
1 0 599576 599366 16 12 12 8 -1 -1 2222220222000002000000000000000000000000000000000000000000000000000000000000000000000000000000000000000010000001111011111 2
2 0 599576 598099 1 11 5 11 -1 -1 2222220222000002000000000000000000000000000000000000000000000000000000000000000000000000000000000000001010000001111011110 2
1 0 599564 598099 13 13 11 11 -1 -1 2022220222000002000000000000200000000000000000000000000000000000000000000000000000000000000000000000001010000001111011110 2
2 0 599564 594952 2 14 6 10 -1 -1 2022220222000002000000000000200000000000000000000000000000000000000000000000000000000000000100000000001010000001101011110 2
1 0 599562 594952 14 12 10 12 -1 -1 2022200222000002000000000000200000000002000000000000000000000000000000000000000000000000000100000000001010000001101011110 2
2 0 599562 594773 3 11 5 13 -1 -1 2022200222000002000000000000200000000002000000000000000000000000000000000000000010000000000100000000001010000001101001110 2
1 0 599560 594773 13 11 9 11 -1 -1 2022200022000002000000000000220000000002000000000000000000000000000000000000000010000000000100000000001010000001101001110 2
2 0 599560 594398 0 12 6 14 -1 -1 2022200022000002000000000000220000000002000000000000000000000000000001000000000010000000000100000000001010000001001001110 2
1 0 599251 594398 12 12 8 12 -1 -1 0022200022000002000000000000220000000002020000000000000000000000000001000000000010000000000100000000001010000001001001110 2
2 0 599251 593766 1 13 9 9 -1 -1 0022200022000002000000000000220000000002020000000000000000001000000001000000000010000000000100000000001000000001001001110 2
1 0 586379 593766 11 11 3 11 -1 -1 0002200022000002000000000000220000000002020000000000000000001000000021000000000010000000000100000000001000000001001001110 2
2 0 586379 593016 2 12 6 12 -1 -1 0002200122000002000000000000220000000002020000000000000000001000000021000000000010000000000000000000001000000001001001110 2
1 0 581715 593016 9 11 5 15 -1 -1 0002000122000002000000000000220000000002220000000000000000001000000021000000000010000000000000000000001000000001001001110 2
2 0 581715 592351 5 11 11 13 -1 -1 0002000122000002000000000000221000000002220000000000000000001000000020000000000010000000000000000000001000000001001001110 2
1 0 578917 592351 5 15 3 9 -1 -1 0002000122000002000000000000021000000002220000000000000000001000000020000000000010000000000020000000001000000001001001110 2
2 0 578917 591733 2 10 4 12 -1 -1 0002001122000002000000000000020000000002220000000000000000001000000020000000000010000000000020000000001000000001001001110 2
1 0 575033 591733 13 9 11 7 -1 -1 0000001122000002200000000000020000000002220000000000000000001000000020000000000010000000000020000000001000000001001001110 2
2 0 575033 591499 3 13 9 11 -1 -1 0000001122000002200000000000020000000002220000000000000000001000000020000000000010000000010020000000001000000000001001110 2
1 0 571488 591499 10 12 8 14 -1 -1 0000001102000002200000000000020000000002220000000000000000001000000022000000000010000000010020000000001000000000001001110 2
2 0 571488 590664 5 13 7 11 -1 -1 0000001102000002200000000000020000000002220000000000000000001100000022000000000000000000010020000000001000000000001001110 2
1 0 564758 590664 12 8 10 6 -1 -1 0000001102000002200000000000000000000002220000000020000000001100000022000000000000000000010020000000001000000000001001110 2
2 0 564758 589857 4 10 4 14 -1 -1 0000001102000002200000000000000000000002220000000020000000001100000022000000010000000000010020000000000000000000001001110 2
1 0 556547 589857 11 7 9 5 -1 -1 0000001102000000220000000000000000000002220000000020000000001100000022000000010000000000010020000000000000000000001001110 2
2 0 556547 589722 3 15 9 13 -1 -1 0000001102000000220000000000000000000002220000000020000000001100001022000000010000000000000020000000000000000000001001110 2
1 0 549712 589722 10 6 8 4 -1 -1 0000001100000000220000000000000000000002220000000020000000001100001022200000010000000000000020000000000000000000001001110 2
2 0 549712 589148 4 12 5 13 -1 -1 0000001100000000220000000000000000000002220000000020000010001100001022200000000000000000000020000000000000000000001001110 2
1 0 543788 589148 9 5 7 3 -1 -1 0000001100000000020000000000020000000002220000000020000010001100001022200000000000000000000020000000000000000000001001110 2
2 0 543788 588936 6 12 10 12 -1 -1 0000001100000000020000000000020000000002220000100020000010001100000022200000000000000000000020000000000000000000001001110 2
1 0 537975 588936 8 14 6 12 -1 -1 0000001100000000020000000000020000000002020000100020000010001100000022200000000020000000000020000000000000000000001001110 2
2 0 537975 588491 6 10 7 9 -1 -1 0000001100000000020000000000020000000002120000100020000010001000000022200000000020000000000020000000000000000000001001110 2
1 0 531529 588491 14 14 12 16 -1 -1 0000001100000000020000000000020000000000120000100220000010001000000022200000000020000000000020000000000000000000001001110 2
2 0 531529 588282 6 14 12 12 -1 -1 0000001100000000020000000000020000000000120000100220000010001000000022200000000020000000000020000000000000100000001000110 2
1 0 526045 588282 8 12 2 10 -1 -1 0000001100000000020000000000020000000000100000100220000010001000000022200000000020000000000020000000000020100000001000110 2
2 0 526045 587506 9 13 13 13 -1 -1 0001001100000000020000000000020000000000100000100220000010000000000022200000000020000000000020000000000020100000001000110 2
1 0 517229 587506 15 11 14 12 -1 -1 0001001100000000020000000000020000000000100000100220000010000000000022000000000020000000000020000000000020100000021000110 2
2 0 517229 586445 7 11 8 12 -1 -1 0001001100000000020000000000020000000000100000100220000010000000000022000000000020000000000020000000000020100000021010010 2
1 0 510129 586445 8 4 7 5 -1 -1 0001001100000000020000000000020000000000100000100200000010002000000022000000000020000000000020000000000020100000021010010 2
2 0 510129 585819 7 9 8 10 -1 -1 0001001100000000020000000000020000000000100000110200000000002000000022000000000020000000000020000000000020100000021010010 2
1 0 505124 585819 13 15 11 17 -1 -1 0001001100000000020000000000020000000000100000110000000000022000000022000000000020000000000020000000000020100000021010010 2
2 0 505124 584922 5 13 11 11 -1 -1 0001001100000000020000000000020000000000100000110000000000022000000022000000000020000000000020100000000020100000020010010 2
1 0 496087 584922 15 13 13 11 -1 -1 0001001100000000020000000000000000000000100000110000000000022000000022000000000020000000000220100000000020100000020010010 2
2 0 496087 583978 4 14 5 13 -1 -1 0001001100000000020000000000000000000000100000110000000000022000000022000000000020000000000220100000000020100000120010000 2
1 0 491806 583978 6 12 4 14 -1 -1 0001001100000000000000000000020000000000100000110000000000022000000022000000000020000000000220100000000020100000120010000 2
2 0 491806 582127 11 13 12 14 -1 -1 0001001100000000010000000000020000000000000000110000000000022000000022000000000020000000000220100000000020100000120010000 2
1 0 482795 582127 14 12 12 10 -1 -1 0001001100000000010000000000020000000000000000110000000000022000000022000000000020000000000200100000000022100000120010000 2
2 0 482795 580880 9 11 11 13 -1 -1 0001001100000000010000000000020000000000000000110000000000022000000022000000000020000000000200100000000122100000120000000 2
1 0 475430 580880 4 14 3 13 -1 -1 0001001100000000010000000000020000000000000000110000000000022000000020000000000020000000000220100000000122100000120000000 2
2 0 475430 579929 8 12 10 14 -1 -1 0001001110000000000000000000020000000000000000110000000000022000000020000000000020000000000220100000000122100000120000000 2
1 0 465248 579929 13 11 11 9 -1 -1 0001001110000000000000000000020000000000000000110000000000020000000020000000000022000000000220100000000122100000120000000 2
2 0 465248 579293 5 13 6 12 -1 -1 0001001110000000000000000000020000000000000000110000000000020000000020000000000022000000001220100000000122100000020000000 2
1 0 457971 579293 12 10 10 8 -1 -1 0001001110000000000000000000000000000000200000110000000000020000000020000000000022000000001220100000000122100000020000000 2
2 0 457971 578436 8 10 9 11 -1 -1 0001001110000000000000000000000000000000200000110000000000020000000020000000001022000000001220100000000022100000020000000 2
1 0 452350 578436 11 9 9 7 -1 -1 0001001110000000000000000000000000000000200000110000000000000000000022000000001022000000001220100000000022100000020000000 2
2 0 452350 577330 13 13 14 12 -1 -1 0001001110000000000000000000000000000000200000110000000000000000000122000000001022000000000220100000000022100000020000000 2
1 0 448249 577330 7 3 6 4 -1 -1 0001001110000000000000000000000000000000200000110000000000000000000122000000001022000000000220100000000022100000000020000 2
2 0 448249 576830 9 9 15 11 -1 -1 0001001110000000000000000000000000001000200000010000000000000000000122000000001022000000000220100000000022100000000020000 2
1 0 442984 576830 6 4 5 5 -1 -1 0001001110000000000000000000000000001000200000010000000000000000000102000000001022000000000220100000000022100000000020200 2
2 0 442984 576060 11 13 13 15 -1 -1 0001001110000000000000000100000000000000200000010000000000000000000102000000001022000000000220100000000022100000000020200 2
1 0 438810 576060 10 8 4 6 -1 -1 0001001110000000000000000100000000000000200000010000000000000000000102000000001022000000000200100000000022100000002020200 2
2 0 438810 575299 9 11 15 13 -1 -1 0001001110000100000000000100000000000000200000010000000000000000000102000000000022000000000200100000000022100000002020200 2
1 0 434846 575299 4 6 4 8 -1 -1 0001001110000100000000000100000000000000200000010000000000000000000100000000000022000000000200100000000022100000002020220 2
2 0 434846 573988 12 12 13 13 -1 -1 0001001110000010000000000100000000000000200000010000000000000000000100000000000022000000000200100000000022100000002020220 2
1 0 430652 573988 12 16 10 10 -1 -1 0001001110000010000000000100000000000000200000010000000000000000000100000000000022000000000200100000000002100000022020220 2
2 0 430652 573079 10 12 11 13 -1 -1 0001001110000010000000000100000000000000200000010000000000000000000100000000000122000000000200100000000002000000022020220 2
1 0 425779 573079 10 10 10 8 -1 -1 0001001110000010000000000100000000000000200000010000000000000000000100000000000102000000000220100000000002000000022020220 2
2 0 425779 572802 6 12 7 11 -1 -1 0001001110000010000000000100000000000000200000010000000000000000000100000000001002000000000220100000000002000000022020220 2
1 0 422812 572802 10 8 4 14 -1 -1 0001001110000010000000000100000000000000000000010020000000000000000100000000001002000000000220100000000002000000022020220 2
2 0 422812 572547 7 11 8 12 -1 -1 0001001110000010010000000100000000000000000000010020000000000000000100000000000002000000000220100000000002000000022020220 2
1 0 418237 572547 4 14 3 15 -1 -1 0001001110000010010000000100000000000000000000010000000000002000000100000000000002000000000220100000000002000000022020220 2
2 0 418237 572259 11 11 9 13 -1 -1 0001001111000010000000000100000000000000000000010000000000002000000100000000000002000000000220100000000002000000022020220 2
1 0 416178 572259 9 7 8 6 -1 -1 0001001111000010000000000100000000000000000000010000000000002000000100200000000002000000000020100000000002000000022020220 2
2 0 416178 571994 10 14 16 12 -1 -1 0001001111000010000000000100000000000000000000010000000001002000000000200000000002000000000020100000000002000000022020220 2
1 0 414194 571994 8 6 4 14 -1 -1 0001001111000010000000000100000000000000000000010000000001002000000000200000000000000000000020100000000002000000022020222 2
2 0 414194 571805 8 12 14 10 -1 -1 0001001111000010010000000100000000000000000000010000000000002000000000200000000000000000000020100000000002000000022020222 2
1 0 411579 571805 7 5 6 4 -1 -1 0001001111000010010000000100000000000000000000010000000000000000000000200000000000000000000020100000000002000000022220222 2
2 0 411579 571654 9 13 10 14 -1 -1 0001001111000010010000000100000000001000000000000000000000000000000000200000000000000000000020100000000002000000022220222 2
1 0 410263 571654 2 10 1 11 -1 -1 0001001111000010010000000100000000001000000000000000000000000000000000000000000002000000000020100000000002000000022220222 2
2 0 410263 571494 10 14 14 14 -1 -1 0100001111000010010000000100000000001000000000000000000000000000000000000000000002000000000020100000000002000000022220222 2
1 0 409045 571494 6 4 2 12 -1 -1 0100001111000010010000000100000000001000000000000000000000000000000000000000000000000000000020100000000002000000022222222 2
2 0 409045 569568 11 13 11 15 -1 -1 0100101111000010010000000100000000000000000000000000000000000000000000000000000000000000000020100000000002000000022222222 2
1 0 407790 569568 2 12 1 13 -1 -1 0100101111000010010000000100000000000000000000000000000000000000000000000000000000000000000002100000000002000000022222222 2
2 0 407790 569522 13 13 13 11 -1 -1 0110001111000010010000000100000000000000000000000000000000000000000000000000000000000000000002100000000002000000022222222 2
1 0 406656 569522 4 14 2 12 -1 -1 0110001111000010010000000100000000000000000000000000000000000000000000000000000000000000000002100000000002000000202222222 2
2 0 406656 569518 11 15 13 9 -1 -1 0110101111000010000000000100000000000000000000000000000000000000000000000000000000000000000002100000000002000000202222222 2
1 0 406343 569518 4 8 0 12 -1 -1 0110101111000010000000000100000000000000000000000000000000000000000000000000000000000000000000100000000002000002202222222 2
2 0 406343 569516 12 14 13 13 -1 -1 1110101111000000000000000100000000000000000000000000000000000000000000000000000000000000000000100000000002000002202222222 2
