1322291289000
kingfish
artificialwintelligence
1 0 599815 600000 14 10 12 12 -1 -1 2222222222000000000000000000000000000000000000000000000000000000000000000000000000000000000000000000000000000001111111111 1
2 0 599815 599723 2 10 4 12 -1 -1 2222222222000000000000000000000000000000000000000000000000000000000000000000000000000000000000000000000010000001111011111 1
1 0 599813 599723 16 12 12 8 -1 -1 2220222222000000200000000000000000000000000000000000000000000000000000000000000000000000000000000000000010000001111011111 1
2 0 599813 599428 4 12 5 11 -1 -1 2220222222000000200000000000000000000000000000000000000000000000000000000000000000000000000000000000001010000001111011110 1
1 0 599806 599428 13 13 11 11 -1 -1 2220222222000000000000000000200000000000000000000000000000000000000000000000000000000000000000000000001010000001111011110 1
2 0 599806 598922 0 12 6 10 -1 -1 2220222222000000000000000000200000000000000000000000000000000000000000000000000000000000000100000000001010000001101011110 1
1 0 599805 598922 14 12 10 12 -1 -1 0220222222000000000000000000200000000002000000000000000000000000000000000000000000000000000100000000001010000001101011110 1
2 0 599805 598519 3 11 4 12 -1 -1 0220222222000000000000000000200000000002000000000000000000000000000000000000000010000000000100000000001010000001101001110 1
1 0 599804 598519 13 11 9 11 -1 -1 0220222022000000200000000000200000000002000000000000000000000000000000000000000010000000000100000000001010000001101001110 1
2 0 599804 597650 1 11 2 10 -1 -1 0220222022000000200000000000200000000002000000000000000000000000000001000000000010000000000100000000001010000001001001110 1
1 0 599619 597650 12 12 8 12 -1 -1 0022222022000000200000000000200000000002000000000000000000000000000001000000000010000000000100000000001010000001001001110 1
2 0 599619 595837 1 13 9 13 -1 -1 0022222022000000200000000000200000000002000000000000000000001000000001000000000010000000000100000000001000000001001001110 1
1 0 594756 595837 13 15 12 14 -1 -1 0002222022000000200000000000200000000002000000000000000000001000000001200000000010000000000100000000001000000001001001110 1
2 0 594756 594263 2 12 6 12 -1 -1 0002222022000000200000000000200000000002000000000000000000001000000001200000000010000000000100000000001001000001000001110 1
1 0 592461 594263 9 11 7 13 -1 -1 0002022022000000200000000000200000000002200000000000000000001000000001200000000010000000000100000000001001000001000001110 1
2 0 592461 592308 2 10 4 8 -1 -1 0002022022000000200000000000200000000002200000000001000000001000000000200000000010000000000100000000001001000001000001110 1
1 0 588689 592308 15 13 9 11 -1 -1 0000022022000020200000000000200000000002200000000001000000001000000000200000000010000000000100000000001001000001000001110 1
2 0 588689 590550 3 15 7 11 -1 -1 0000022022000020200000000000200000000002200000000001000000001000000001200000000010000000000100000000001001000001000001100 1
1 0 583245 590550 13 9 12 10 -1 -1 0000022020000020200000000000200000000002200000000021000000001000000001200000000010000000000100000000001001000001000001100 1
2 0 583245 589095 2 14 3 15 -1 -1 0000022020000020200000000000200000000002200000000021000000001000000001200000000010000000000100000000001101000000000001100 1
1 0 577336 589095 12 8 10 10 -1 -1 0000002022000020200000000000200000000002200000000021000000001000000001200000000010000000000100000000001101000000000001100 1
2 0 577336 587756 3 15 5 13 -1 -1 0000002022000020200000000000200000000002200000000021000000001000000001200000000110000000000100000000000101000000000001100 1
1 0 572346 587756 10 12 8 10 -1 -1 0000002020000020200000000000220000000002200000000021000000001000000001200000000110000000000100000000000101000000000001100 1
2 0 572346 586594 3 9 5 7 -1 -1 0000002020000020200000000000220000000002200000000021000000011000000001200000000100000000000100000000000101000000000001100 1
1 0 567453 586594 12 10 8 14 -1 -1 0000000020000020200000000020220000000002200000000021000000011000000001200000000100000000000100000000000101000000000001100 1
2 0 567453 585007 4 12 6 14 -1 -1 0000000020000020200000000020220000000002200000000021000000011100000001200000000100000000000100000000000001000000000001100 1
1 0 562243 585007 14 14 14 12 -1 -1 0000000020000020000000000020220000000002220000000021000000011100000001200000000100000000000100000000000001000000000001100 1
2 0 562243 583565 3 13 4 14 -1 -1 0000000020000020000000000020220000000002220000000021000000011100000001200000000100000000000100000000000001000000000010100 1
1 0 557731 583565 9 11 7 9 -1 -1 0000000000000020020000000020220000000002220000000021000000011100000001200000000100000000000100000000000001000000000010100 1
2 0 557731 582392 4 8 6 6 -1 -1 0000000000000020020000000020220000000002220000000121000000011100000000200000000100000000000100000000000001000000000010100 1
1 0 552844 582392 8 10 4 6 -1 -1 0000000000000000020000000020220000000202220000000121000000011100000000200000000100000000000100000000000001000000000010100 1
2 0 552844 580645 5 13 7 15 -1 -1 0000000000000100020000000020220000000202220000000121000000001100000000200000000100000000000100000000000001000000000010100 1
1 0 547329 580645 7 13 3 13 -1 -1 0000000000000100020000000020200000000202220000000121200000001100000000200000000100000000000100000000000001000000000010100 1
2 0 547329 576462 5 11 13 15 -1 -1 0000000010000100020000000020200000000202220000000120200000001100000000200000000100000000000100000000000001000000000010100 1
1 0 535004 576462 11 11 11 13 -1 -1 0000000010000100020000000020000000000202220000000120200000001100000000200000000100000000000100000000000001000000002010100 1
2 0 535004 574756 6 14 8 16 -1 -1 0000000010000100020000000020000000000202220000000120200000001100000000200000000100000000000010000000000001000000002010100 1
1 0 526199 574756 15 11 11 11 -1 -1 0000000010000100020000000020000000000202200000000120200000001120000000200000000100000000000010000000000001000000002010100 1
2 0 526199 572956 6 12 8 10 -1 -1 0000000010000100020000000020000000000202200000000120200000001120000000200000000100000000000110000000000001000000002010000 1
1 0 516412 572956 7 9 5 11 -1 -1 0000000010000100020000000020000000000202000000000120200000021120000000200000000100000000000110000000000001000000002010000 1
2 0 516412 571572 7 15 9 17 -1 -1 0000000010000100020000000020100000000202000000000020200000021120000000200000000100000000000110000000000001000000002010000 1
1 0 504110 571572 12 14 10 12 -1 -1 0000000010000100020000000020100000000202000000000020000000021120000000202000000100000000000110000000000001000000002010000 1
2 0 504110 569886 4 14 5 13 -1 -1 0000000010000100020000000020100000000202000000000020000000021120000000202000000110000000000110000000000000000000002010000 1
1 0 493222 569886 11 13 7 13 -1 -1 0000000010000100000000000020120000000202000000000020000000021120000000202000000110000000000110000000000000000000002010000 1
2 0 493222 567932 5 13 7 7 -1 -1 0000000010000100000000000020120000000202000000000021000000021120000000202000000110000000000100000000000000000000002010000 1
1 0 488683 567932 5 11 5 13 -1 -1 0000000010000100000000000020100000000202000000002021000000021120000000202000000110000000000100000000000000000000002010000 1
2 0 488683 564395 5 7 11 13 -1 -1 0000000010000100000000000020010000000202000000002021000000021120000000202000000110000000000100000000000000000000002010000 1
1 0 476026 564395 8 14 2 12 -1 -1 0000000010000100000000000000010000000202000000002021000000021120000000202000000110000000000120000000000000000000002010000 1
2 0 476026 561099 6 10 7 9 -1 -1 0000100010000100000000000000010000000202000000002021000000021020000000202000000110000000000120000000000000000000002010000 1
1 0 468183 561099 8 12 2 10 -1 -1 0000100010000100000000000000010000000200000000002221000000021020000000202000000110000000000120000000000000000000002010000 1
2 0 468183 559281 6 6 12 12 -1 -1 0001100010000100000000000000010000000200000000002221000000020020000000202000000110000000000120000000000000000000002010000 1
1 0 453644 559281 10 10 2 14 -1 -1 0001100010000100000000000000010000000000000000002221000000020020000000202000000110000000000120000000000020000000002010000 1
2 0 453644 556124 8 16 10 18 -1 -1 0001110010000100000000000000010000000000000000002221000000020020000000202000000010000000000120000000000020000000002010000 1
1 0 449230 556124 10 12 4 14 -1 -1 0001110010000100000000000000010000000000000000002221000000020000000000202000000010020000000120000000000020000000002010000 1
2 0 449230 554203 7 9 11 17 -1 -1 0001110010000100010000000000010000000000000000002221000000020000000000202000000000020000000120000000000020000000002010000 1
1 0 441970 554203 5 13 3 11 -1 -1 0001110010000100010000000000010000000000000000002021000000020000000000202000000000020000000120200000000020000000002010000 1
2 0 441970 552012 8 10 12 14 -1 -1 0001110110000100010000000000000000000000000000002021000000020000000000202000000000020000000120200000000020000000002010000 1
1 0 435908 552012 14 12 13 13 -1 -1 0001110110000100010000000000000000000000000000002021000000000000000000202000000000020000000120200000000022000000002010000 1
2 0 435908 551050 11 13 13 11 -1 -1 0001110110000100010000000000000000000000000000002021000000000000000000202000000000020000000120200000000022000000012000000 1
1 0 432010 551050 11 11 10 10 -1 -1 0001110110000100010000000000000000000000000000002021000000000000000000202000000000020000000100200000000022000000212000000 1
2 0 432010 550126 10 18 14 14 -1 -1 0001110110000100010000000000000000000000000000002021000000000000000000202000000100020000000000200000000022000000212000000 1
1 0 427612 550126 13 13 9 9 -1 -1 0001110110000100010000000000000000000000000000002021000000000000000000202000000100000000000000200000000022000000212002000 1
2 0 427612 548765 14 14 15 13 -1 -1 0001110110000100010000000000000000000000000000002021000000000000000010202000000100000000000000200000000022000000202002000 1
1 0 422307 548765 10 10 6 6 -1 -1 0001110110000100010000000000000000000000000000002021000000000000000010202000000100000000000000200000000022000000202000020 1
2 0 422307 547463 9 17 10 18 -1 -1 0001110110000100010000000000000000000100000000002021000000000000000010202000000000000000000000200000000022000000202000020 1
1 0 419776 547463 7 13 5 7 -1 -1 0001110110000100010000000000000000000100000000002021000000000000000010200000000000020000000000200000000022000000202000020 1
2 0 419776 546720 12 14 14 12 -1 -1 0001110110000100010000000010000000000100000000002020000000000000000010200000000000020000000000200000000022000000202000020 1
1 0 417856 546720 6 6 4 8 -1 -1 0001110110000100010000000010000000000100000000002020000000000000000010200000000000020000000000200000000020000000202020020 1
2 0 417856 546066 12 12 16 12 -1 -1 0001110110000110010000000010000000000000000000002020000000000000000010200000000000020000000000200000000020000000202020020 1
1 0 416033 546066 4 14 3 15 -1 -1 0001110110000110010000000010000000000000000000002020000000000000000010200000000000020000000000200000000000000000202020022 1
2 0 416033 545213 10 18 14 14 -1 -1 0001110111000110000000000010000000000000000000002020000000000000000010200000000000020000000000200000000000000000202020022 1
1 0 414477 545213 9 9 8 10 -1 -1 0001110111000110000000000010000000000000000000002020000000000000000010200000000000000000000000200000000000000000202022022 1
2 0 414477 544239 7 11 9 9 -1 -1 0001110111000110000000000010000000000000000000002020000000010000000000200000000000000000000000200000000000000000202022022 1
1 0 413316 544239 5 7 1 11 -1 -1 0001110111000110000000000010000000000000000000002000000000010000000020200000000000000000000000200000000000000000202022022 1
2 0 413316 543715 7 7 8 8 -1 -1 0101110111000110000000000000000000000000000000002000000000010000000020200000000000000000000000200000000000000000202022022 1
1 0 412251 543715 2 12 1 13 -1 -1 0101110111000110000000000000000000000000000000000000000000210000000020200000000000000000000000200000000000000000202022022 1
2 0 412251 542862 8 8 10 10 -1 -1 0111010111000110000000000000000000000000000000000000000000210000000020200000000000000000000000200000000000000000202022022 1
1 0 411180 542862 4 6 2 12 -1 -1 0111010111000110000000000000000000000000000000000000000000010000000020200000000200000000000000200000000000000000202022022 1
2 0 411180 542428 9 9 11 11 -1 -1 0111110111000010000000000000000000000000000000000000000000010000000020200000000200000000000000200000000000000000202022022 1
1 0 410256 542428 4 8 3 9 -1 -1 0111110111000010000000000000000000000000000000000000000000010000000000200000000200000000000200200000000000000000202022022 1
2 0 410256 542063 10 10 12 12 -1 -1 0111111111000000000000000000000000000000000000000000000000010000000000200000000200000000000200200000000000000000202022022 1
1 0 409648 542063 8 10 7 11 -1 -1 0111111111000000000000000000000000000000000000000000000000010000000000200000000000000000000200200000000020000000202022022 1
2 0 409648 541602 11 11 15 11 -1 -1 0111111111000000000000000000000000000000000000000010000000000000000000200000000000000000000200200000000020000000202022022 1
1 0 409222 541602 7 11 6 12 -1 -1 0111111111000000000000000000000000000000000000000010000000000000000000200000000000000000000000200000000020000000202022222 1
2 0 409222 541236 9 13 10 14 -1 -1 0111111111000000000000000000000000000000100000000000000000000000000000200000000000000000000000200000000020000000202022222 1
1 0 408848 541236 2 10 0 12 -1 -1 0111111111000000000000000000000000000000100000000000000000000000000000000000000002000000000000200000000020000000202022222 1
2 0 408848 541025 10 14 11 15 -1 -1 1110111111000000000000000000000000000000100000000000000000000000000000000000000002000000000000200000000020000000202022222 1
1 0 407924 541025 6 12 5 11 -1 -1 1110111111000000000000000000000000000000100000000000000000000000000000000000000000000000000002200000000020000000202022222 1
2 0 407924 540735 11 17 12 16 -1 -1 1110111111000000000000000000100000000000000000000000000000000000000000000000000000000000000002200000000020000000202022222 1
1 0 407210 540735 5 11 4 12 -1 -1 1110111111000000000000000000100000000000000000000000000000000000000000000000000000000000000002000000000020200000202022222 1
2 0 407210 540377 12 12 14 10 -1 -1 1110111111000000100000000000000000000000000000000000000000000000000000000000000000000000000002000000000020200000202022222 1
1 0 406973 540377 4 12 2 10 -1 -1 1110111111000000100000000000000000000000000000000000000000000000000000000000000000000000000002000000000000200000202222222 1
