1322289911000
googolhex
kingfish
1 0 599545 600000 13 11 12 10 -1 -1 2222222222000000000000000000000000000000000000000000000000000000000000000000000000000000000000000000000000000001111111111 2
2 0 599545 599906 2 14 4 12 -1 -1 2222222222000000000000000000000000000000000000000000000000000000000000000000000000000000000000000000000100000001011111111 2
1 0 598859 599906 13 15 11 9 -1 -1 2222202222000000200000000000000000000000000000000000000000000000000000000000000000000000000000000000000100000001011111111 2
2 0 598859 599905 0 12 4 16 -1 -1 2222202222000000200000000000000000000000000000000000000000000000000000000000000000000000001000000000000100000001010111111 2
1 0 597767 599905 14 14 10 10 -1 -1 0222202222000000202000000000000000000000000000000000000000000000000000000000000000000000001000000000000100000001010111111 2
2 0 597767 599904 3 11 5 13 -1 -1 0222202222000000202000000000000000000000000000000000000000000000000000000000000100000000001000000000000100000001010110111 2
1 0 595361 599904 16 12 12 12 -1 -1 0222202022000000202000000000020000000000000000000000000000000000000000000000000100000000001000000000000100000001010110111 2
2 0 595361 599903 2 12 6 12 -1 -1 0222202022000000202000000000020000000000000000000000000000000000000000000000000100000000001000000000000110000001010110110 2
1 0 591039 599903 15 13 11 13 -1 -1 0222002022000000202000000000020000000000200000000000000000000000000000000000000100000000001000000000000110000001010110110 2
2 0 591039 599902 3 13 7 13 -1 -1 0222002022000000202000000000020000000000200000000000000000000000000000000000000100000000001010000000000110000001010110100 2
1 0 583799 599902 14 12 10 8 -1 -1 0222002002000000202000000000020000000000200000000002000000000000000000000000000100000000001010000000000110000001010110100 2
2 0 583799 599723 4 12 8 12 -1 -1 0222002002000000202000000000020000000000200000000002000000000000000000000000001100000000001010000000000110000001010100100 2
1 0 577418 599723 13 13 9 9 -1 -1 0222002002000000002000000000020000000000200000000002000000002000000000000000001100000000001010000000000110000001010100100 2
2 0 577418 593832 3 9 4 10 -1 -1 0222002002000000002000000000020000000000200000000002000000002000000010000000001100000000001010000000000110000001000100100 2
1 0 571792 593832 12 12 12 8 -1 -1 0222000002000002002000000000020000000000200000000002000000002000000010000000001100000000001010000000000110000001000100100 2
2 0 571792 591057 1 11 5 15 -1 -1 0222000002000002002000000000020000000000200000000002000000002000000010000000001100000000001010000000001100000001000100100 2
1 0 568913 591057 11 13 10 12 -1 -1 0022000002000002002000000000022000000000200000000002000000002000000010000000001100000000001010000000001100000001000100100 2
2 0 568913 585143 5 13 11 11 -1 -1 0022000002000002002000000000022000000000200000000002000000002000000010000000001110000000001000000000001100000001000100100 2
1 0 567615 585143 9 9 8 8 -1 -1 0022000002000002002000000000002000000000200000000002000000002000000010000000001110000000001200000000001100000001000100100 2
2 0 567615 581700 3 15 7 11 -1 -1 0022000002000002002000000000002000000000200000000002000000102000000000000000001110000000001200000000001100000001000100100 2
1 0 566375 581700 13 9 9 9 -1 -1 0022000000000002002000000000002000000000200000000022000000102000000000000000001110000000001200000000001100000001000100100 2
2 0 566375 576920 11 11 13 9 -1 -1 0022000000000002002000000000002000000000200000000022000000102000000010000000001110000000001200000000001100000000000100100 2
1 0 564761 576920 14 10 13 11 -1 -1 0022000000000002002000000000002000000000200000000022000000102000000010000000001110000000001000000000001100000002000100100 2
2 0 564761 571950 4 16 6 14 -1 -1 0022000000000002002000000000002000000000200000000022000000102000000010000000001110000000001000000000001100000002100000100 2
1 0 562495 571950 15 11 14 10 -1 -1 0022000000000002000000000000002000000000220000000022000000102000000010000000001110000000001000000000001100000002100000100 2
2 0 562495 567910 2 10 3 9 -1 -1 0022000000000002000000000000002000000000220000000022000000102000000010000000001110000000001000000000001100000002100100000 2
1 0 560895 567910 11 9 9 11 -1 -1 0020002000000002000000000000002000000000220000000022000000102000000010000000001110000000001000000000001100000002100100000 2
2 0 560895 562849 7 13 11 9 -1 -1 0020002000000002000000000000002000000000220000000022000000102000000011000000001110000000000000000000001100000002100100000 2
1 0 553163 562849 10 12 8 10 -1 -1 0020002000000002000000000000002000000000220000000020000000102000000011000000001110000000002000000000001100000002100100000 2
2 0 553163 559889 3 9 7 13 -1 -1 0020002000000002000000000000002000000000220000000020000000112000000011000000001100000000002000000000001100000002100100000 2
1 0 550033 559889 14 10 12 12 -1 -1 0020000000000002000000000000002000000000220000000022000000112000000011000000001100000000002000000000001100000002100100000 2
2 0 550033 556009 1 13 2 12 -1 -1 0020000000000002000000000000002000000000220000000022000000112000000011000000001100000000002000000000001110000002100000000 2
1 0 545612 556009 9 11 7 9 -1 -1 0000200000000002000000000000002000000000220000000022000000112000000011000000001100000000002000000000001110000002100000000 2
2 0 545612 552165 8 12 9 13 -1 -1 0000200000000002000000000000002000000000220000000122000000112000000010000000001100000000002000000000001110000002100000000 2
1 0 538210 552165 12 12 11 11 -1 -1 0000200000000002000000000000002000000000220000000122000000110000000010200000001100000000002000000000001110000002100000000 2
2 0 538210 548850 6 14 10 14 -1 -1 0000200000000002000000000000002000000000220000000122000000110000000010200000001100000000002100000000001100000002100000000 2
1 0 529290 548850 12 10 10 12 -1 -1 0000200000000002000000000000002000000000200000000122000000110000000010200000001102000000002100000000001100000002100000000 2
2 0 529290 544384 6 12 8 14 -1 -1 0000200000000002000000000000002000000000200000000122000000110000000010200000001112000000002100000000001000000002100000000 2
1 0 519896 544384 10 12 9 11 -1 -1 0000200000000002000000000000002000000000000000000122000000110200000010200000001112000000002100000000001000000002100000000 2
2 0 519896 538443 7 13 11 13 -1 -1 0000200000000002000000000000002000000000000000000122000000110200000011200000001102000000002100000000001000000002100000000 2
1 0 508352 538443 10 10 6 10 -1 -1 0000200000000002000000000000002000000000000000000120000000110200000011200000001102000000002120000000001000000002100000000 2
2 0 508352 531201 8 14 12 14 -1 -1 0000200000000002000000000000002000000001000000000120000000110200000011200000001002000000002120000000001000000002100000000 2
1 0 499833 531201 13 11 14 10 -1 -1 0000200000000002000000000000002000000001000000000120000000110000000011200000001002000000002120000000001002000002100000000 2
2 0 499833 525782 9 13 13 13 -1 -1 0000200000000002000000000000002000000001000000000120000000110000000011200000001002000000002120000000001002000002000100000 2
1 0 493141 525782 6 10 5 11 -1 -1 0000200000000002000000000000002000000001000000000120000000110000000011000000001002000000002120000000001002000002020100000 2
2 0 493141 519890 7 11 8 12 -1 -1 0000200000000002000000000000102000000000000000000120000000110000000011000000001002000000002120000000001002000002020100000 2
1 0 486160 519890 8 8 4 12 -1 -1 0000200000000002000000000000102000000000000000000100000000112000000011000000001002000000002120000000001002000002020100000 2
2 0 486160 514610 8 12 10 10 -1 -1 0000200000000002100000000000102000000000000000000100000000012000000011000000001002000000002120000000001002000002020100000 2
1 0 481414 514610 14 10 13 11 -1 -1 0000200000000002100000000000102000000000000000000100000000010000000011000000001202000000002120000000001002000002020100000 2
2 0 481414 508188 10 14 14 14 -1 -1 0000200000000002100000000000102000000000000000000100000000010000000011000000001202000000002120000000001002000002120000000 2
1 0 475171 508188 13 11 12 10 -1 -1 0000200000000002100000000000102000000000000000000100000000010000000011000000001200000000002120000000001002000002120002000 2
2 0 475171 502587 11 9 13 11 -1 -1 0000200000000002100000000000102000000000000000000100000000010000000011000000001200000000002120000000001102000002020002000 2
1 0 469947 502587 12 10 11 9 -1 -1 0000200000000002100000000000102000000000000000000100000000010000000011000000001200000000000120000000001102000002220002000 2
2 0 469947 495913 11 13 15 13 -1 -1 0000200000000002100000000000102000000000000000000100000000010000000011000000001200000000001120000000001002000002220002000 2
1 0 469945 495913 5 11 1 11 -1 -1 0000200000000002100000000000102000000000000000000100000000010000000011000000001200000000001100000000001002000002220002020 2
2 0 469945 491799 2 12 3 11 -1 -1 0100200000000002100000000000002000000000000000000100000000010000000011000000001200000000001100000000001002000002220002020 2
1 0 469944 491799 4 12 0 12 -1 -1 0100000200000002100000000000002000000000000000000100000000010000000011000000001200000000001100000000001002000002220002020 2
2 0 469944 488387 3 11 5 9 -1 -1 1100000200000002000000000000002000000000000000000100000000010000000011000000001200000000001100000000001002000002220002020 2
1 0 469943 488387 11 9 9 7 -1 -1 1100000000000002000000000002002000000000000000000100000000010000000011000000001200000000001100000000001002000002220002020 2
2 0 469943 483527 4 10 6 8 -1 -1 1100000000000002000000000002002000000000000000000100000000010000000111000000001200000000000100000000001002000002220002020 2
1 0 469942 483527 10 8 8 6 -1 -1 1100000000000000000000000002002000000020000000000100000000010000000111000000001200000000000100000000001002000002220002020 2
2 0 469942 479838 10 10 14 10 -1 -1 1100000000000000000000000002002000000020000000000100000001010000000111000000000200000000000100000000001002000002220002020 2
1 0 469942 479838 9 9 7 11 6 10 1100000000000000000000000002002000000020000000000100000001010000000111000000000000000000000100000000001002000002220202020 2
2 0 469942 475394 5 9 9 13 -1 -1 1100000000000000000000000002002000000023000000000110000001010000000101000000000000000000000100000000001002000002220202020 2
1 0 469941 475394 9 7 7 5 -1 -1 1100000000000000000000000000002000000023000000000110000001010000000101200000000000000000000100000000001002000002220202020 2
2 0 469941 470744 12 14 14 12 -1 -1 1100000000000000000000000000002000000023000000010110000001010000000001200000000000000000000100000000001002000002220202020 2
1 0 469941 470744 8 10 6 12 11 15 1100000000000000000000000000002000000023000000010110000001010000000001200000000000000000000100000000001000000002220222020 2
2 0 469941 467232 6 8 12 10 -1 -1 1100000000000000000000000000002000000023100000010110000001000000000001200000000000000000000103000000001000000002220222020 2
1 0 469941 467232 12 8 8 12 -1 -1 1100000000000000000000000000002000000003100000010110000001000000000001200000000000000000000103000000001200000002220222020 2
2 0 469941 465281 5 15 6 14 -1 -1 1100000000000000000000000000002000000003100000010110000001001000000001200000000000000000000103000000000200000002220222020 2
1 0 469941 465281 9 11 5 15 -1 -1 1100000000000000000000000000000000000003120000010110000001001000000001200000000000000000000103000000000200000002220222020 2
2 0 469941 463434 6 14 7 13 -1 -1 1100000000000000000000000000001000000003120000010110000001001000000000200000000000000000000103000000000200000002220222020 2
1 0 469940 463434 8 12 4 16 -1 -1 1100000000000000000000000000001000000003100000010112000001001000000000200000000000000000000103000000000200000002220222020 2
2 0 469940 462215 7 13 8 12 -1 -1 1100000000000000001000000000001000000003100000010112000001000000000000200000000000000000000103000000000200000002220222020 2
1 0 469940 462215 7 11 3 15 -1 -1 1100000000000000001000000000001000000003100000010110000001002000000000200000000000000000000103000000000200000002220222020 2
2 0 469940 460342 8 12 12 16 -1 -1 1100000001000000001000000000001000000003100000010100000001002000000000200000000000000000000103000000000200000002220222020 2
1 0 469940 460342 7 9 5 11 -1 -1 1100000001000000001000000000001000000003100000010100000001000000000000200000000000000000000103000000000200200002220222020 2
2 0 469940 459350 12 16 13 15 -1 -1 1100000001000000001000000000101000000003100000010000000001000000000000200000000000000000000103000000000200200002220222020 2
1 0 469940 459350 6 12 4 10 -1 -1 1100000001000000001000000000101000000003100000010000000001000000000000200000000000000000000103000000000200000002222222020 2
2 0 469940 458372 9 13 10 14 -1 -1 1100000001000001001000000000101000000003000000010000000001000000000000200000000000000000000103000000000200000002222222020 2
1 0 469940 458372 5 11 3 9 -1 -1 1100000001000001001000000000101000000003000000010000000001000000000000000000000002000000000103000000000200000002222222020 2
2 0 469940 457116 12 10 12 12 -1 -1 1100001001000001001000000000001000000003000000010000000001000000000000000000000002000000000103000000000200000002222222020 2
1 0 469940 457116 4 16 2 14 -1 -1 1100001001000001001000000000001000000003000000010000000001000000000000000000000002000000000103000000000020000002222222020 2
2 0 469940 455902 13 9 15 11 -1 -1 1100011001000001000000000000001000000003000000010000000001000000000000000000000002000000000103000000000020000002222222020 2
1 0 469940 455902 3 15 1 13 -1 -1 1100011001000001000000000000001000000003000000010000000001000000000000000000000002000000000103000000000020000000222222220 2
2 0 469940 455300 10 14 12 16 -1 -1 1110011000000001000000000000001000000003000000010000000001000000000000000000000002000000000103000000000020000000222222220 2
1 0 469940 455300 11 11 10 12 -1 -1 1110011000000001000000000000001000000003000000010000000001000000000000000000000000000000000103000000000020200000222222220 2
2 0 469940 454512 12 16 12 14 -1 -1 1110011000000001000000000000001000000003000000010000000001000000000000000000000010000000000003000000000020200000222222220 2
1 0 469940 454512 10 12 9 13 -1 -1 1110011000000001000000000000001000000003000000010000000001000000000000000000000010000000000003000000000022000000222222220 2
2 0 469940 453990 14 10 16 12 -1 -1 1110011000000001000000000000001000000003000000010000000001000000000000100000000000000000000003000000000022000000222222220 2
1 0 469939 453990 9 13 8 14 -1 -1 1110011000000001000000000000001000000003000000010000000001000000000000100000000000000000000003000000000022000000222022222 2
2 0 469939 453556 12 12 14 10 -1 -1 1110011000000001000000000000001000000003000000010000000001000100000000000000000000000000000003000000000022000000222022222 2
1 0 469938 453556 8 14 7 15 -1 -1 1110011000000001000000000000001000000003000000010000000001000100000000000000000000000000000003000000000002000000222222222 2
2 0 469938 453322 13 13 13 9 -1 -1 1110011000000001000000000000001000000003000000010000100001000000000000000000000000000000000003000000000002000000222222222 2
1 0 469937 453322 8 6 6 4 -1 -1 1110011000000001000000000000001000000003000000010000100001000000000000000000000000000000000003000000000002000002202222222 2
2 0 469937 453047 12 14 13 13 -1 -1 1110011000000001000000000000001000001003000000010000100000000000000000000000000000000000000003000000000002000002202222222 2
