1322289383000
kingfish
benny
1 0 599812 600000 14 10 12 12 -1 -1 2222222222000000000000000000000000000000000000000000000000000000000000000000000000000000000000000000000000000001111111111 1
2 0 599812 599997 2 14 4 12 -1 -1 2222222222000000000000000000000000000000000000000000000000000000000000000000000000000000000000000000000010000001111011111 1
1 0 599811 599997 16 12 12 8 -1 -1 2222202222000000200000000000000000000000000000000000000000000000000000000000000000000000000000000000000010000001111011111 1
2 0 599811 599996 0 12 4 16 -1 -1 2222202222000000200000000000000000000000000000000000000000000000000000000000000000000000000000000000001010000001111011110 1
1 0 599810 599996 13 13 11 11 -1 -1 0222202222000000202000000000000000000000000000000000000000000000000000000000000000000000000000000000001010000001111011110 1
2 0 599810 599995 3 13 5 11 -1 -1 0222202222000000202000000000000000000000000000000000000000000000000000000000000000000000000100000000001010000001101011110 1
1 0 599810 599995 14 12 10 12 -1 -1 0222202202000000202000000000200000000000000000000000000000000000000000000000000000000000000100000000001010000001101011110 1
2 0 599810 599994 2 12 6 12 -1 -1 0222202202000000202000000000200000000000000000000000000000000000000000000000000010000000000100000000001010000001101001110 1
1 0 599809 599994 13 11 9 11 -1 -1 0222002202000000202000000000200000000000200000000000000000000000000000000000000010000000000100000000001010000001101001110 1
2 0 599809 599993 3 11 7 11 -1 -1 0222002202000000202000000000200000000000200000000000000000000000000001000000000010000000000100000000001010000001001001110 1
1 0 594019 599993 12 12 6 10 -1 -1 0222002002000000202000000000200000000000200000000020000000000000000001000000000010000000000100000000001010000001001001110 1
2 0 594019 599992 6 12 8 10 -1 -1 0222002002000000202000000000200000000001200000000020000000000000000001000000000010000000000100000000001000000001001001110 1
1 0 587767 599992 13 15 13 13 -1 -1 0222002002000000202000000000200000000001000000000020000000020000000001000000000010000000000100000000001000000001001001110 1
2 0 587767 599991 7 11 9 13 6 8 0222002002000000202000000000200000000001000000000020000000020000000001000000000010000000000100000000001000000001010001110 1
1 0 582301 599991 14 14 10 10 -1 -1 0222002002000000202000000000200000000031000000000000000000020000000001200000000010000000000100000000001000000001010001110 1
2 0 582301 599990 5 11 7 9 11 15 0222002002000000202000000000200000000031000000000000000000020000000001200000000110000000000100000000001000000001010000110 1
1 0 575888 599990 11 11 5 9 -1 -1 0222002002000000202000000000000000000031000000000200000000020000000001200000000110000000000103000000001000000001010000110 1
2 0 575888 599989 9 13 11 11 -1 -1 0222002002000000202000000001000000000031000000000200000000020000000001200000000110000000000003000000001000000001010000110 1
1 0 571366 599989 6 10 4 8 -1 -1 0222002002000000202000000001000000000031000000000200000000020000000001000000000110000000000203000000001000000001010000110 1
2 0 571366 599988 3 9 5 7 -1 -1 0222002002000010202000000001000000000030000000000200000000020000000001000000000110000000000203000000001000000001010000110 1
1 0 564225 599988 10 10 6 6 -1 -1 0222000002000010202000000021000000000030000000000200000000020000000001000000000110000000000203000000001000000001010000110 1
2 0 564225 599987 5 7 7 5 -1 -1 0222000002000010202000000021000000000130000000000200000000020000000001000000000010000000000203000000001000000001010000110 1
1 0 556635 599987 12 8 6 10 -1 -1 0222000002000010202000000001000000000130000000020200000000020000000001000000000010000000000203000000001000000001010000110 1
2 0 556635 599986 1 11 5 11 -1 -1 0222000002000010202000000001000000000131000000020200000000020000000001000000000010000000000203000000000000000001010000110 1
1 0 552519 599986 15 11 16 12 -1 -1 0022000002000010202000000001200000000131000000020200000000020000000001000000000010000000000203000000000000000001010000110 1
2 0 552519 599985 3 15 5 17 -1 -1 0022000002000010202000000001200000000131000000020200000000020000000001000000000010000000000203000000000000000001010000011 1
1 0 548572 599985 16 12 8 8 -1 -1 0022000000000010202000000001200200000131000000020200000000020000000001000000000010000000000203000000000000000001010000011 1
2 0 548572 599984 7 9 9 7 -1 -1 0022000000000010202000000001200200000131000000020200000000120000000001000000000010000000000203000000000000000001010000010 1
1 0 542598 599984 15 13 14 14 -1 -1 0022000000000010202000000001200200000131000000020000000000120000000201000000000010000000000203000000000000000001010000010 1
2 0 542598 599983 8 10 10 8 -1 -1 0022000000000010202000000001200200000131000000020000000000120000000201000000000010000000000203000000000000000001010001000 1
1 0 537237 599983 14 14 8 12 -1 -1 0022000000000010202000000001200200000131000000020000000000100000000201000000002010000000000203000000000000000001010001000 1
2 0 537237 599982 9 7 11 13 -1 -1 0022000000000010202000000001200200000131000000020000000000101000000201000000002010000000000203000000000000000001010000000 1
1 0 531479 599982 8 8 7 9 -1 -1 0022000000000010202000000001200200000131000000020000000000101000000001000000002010000000000223000000000000000001010000000 1
2 0 531479 599981 4 16 6 18 -1 -1 0022000000000010202000000001200200000131000000020100000000001000000001000000002010000000000223000000000000000001010000000 1
1 0 525721 599981 7 9 1 11 -1 -1 0022000000000010200000000001200200000131000200020100000000001000000001000000002010000000000223000000000000000001010000000 1
2 0 525721 599980 5 17 7 19 -1 -1 0122000000000010200000000001200200000131000200020000000000001000000001000000002010000000000223000000000000000001010000000 1
1 0 521216 599980 5 9 3 11 -1 -1 0122000000000010200000000001200000000131000200020000002000001000000001000000002010000000000223000000000000000001010000000 1
2 0 521216 599979 6 18 8 20 -1 -1 0122000100000010200000000000200000000131000200020000002000001000000001000000002010000000000223000000000000000001010000000 1
1 0 514968 599979 8 12 7 11 -1 -1 0122000100000010200000000000200000000131000000020000002000001000200001000000002010000000000223000000000000000001010000000 1
2 0 514968 599978 5 11 7 13 -1 -1 0122000100000010200000000000200000000131000000020010002000000000200001000000002010000000000223000000000000000001010000000 1
1 0 507448 599978 13 13 12 12 -1 -1 0122000100000010200000000000000000000131000000020012002000000000200001000000002010000000000223000000000000000001010000000 1
2 0 507448 599977 11 13 13 11 -1 -1 0122000100000010200000000000000000000131000000020012002000000000200001000000002010000000000223000000000010000001000000000 1
1 0 499020 599977 12 12 6 14 -1 -1 0122000100000010200000000000000000000131000000020012002000000000200001000000002010000000000203000000000010000001200000000 1
2 0 499020 599970 13 11 14 12 -1 -1 0122000100000010200000000000000000000131010000020012002000000000200001000000002010000000000203000000000000000001200000000 1
1 0 490713 599970 10 12 6 16 -1 -1 0122000100000010200000000000000000000131010000020012002000000000200001000000002010000000000203000000000000000001000020000 1
2 0 490713 599969 7 13 9 19 -1 -1 0122000100000010200000000000000000000131011000020012002000000000200001000000002000000000000203000000000000000001000020000 1
1 0 482393 599969 9 11 8 10 -1 -1 0122000100000010200000000000000000000131011000020010002000000000200001000200002000000000000203000000000000000001000020000 1
2 0 482393 599968 8 20 10 18 -1 -1 0122000100000010200000000000000000000131011000020010002000010000200000000200002000000000000203000000000000000001000020000 1
1 0 474521 599968 6 16 5 15 -1 -1 0122000100000010200000000000000000000131011000020010002000010000000000000200002000020000000203000000000000000001000020000 1
2 0 474521 599967 9 19 11 17 -1 -1 0122000100000010200000000000001000000131010000020010002000010000000000000200002000020000000203000000000000000001000020000 1
1 0 468238 599967 8 10 2 12 -1 -1 0122000100000010200000000000001000000131010000020010002000010000000000000000002000020000000203200000000000000001000020000 1
2 0 468238 599967 10 18 12 16 -1 -1 0122100100000010200000000000001000000131010000020010002000000000000000000000002000020000000203200000000000000001000020000 1
1 0 464810 599967 5 15 3 13 -1 -1 0122100100000010200000000000001000000131010000020010002000000000000000000000002000000000000203200000000000200001000020000 1
2 0 464810 599967 11 17 13 15 -1 -1 0122100110000010200000000000000000000131010000020010002000000000000000000000002000000000000203200000000000200001000020000 1
1 0 460376 599967 6 6 5 7 -1 -1 0122100110000010200000000000000000000131010000020010002000000000000000000000002000000000000203000000000000200001002020000 1
2 0 460376 599966 12 16 14 14 -1 -1 0122100110000010200000000010000000000031010000020010002000000000000000000000002000000000000203000000000000200001002020000 1
1 0 456555 599966 7 11 5 5 -1 -1 0122100110000010200000000010000000000031010000020010002000000000000000000000002000000000000203000000000000000001002022000 1
2 0 456555 599964 13 15 15 13 -1 -1 0122100110000010200000000110000000000031010000020000002000000000000000000000002000000000000203000000000000000001002022000 1
1 0 453168 599964 5 7 3 9 -1 -1 0122100110000010200000000110000000000031010000020000002000000000000000000000002000000000000203000000000000000001000022020 1
2 0 453168 599964 14 14 16 12 -1 -1 0122101110000010200000000100000000000031010000020000002000000000000000000000002000000000000203000000000000000001000022020 1
1 0 449648 599964 6 14 5 13 -1 -1 0122101110000010200000000100000000000031010000020000002000000000000000000000002000000000000203000000000000000001000020022 1
2 0 449648 599963 4 12 6 14 -1 -1 0122101110000010200000000100010000000031000000020000002000000000000000000000002000000000000203000000000000000001000020022 1
1 0 446799 599963 5 13 4 12 -1 -1 0122101110000010000000000100010000000031020000020000002000000000000000000000002000000000000203000000000000000001000020022 1
2 0 446799 599962 14 12 15 11 -1 -1 0122101110000010100000000100000000000031020000020000002000000000000000000000002000000000000203000000000000000001000020022 1
1 0 444376 599962 6 10 4 4 -1 -1 0122101110000010100000000100000000000031020000020000002000000000000000000000002000000000000203000000000000000001000000222 1
2 0 444376 599961 11 11 12 10 -1 -1 0122101110001010100000000100000000000030020000020000002000000000000000000000002000000000000203000000000000000001000000222 1
1 0 442549 599961 13 9 11 11 -1 -1 0122101110001010100000000100000000000030020000020000002000000000000000000000002000000000000003000000000200000001000000222 1
2 0 442549 599961 12 10 13 9 -1 -1 0122101110001010100000000100000000000030020000020000002000000000000000000000002000000000000103000000000200000000000000222 1
1 0 440643 599961 5 5 4 6 -1 -1 0122101110001010100000000100000000000030020000020000002000000000000000000000002000000000000103000000000000000002000000222 1
2 0 440643 599960 13 9 14 10 -1 -1 0122101110001110100000000000000000000030020000020000002000000000000000000000002000000000000103000000000000000002000000222 1
1 0 439180 599960 11 11 10 12 -1 -1 0122101110001110100000000000000000000030020000020000002000000000000000000000002000000000000103000000000000000000000200222 1
2 0 439180 599959 10 8 11 7 -1 -1 0122101110001110100000000000000000000030020000020000002000000000000000000000002010000000000003000000000000000000000200222 1
1 0 437881 599959 4 12 0 12 -1 -1 0122101110001110100000000000000000000030020000020000002000000000000000000000000010000000020003000000000000000000000200222 1
2 0 437881 599958 2 10 4 12 -1 -1 1122101110001110000000000000000000000030020000020000002000000000000000000000000010000000020003000000000000000000000200222 1
1 0 436917 599958 4 8 2 14 -1 -1 1120101110001110200000000000000000000030020000020000002000000000000000000000000010000000020003000000000000000000000200222 1
2 0 436917 599957 1 13 3 15 -1 -1 1120111110001100200000000000000000000030020000020000002000000000000000000000000010000000020003000000000000000000000200222 1
1 0 435348 599957 4 4 2 10 -1 -1 1100111112001100200000000000000000000030020000020000002000000000000000000000000010000000020003000000000000000000000200222 1
2 0 435348 599956 11 7 12 8 -1 -1 1101111112000100200000000000000000000030020000020000002000000000000000000000000010000000020003000000000000000000000200222 1
1 0 434469 599956 10 12 9 13 -1 -1 1101111112000100200000000000000000000030020000020000002000000000000000000000000010000000000003000000002000000000000200222 1
2 0 434469 599956 12 8 13 9 -1 -1 1101111112000100200000000000000000000030020000020000002000000000000000100000000000000000000003000000002000000000000200222 1
1 0 433302 599956 9 13 8 12 -1 -1 1101111112000100200000000000000000000030020000020000002000000000000000100000000000000000000003000000000000000002000200222 1
2 0 433302 599955 7 5 8 4 -1 -1 1101111112000100200000000000000000000030020000020000002000001000000000000000000000000000000003000000000000000002000200222 1
1 0 432145 599955 8 12 7 13 -1 -1 1101111112000100200000000000000000000030020000000000002020001000000000000000000000000000000003000000000000000002000200222 1
2 0 432145 599954 6 14 8 12 -1 -1 1101111112000100200000000000000000000030020000000001002020000000000000000000000000000000000003000000000000000002000200222 1
1 0 431412 599954 7 13 6 12 -1 -1 1101111112000100200000000000000000000030000000000001002020002000000000000000000000000000000003000000000000000002000200222 1
2 0 431412 599954 8 12 9 11 -1 -1 1101111112000100200000000000000000000030100000000000002020002000000000000000000000000000000003000000000000000002000200222 1
1 0 430667 599954 6 12 6 10 -1 -1 1101111112000100200000000000000000000030100000000000002020000000000002000000000000000000000003000000000000000002000200222 1
2 0 430667 599953 9 11 10 10 -1 -1 1101111112000100200000000000000000000031000000000000002020000000000002000000000000000000000003000000000000000002000200222 1
1 0 430141 599953 2 14 1 13 -1 -1 1101111112000100200000000000000000000031000000000000002020000000000000000000000200000000000003000000000000000002000200222 1
2 0 430141 599952 10 10 11 11 -1 -1 1111101112000100200000000000000000000031000000000000002020000000000000000000000200000000000003000000000000000002000200222 1
1 0 429259 599952 6 10 5 11 -1 -1 1111101112000100200000000000000000000031000000000000002020000000000000000000000000000000000203000000000000000002000200222 1
2 0 429259 599951 4 12 6 10 -1 -1 1111101112000100200000000000100000000030000000000000002020000000000000000000000000000000000203000000000000000002000200222 1
1 0 428334 599951 5 11 4 12 -1 -1 1111101112000100000000000000100000000032000000000000002020000000000000000000000000000000000203000000000000000002000200222 1
2 0 428334 599950 11 11 12 10 -1 -1 1111101112000100100000000000000000000032000000000000002020000000000000000000000000000000000203000000000000000002000200222 1
1 0 427875 599950 4 12 2 14 -1 -1 1111101112000100100000000000000000000032000000000000002020000000000000000000000000000000000003000000000200000002000200222 1
