1322295300000
kingfish
benny
1 0 599819 600000 14 10 12 12 -1 -1 2222222222000000000000000000000000000000000000000000000000000000000000000000000000000000000000000000000000000001111111111 1
2 0 599819 599997 2 14 4 16 -1 -1 2222222222000000000000000000000000000000000000000000000000000000000000000000000000000000000000000000000010000001111011111 1
1 0 599818 599997 16 12 12 8 -1 -1 2222202222000000002000000000000000000000000000000000000000000000000000000000000000000000000000000000000010000001111011111 1
2 0 599818 599996 0 12 4 12 -1 -1 2222202222000000002000000000000000000000000000000000000000000000000000000000000000000000000000000000001010000001111011110 1
1 0 599817 599996 13 13 11 11 -1 -1 0222202222000000202000000000000000000000000000000000000000000000000000000000000000000000000000000000001010000001111011110 1
2 0 599817 599995 3 13 7 13 6 12 0222202222000000202000000000000000000000000000000000000000000000000000000000000000000000000100000000001010000001101011110 1
1 0 599815 599995 14 12 10 12 -1 -1 0222202202000000202000000000000000000000300000000002000000000000000000000000000000000000000100000000001010000001101011110 1
2 0 599815 599994 3 11 7 11 -1 -1 0222202202000000202000000000000000000000300000000002000000000000000000000000000010000000000100000000001010000001101001110 1
1 0 599813 599994 13 11 9 11 -1 -1 0222202002000000202000000000000000000000300000000022000000000000000000000000000010000000000100000000001010000001101001110 1
2 0 599813 599993 1 13 5 13 -1 -1 0222202002000000202000000000000000000000300000000022000000000000000001000000000010000000000100000000001010000001001001110 1
1 0 594296 599993 12 12 6 14 -1 -1 0202202002000000202000000000020000000000300000000022000000000000000001000000000010000000000100000000001010000001001001110 1
2 0 594296 599992 1 11 5 15 -1 -1 0202202002000000202000000000020000000000310000000022000000000000000001000000000010000000000100000000001000000001001001110 1
1 0 588468 599992 11 11 11 9 -1 -1 0002202002000000202000000000022000000000310000000022000000000000000001000000000010000000000100000000001000000001001001110 1
2 0 588468 599991 4 12 10 10 5 11 0002202002000000202000000000022000000000310000000022000000000000000001000000000010000000001000000000001000000001001001110 1
1 0 583433 599991 13 9 9 13 -1 -1 0002202002000000002000000000322000000000310000000022000000000000000001000000000210000000001000000000001000000001001001110 1
2 0 583433 599990 5 13 7 15 -1 -1 0002202002000000002000000000322000000000310000000022000000000000000001100000000210000000001000000000001000000000001001110 1
1 0 578513 599990 10 12 4 14 -1 -1 0002202002000000002000000000302000000000310000000022200000000000000001100000000210000000001000000000001000000000001001110 1
2 0 578513 599989 4 16 10 14 -1 -1 0002202002000000012000000000302000000000310000000022200000000000000001100000000200000000001000000000001000000000001001110 1
1 0 574283 599989 6 14 2 14 -1 -1 0002202002000000010000000000302000000000310000000022200000000000000001100000000202000000001000000000001000000000001001110 1
2 0 574283 599988 3 15 5 9 -1 -1 0002212002000000010000000000302000000000300000000022200000000000000001100000000202000000001000000000001000000000001001110 1
1 0 569600 599988 9 11 8 12 -1 -1 0002212000000000010000000002302000000000300000000022200000000000000001100000000202000000001000000000001000000000001001110 1
2 0 569600 599987 2 10 8 16 -1 -1 0002212000000000010000000002302000000000300000000022200000001000000000100000000202000000001000000000001000000000001001110 1
1 0 563382 599987 8 12 2 10 -1 -1 0000212000000000010000000002302000000000300000000022200000001020000000100000000202000000001000000000001000000000001001110 1
2 0 563382 599986 7 13 11 13 -1 -1 0001212000000000010000000002302000000000300000000022200000000020000000100000000202000000001000000000001000000000001001110 1
1 0 554876 599986 11 9 7 13 -1 -1 0001212000000000010000000002302000000000300000000020200000000020000000100000000202000000001020000000001000000000001001110 1
2 0 554876 599985 10 14 12 12 -1 -1 0001212000000000010000000002302000000000300000000021200000000020000000100000000202000000000020000000001000000000001001110 1
1 0 548156 599985 15 13 14 12 -1 -1 0001212000000000010000000002302000000000300000000021200000000020000000100000000200000000000020000000001020000000001001110 1
2 0 548156 599984 11 13 15 13 -1 -1 0001212000000000010000000002302000000000300000000021200000000020000000100000000200000000000020000000001020000000001011100 1
1 0 541270 599984 15 11 9 9 -1 -1 0001212000000000010000000002302000000000300000000021200000000020000000100000000200000000000000000000001020000000001011120 1
2 0 541270 599983 8 16 10 14 -1 -1 0001212000000000010000000002302000000000300000000021200000000020000010100000000200000000000000000000001020000000001011020 1
1 0 529703 599983 14 14 13 13 -1 -1 0001212000000000010000000002302000000000300000000021200000000000000010100000000202000000000000000000001020000000001011020 1
2 0 529703 599982 12 12 16 12 -1 -1 0001212000000000010000000002302000000000300000000021200000000000000010100000000202000000000000000000001020000000011010020 1
1 0 519724 599982 14 12 12 14 -1 -1 0001212000000000010000000002302000000000300000000021200000000000000010100000000202000000000000000000001000000000011010022 1
2 0 519724 599981 10 10 11 11 -1 -1 0001212000000000010000000002302000000000300000000021200000000000000010100000000202000000000000000000001001000000011000022 1
1 0 505265 599981 13 15 9 15 -1 -1 0001212000000000010000000002302000000000300000000021200000000000000010100000000002000000000200000000001001000000011000022 1
2 0 505265 599980 11 11 12 10 -1 -1 0001212000000000010000000002302000000000300000000021200000000000000010110000000002000000000200000000001001000000010000022 1
1 0 496419 599980 13 13 11 15 -1 -1 0001212000000000010000000002302000000000300000000021200000000000000010110000000002000000000000000000001201000000010000022 1
2 0 496419 599979 10 14 12 16 -1 -1 0001212000000000010000000002302000000000300000000021200000000000000010110000000002000000000001000000001201000000000000022 1
1 0 481783 599979 12 14 6 16 -1 -1 0001212000000000010000000002302000000000300000000021200000000000000010110000000000000000000001000000001201200000000000022 1
2 0 481783 599978 5 15 7 17 -1 -1 0001212000000000010000000002302000000000301000000021200000000000000010110000000000000000000001000000001200200000000000022 1
1 0 473006 599978 11 15 10 14 -1 -1 0001212000000000010000000002300000000000301000000021220000000000000010110000000000000000000001000000001200200000000000022 1
2 0 473006 599977 3 9 5 15 -1 -1 0001212000000000010000000002300000000000301000000021220000000000000010110000000001000000000000000000001200200000000000022 1
1 0 467961 599977 10 14 4 12 -1 -1 0001210000000000010000000002302000000000301000000021220000000000000010110000000001000000000000000000001200200000000000022 1
2 0 467961 599976 12 16 13 15 -1 -1 0001210000000000110000000002302000000000301000000021220000000000000010110000000000000000000000000000001200200000000000022 1
1 0 461255 599976 9 13 8 12 -1 -1 0001210000000000110000000002302000000000301000000021220000000000000010110000000000000000000000000000001200000000002000022 1
2 0 461255 599976 7 11 9 17 -1 -1 0001210000000000110000000002302000000000301000000021220000001000000010010000000000000000000000000000001200000000002000022 1
1 0 454663 599976 8 12 4 8 -1 -1 0001210000000000110000000002302000000000301000000001220000001000000010012000000000000000000000000000001200000000002000022 1
2 0 454663 599976 5 9 7 11 -1 -1 0001210000000010110000000002302000000000301000000001220000000000000010012000000000000000000000000000001200000000002000022 1
1 0 451626 599976 4 12 3 11 -1 -1 0001210000000010110000000000302000000000301000000021220000000000000010012000000000000000000000000000001200000000002000022 1
2 0 451626 599976 2 12 4 10 -1 -1 0001210100000010010000000000302000000000301000000021220000000000000010012000000000000000000000000000001200000000002000022 1
1 0 444365 599976 4 14 3 13 -1 -1 0001010100000012010000000000302000000000301000000021220000000000000010012000000000000000000000000000001200000000002000022 1
2 0 444365 599975 13 15 14 14 -1 -1 0001010110000012000000000000302000000000301000000021220000000000000010012000000000000000000000000000001200000000002000022 1
1 0 439445 599975 6 16 2 12 -1 -1 0001010110000012000000000000302000000000301000000021220000000000000010012000000000000000000000000000001200000000000002022 1
2 0 439445 599974 12 10 13 9 -1 -1 0001110110000012000000000000302000000000300000000021220000000000000010012000000000000000000000000000001200000000000002022 1
1 0 436123 599974 4 8 3 9 -1 -1 0001110110000012000000000000302000000000300000000021220000000000000010012000000000000000000000000000001000000002000002022 1
2 0 436123 599973 13 9 14 10 -1 -1 0001111110000002000000000000302000000000300000000021220000000000000010012000000000000000000000000000001000000002000002022 1
1 0 432725 599973 9 9 8 10 -1 -1 0001111110000002000000000000302000000000300000000021220000000000000010012000000000000000000000000000001000000000000202022 1
2 0 432725 599972 7 11 9 9 -1 -1 0001111110000002000000000000302000000000300000000021220000010000000000012000000000000000000000000000001000000000000202022 1
1 0 428275 599972 8 10 7 11 -1 -1 0001111110000002000000000000302000000000300000000001220000010000000020012000000000000000000000000000001000000000000202022 1
2 0 428275 599971 14 10 15 11 -1 -1 0001111110000002000000000000302000000000300000000011220000000000000020012000000000000000000000000000001000000000000202022 1
1 0 424933 599971 7 11 5 13 -1 -1 0001111110000002000000000000302000000000300000000011220000000000000020012000000000000000000000000000001000000000000002222 1
2 0 424933 599971 9 9 10 10 -1 -1 0001111110000002000000000000312000000000300000000001220000000000000020012000000000000000000000000000001000000000000002222 1
1 0 421756 599971 5 13 4 12 -1 -1 0001111110000002000000000000312000000000300000000001220000000000000000012000000200000000000000000000001000000000000002222 1
2 0 421756 599970 4 10 10 16 -1 -1 0001111110000002100000000000302000000000300000000001220000000000000000012000000200000000000000000000001000000000000002222 1
1 0 419195 599970 12 8 11 9 -1 -1 0001111110000000100000000000302000000000300000000001220000000000000000012000000200200000000000000000001000000000000002222 1
2 0 419195 599969 10 10 12 8 -1 -1 0001111110000000100000000000302000000000300000000001220000000000000000012000000200200000001000000000000000000000000002222 1
1 0 417039 599969 9 15 8 14 -1 -1 0001111110000000100000000000302000000000300000000001220000000000000000012000000000200000001000000000002000000000000002222 1
2 0 417039 599968 9 17 11 15 -1 -1 0001111110000000100000000000302000000000300000000001220000000100000000002000000000200000001000000000002000000000000002222 1
1 0 414694 599968 8 14 4 14 -1 -1 0001111110000000100000000000302000000000300000000001220000000100000000000000000000200000001002000000002000000000000002222 1
2 0 414694 599967 10 16 12 14 -1 -1 0001111110000000110000000000302000000000300000000001220000000000000000000000000000200000001002000000002000000000000002222 1
1 0 412863 599967 11 9 10 10 -1 -1 0001111110000000110000000000302000000000300000000001220000000000000000000000000000000000001002000000002002000000000002222 1
2 0 412863 599966 11 15 13 13 -1 -1 0001111110000000110000000000302000000000300000000001220000000000000000000000000100000000000002000000002002000000000002222 1
1 0 411387 599966 10 10 9 11 -1 -1 0001111110000000110000000000302000000000300000000001220000000000000000000000000100000000000000000000002002000000020002222 1
2 0 411387 599965 12 14 14 12 -1 -1 0001111110000000110000000000302000000000300000000001220000000000000001000000000000000000000000000000002002000000020002222 1
1 0 409989 599965 9 11 8 12 -1 -1 0001111110000000110000000000302000000000300000000001220000000000000001000000000000000000000000000000002000000000020022222 1
2 0 409989 599965 7 15 9 13 -1 -1 0001111110000000110000000000302000000000300000000001220000001000000000000000000000000000000000000000002000000000020022222 1
1 0 408461 599965 8 12 4 16 -1 -1 0001111110000000110000000000302000000000300000000001020000001000000000200000000000000000000000000000002000000000020022222 1
2 0 408461 599965 12 8 13 9 -1 -1 0001111110000000111000000000302000000000300000000001020000000000000000200000000000000000000000000000002000000000020022222 1
1 0 407285 599965 3 13 1 11 -1 -1 0001111110000000111000000000302000000000300000000001020000000000000000200000000000000000000000000000000000000002020022222 1
2 0 407285 599965 13 9 14 10 -1 -1 0101111100000000111000000000302000000000300000000001020000000000000000200000000000000000000000000000000000000002020022222 1
1 0 405468 599965 7 13 7 11 -1 -1 0101111100000000111000000000302000000000300000000001020000000000000000200000000000000000000000000000000000000000020222222 1
2 0 405468 599964 9 13 10 12 -1 -1 0101111100000000111000000000302000000000300000000010020000000000000000200000000000000000000000000000000000000000020222222 1
1 0 403262 599964 7 11 1 13 -1 -1 0101111100000000111000000000302000000000300000000010020000000000000000000000000020000000000000000000000000000000020222222 1
2 0 403262 599964 10 12 11 13 -1 -1 0111111100000000111000000000302000000000300000000000020000000000000000000000000020000000000000000000000000000000020222222 1
1 0 402213 599964 2 10 0 12 -1 -1 0111111100000000111000000000302000000000300000000000020000000000000000000000000000000000000020000000000000000000020222222 1
2 0 402213 599963 11 13 12 12 -1 -1 1110111100000000111000000000302000000000300000000000020000000000000000000000000000000000000020000000000000000000020222222 1
1 0 401434 599963 4 12 3 13 -1 -1 1110111100000000111000000000302000000000300000000000020000000000000000000000000000000000000000000000000020000000020222222 1
2 0 401434 599962 12 12 13 11 -1 -1 1110111110000000011000000000302000000000300000000000020000000000000000000000000000000000000000000000000020000000020222222 1
1 0 400386 599962 4 16 2 10 -1 -1 1110111110000000011000000000302000000000300000000000020000000000000000000000000000000000000000000000000000000000220222222 1
2 0 400386 599961 7 17 8 18 -1 -1 1111111110000000010000000000302000000000300000000000020000000000000000000000000000000000000000000000000000000000220222222 1
1 0 400045 599961 4 14 3 15 -1 -1 1111111110000000010000000000302000000000300000000000000000000002000000000000000000000000000000000000000000000000220222222 1
