1322292067000
kingfish
droptable
1 0 599833 600000 14 10 12 12 -1 -1 2222222222000000000000000000000000000000000000000000000000000000000000000000000000000000000000000000000000000001111111111 1
2 0 599833 594844 3 15 4 14 -1 -1 2222222222000000000000000000000000000000000000000000000000000000000000000000000000000000000000000000000010000001111011111 1
1 0 599831 594844 16 12 12 8 -1 -1 2222222220000000020000000000000000000000000000000000000000000000000000000000000000000000000000000000000010000001111011111 1
2 0 599831 586643 3 11 5 13 -1 -1 2222222220000000020000000000000000000000000000000000000000000000000000000000000000000000000000000000001010000001111011110 1
1 0 599830 586643 13 13 11 11 -1 -1 2222222020000000020000000000020000000000000000000000000000000000000000000000000000000000000000000000001010000001111011110 1
2 0 599830 574888 2 10 4 8 -1 -1 2222222020000000020000000000020000000000000000000000000000000000000000000000000000000000000100000000001010000001101011110 1
1 0 599829 574888 14 12 10 12 -1 -1 2220222020000020020000000000020000000000000000000000000000000000000000000000000000000000000100000000001010000001101011110 1
2 0 599829 557995 4 14 5 15 -1 -1 2220222020000020020000000000020000000000000000000000000000000000000000000000000010000000000100000000001010000001101001110 1
1 0 599828 557995 13 11 9 11 -1 -1 2220222020000020000000000000022000000000000000000000000000000000000000000000000010000000000100000000001010000001101001110 1
2 0 599828 549960 2 12 6 12 -1 -1 2220222020000020000000000000022000000000000000000000000000000000000001000000000010000000000100000000001010000001001001110 1
1 0 599655 549960 12 12 8 12 -1 -1 2220022020000020000000000000022000000000200000000000000000000000000001000000000010000000000100000000001010000001001001110 1
2 0 599655 531195 1 13 2 12 -1 -1 2220022020000020000000000000022000000000200000000000000000001000000001000000000010000000000100000000001000000001001001110 1
1 0 595687 531195 9 11 5 11 -1 -1 2200222020000020000000000000022000000000200000000000000000001000000001000000000010000000000100000000001000000001001001110 1
2 0 595687 521085 4 8 5 9 -1 -1 2200222020000020000000000000122000000000200000000000000000001000000000000000000010000000000100000000001000000001001001110 1
1 0 591289 521085 11 11 7 11 -1 -1 2200222020000000000000000002122000000000200000000000000000001000000000000000000010000000000100000000001000000001001001110 1
2 0 591289 504019 2 12 3 11 -1 -1 2200222020000000000000000002122000000000200000000010000000001000000000000000000010000000000000000000001000000001001001110 1
1 0 588845 504019 8 12 2 10 -1 -1 2200022220000000000000000002122000000000200000000010000000001000000000000000000010000000000000000000001000000001001001110 1
2 0 588845 499326 5 15 6 14 -1 -1 2201022220000000000000000002122000000000200000000010000000000000000000000000000010000000000000000000001000000001001001110 1
1 0 584800 499326 13 15 12 14 -1 -1 2201022220000000000000000002120000000000220000000010000000000000000000000000000010000000000000000000001000000001001001110 1
2 0 584800 493569 6 14 7 15 -1 -1 2201022220000000000000000002120000000000220000000010000000000000000000000000000010000000000000000000001001000001000001110 1
1 0 580347 493569 15 13 9 11 -1 -1 2201022220000000000000000002120000000000200000000010200000000000000000000000000010000000000000000000001001000001000001110 1
2 0 580347 482854 0 12 1 13 -1 -1 2201022220000000000000000002120000000000200000000010200000000000000001000000000010000000000000000000001001000001000001100 1
1 0 576998 482854 10 12 8 10 -1 -1 0221022220000000000000000002120000000000200000000010200000000000000001000000000010000000000000000000001001000001000001100 1
2 0 576998 476005 3 9 4 8 -1 -1 0221022220000000000000000002120000000000200000000010200000010000000001000000000000000000000000000000001001000001000001100 1
1 0 573531 476005 5 11 3 9 -1 -1 0221020220000020000000000002120000000000200000000010200000010000000001000000000000000000000000000000001001000001000001100 1
2 0 573531 466810 1 13 2 12 -1 -1 0221021220000020000000000002020000000000200000000010200000010000000001000000000000000000000000000000001001000001000001100 1
1 0 570083 466810 9 11 5 11 -1 -1 0201221220000020000000000002020000000000200000000010200000010000000001000000000000000000000000000000001001000001000001100 1
2 0 570083 460517 5 13 6 14 -1 -1 0201221220000020000000000002120000000000200000000010200000010000000000000000000000000000000000000000001001000001000001100 1
1 0 567523 460517 7 11 5 13 -1 -1 0201221220000020000000000002100000000000220000000010200000010000000000000000000000000000000000000000001001000001000001100 1
2 0 567523 451026 6 12 7 13 -1 -1 0201221220000020000000000002110000000000220000000000200000010000000000000000000000000000000000000000001001000001000001100 1
1 0 565523 451026 5 13 4 12 -1 -1 0201221220000020000000000002110000000000020000000002200000010000000000000000000000000000000000000000001001000001000001100 1
2 0 565523 442233 2 12 4 6 -1 -1 0201221220000020100000000002100000000000020000000002200000010000000000000000000000000000000000000000001001000001000001100 1
1 0 562383 442233 14 14 14 12 -1 -1 0201021220000220100000000002100000000000020000000002200000010000000000000000000000000000000000000000001001000001000001100 1
2 0 562383 425481 7 13 8 14 -1 -1 0201021220000220100000000002100000000000020000000002200000010000000000000000000000000000000000000000001001000001000010100 1
1 0 560199 425481 5 11 4 10 -1 -1 0201021220000220100000000002100000000000020000000000200000010200000000000000000000000000000000000000001001000001000010100 1
2 0 560199 422493 4 6 5 7 -1 -1 0201021220000221100000000002000000000000020000000000200000010200000000000000000000000000000000000000001001000001000010100 1
1 0 558294 422493 4 10 2 12 -1 -1 0201021220000021100000000022000000000000020000000000200000010200000000000000000000000000000000000000001001000001000010100 1
2 0 558294 417304 4 8 6 10 -1 -1 0201121220000020100000000022000000000000020000000000200000010200000000000000000000000000000000000000001001000001000010100 1
1 0 554923 417304 15 11 11 15 -1 -1 0201121220000000100000000022000000000002020000000000200000010200000000000000000000000000000000000000001001000001000010100 1
2 0 554923 408884 6 14 8 16 -1 -1 0201121220000000100000000022000000000002020000000000200000010200000000000000000000000000000001000000001001000001000010000 1
1 0 553056 408884 12 14 10 16 -1 -1 0201121220000000100000000022000000000002000000000000200000010220000000000000000000000000000001000000001001000001000010000 1
2 0 553056 401144 5 7 7 9 -1 -1 0201121220000000100000000022000000000002000000000000200000010220000000000000000000100000000001000000001000000001000010000 1
1 0 551002 401144 8 10 4 14 -1 -1 0201121220000000100000000002000000000002000000000200200000010220000000000000000000100000000001000000001000000001000010000 1
2 0 551002 397048 7 9 8 10 -1 -1 0201121220000000110000000002000000000002000000000200200000000220000000000000000000100000000001000000001000000001000010000 1
1 0 548929 397048 4 14 3 15 -1 -1 0201121220000000110000000002000000000002000000000000200000020220000000000000000000100000000001000000001000000001000010000 1
2 0 548929 392882 3 13 5 11 -1 -1 0201121221000000100000000002000000000002000000000000200000020220000000000000000000100000000001000000001000000001000010000 1
1 0 547573 392882 4 12 3 13 -1 -1 0201121201000000100000000002200000000002000000000000200000020220000000000000000000100000000001000000001000000001000010000 1
2 0 547573 382132 8 10 9 11 -1 -1 0201121211000000000000000002200000000002000000000000200000020220000000000000000000100000000001000000001000000001000010000 1
1 0 546037 382132 2 10 0 12 -1 -1 0201121211000000000000000002200000000002000000000000200000000220000002000000000000100000000001000000001000000001000010000 1
2 0 546037 378629 2 14 4 12 -1 -1 1200121211000000000000000002200000000002000000000000200000000220000002000000000000100000000001000000001000000001000010000 1
1 0 542837 378629 11 15 9 17 -1 -1 1200101211000000200000000002200000000002000000000000200000000220000002000000000000100000000001000000001000000001000010000 1
2 0 542837 372936 3 11 5 13 -1 -1 1200101211000000200000000002200000000002000000000000200000000220000002001000000000100000000000000000001000000001000010000 1
1 0 538473 372936 10 16 8 18 -1 -1 1200101011000000200000000002220000000002000000000000200000000220000002001000000000100000000000000000001000000001000010000 1
2 0 538473 369781 8 16 10 18 -1 -1 1200101011000000200000000002220000000002000000000000200000000221000002001000000000000000000000000000001000000001000010000 1
1 0 533967 369781 9 17 7 19 -1 -1 1200101011000000200000000002220000000002000000000000200000000201000002001000000000020000000000000000001000000001000010000 1
2 0 533967 363889 10 18 11 17 -1 -1 1200101011000000200000000002220000000002000000000000201000000201000002000000000000020000000000000000001000000001000010000 1
1 0 530441 363889 8 18 6 20 -1 -1 1200101011000000200000000002220000000002000000000000201000000201000002000000000000000000000000200000001000000001000010000 1
2 0 530441 358273 1 11 2 10 -1 -1 1200101011000000200000000002220000000002000010000000201000000200000002000000000000000000000000200000001000000001000010000 1
1 0 527257 358273 13 9 13 11 -1 -1 1002101011000000200000000002220000000002000010000000201000000200000002000000000000000000000000200000001000000001000010000 1
2 0 527257 355861 4 12 10 10 -1 -1 1002101011000000200000000002220000000002000010000000201000000200000002000000000000000000000000200000001000000000100010000 1
1 0 523019 355861 3 15 2 14 -1 -1 1002101011000000000000000002220000000002000010000000201000000200000002000000000200000000000000200000001000000000100010000 1
2 0 523019 349225 6 10 8 16 -1 -1 1002111010000000000000000002220000000002000010000000201000000200000002000000000200000000000000200000001000000000100010000 1
1 0 518850 349225 12 8 11 9 -1 -1 1002111010000000000000000002220000000000000010000000201000000220000002000000000200000000000000200000001000000000100010000 1
2 0 518850 346859 2 10 6 10 -1 -1 1002111010000000000000000002220000000000000010000000201000000220000002000000000200000000001000200000000000000000100010000 1
1 0 514621 346859 7 19 5 21 -1 -1 1000111010000000000000000002220000000002000010000000201000000220000002000000000200000000001000200000000000000000100010000 1
2 0 514621 343259 7 15 11 11 -1 -1 1000111010000000000000000002220001000002000010000000200000000220000002000000000200000000001000200000000000000000100010000 1
1 0 507821 343259 14 12 10 12 -1 -1 1000111010000000000000000002220001000002000010000000000000000220000002000000000200000000001200200000000000000000100010000 1
2 0 507821 333822 5 9 7 11 -1 -1 1000111010000000000000000002220001000002000010000000000000000220000002000000000210000000001200200000000000000000100000000 1
1 0 498386 333822 10 12 4 10 -1 -1 1000111010000000000000000000220001000002000010000020000000000220000002000000000210000000001200200000000000000000100000000 1
2 0 498386 323672 10 10 14 10 -1 -1 1000111010000001000000000000220001000002000010000020000000000220000002000000000200000000001200200000000000000000100000000 1
1 0 491160 323672 13 11 12 10 -1 -1 1000111010000001000000000000220001000002000010000020000000000220000002000000000000000000001200200000000000000000100200000 1
2 0 491160 306361 5 13 6 12 -1 -1 1000111010000001000000000000220001000002000010000020000000000220000002000000000000000000001200200000000100000000000200000 1
1 0 485106 306361 12 10 8 10 -1 -1 1000111010000001000000000000200001000002200010000020000000000220000002000000000000000000001200200000000100000000000200000 1
2 0 485106 280746 8 16 12 12 -1 -1 1000111010000001000000000000200001000002200010000020000000010220000002000000000000000000001200200000000000000000000200000 1
1 0 480602 280746 11 9 10 8 -1 -1 1000111010000001000000000000200001000002200010000020000000010200000002000000000000000000001200200000000020000000000200000 1
2 0 480602 255104 8 14 9 13 -1 -1 1000111010000001000000000000200001000002200010000020000000010200000002000000001000000000000200200000000020000000000200000 1
1 0 477106 255104 4 10 3 11 -1 -1 1000111010000001000000000000200001000002200010000020000000010000000002200000001000000000000200200000000020000000000200000 1
2 0 477106 236977 12 12 13 13 -1 -1 1000111110000000000000000000200001000002200010000020000000010000000002200000001000000000000200200000000020000000000200000 1
1 0 472705 236977 10 8 10 10 -1 -1 1000111110000000000000000000200001000002200010000020000000010000000002200000001000000000000200200000000000000000020200000 1
2 0 472705 225001 5 11 7 13 -1 -1 1000111110000000000000000000200001000002200010000020000000010000000002200000000100000000000200200000000000000000020200000 1
1 0 467863 225001 10 10 8 12 -1 -1 1000111110000000000000000000000001000002200010000022000000010000000002200000000100000000000200200000000000000000020200000 1
2 0 467863 213629 6 12 12 10 -1 -1 1000111110000000000000000000000001000002200010000022000000011000000002200000000000000000000200200000000000000000020200000 1
1 0 460475 213629 8 10 6 12 -1 -1 1000111110000000000000000000000001000002000010000022000000011000000002200000000000000000000200200000000200000000020200000 1
2 0 460475 203955 11 11 12 12 -1 -1 1000111110000000000000000000000001000002100010000022000000001000000002200000000000000000000200200000000200000000020200000 1
1 0 455387 203955 6 20 4 22 -1 -1 1000111110000000000000000000000001000002100010000022000000001000000002200000000000000000000000200000000220000000020200000 1
2 0 455387 199537 13 13 14 12 -1 -1 1000111110000000000001000000000001000002100000000022000000001000000002200000000000000000000000200000000220000000020200000 1
1 0 451007 199537 8 12 6 14 -1 -1 1000111110000000000001000000000001000002100000000022000000001000000002200000000000000000000000200000000220000000000220000 1
2 0 451007 197073 9 13 10 12 -1 -1 1000111110000000000001000000000001000002110000000022000000000000000002200000000000000000000000200000000220000000000220000 1
1 0 447526 197073 5 21 4 20 -1 -1 1000111110000000000001000000000001000002110000000022000000000000000002000000000020000000000000200000000220000000000220000 1
2 0 447526 194241 9 11 15 13 -1 -1 1000111110000000000011000000000000000002110000000022000000000000000002000000000020000000000000200000000220000000000220000 1
1 0 445326 194241 6 12 5 13 -1 -1 1000111110000000000011000000000000000002110000000022000000000000000000000000000020000000000000200000000220000000000220020 1
2 0 445326 191086 11 17 12 16 -1 -1 1000111110000000000011000000010000000002010000000022000000000000000000000000000020000000000000200000000220000000000220020 1
1 0 443219 191086 6 14 2 10 -1 -1 1000111110000000000011000000010000000002010000000022000000000000000000000000000020000000000000000000000220200000000220020 1
2 0 443219 189372 6 10 8 12 -1 -1 1001111110000000000011000000010000000002000000000022000000000000000000000000000020000000000000000000000220200000000220020 1
1 0 441705 189372 4 22 4 18 -1 -1 1001111110000000000011000000010000000000000000000022000000002000000000000000000020000000000000000000000220200000000220020 1
2 0 441705 186487 14 10 16 12 -1 -1 1001111110000000000110000000010000000000000000000022000000002000000000000000000020000000000000000000000220200000000220020 1
1 0 440133 186487 4 20 4 16 -1 -1 1001111110000000000110000000010000000000000000000022000000002000000000000000000020000000000000000000000220200000000020022 1
2 0 440133 182169 7 13 13 11 -1 -1 1001111110000000001100000000010000000000000000000022000000002000000000000000000020000000000000000000000220200000000020022 1
1 0 437939 182169 4 18 4 14 -1 -1 1001111110000000001100000000010000000000000000000020000000002000000000000000000020000000000000000000000220200000200020022 1
2 0 437939 180846 7 11 15 11 -1 -1 1001111110000000011000000000010000000000000000000020000000002000000000000000000020000000000000000000000220200000200020022 1
1 0 436248 180846 2 10 1 11 -1 -1 1001111110000000011000000000010000000000000000000000000000002000000000000000000020000000000000000000000220200000200020222 1
2 0 436248 176108 8 12 9 13 -1 -1 1100111110000000011000000000010000000000000000000000000000002000000000000000000020000000000000000000000220200000200020222 1
1 0 435228 176108 5 13 1 13 -1 -1 1100111110000000011000000000010000000000000000000000000000000000000000200000000020000000000000000000000220200000200020222 1
2 0 435228 176014 9 13 13 13 -1 -1 1110111110000000011000000000000000000000000000000000000000000000000000200000000020000000000000000000000220200000200020222 1
1 0 434695 176014 4 16 3 15 -1 -1 1110111110000000011000000000000000000000000000000000000000000000000000000000000020000000000000000000000220200000220020222 1
2 0 434695 175951 13 11 14 10 -1 -1 1110111111000000010000000000000000000000000000000000000000000000000000000000000020000000000000000000000220200000220020222 1
1 0 434377 175951 4 14 4 12 -1 -1 1110111111000000010000000000000000000000000000000000000000000000000000000000000020000000000000000000000220200000020220222 1
2 0 434377 145952 12 10 13 11 -1 -1 1110111111000000100000000000000000000000000000000000000000000000000000000000000020000000000000000000000220200000020220222 1
1 0 434157 145952 4 12 2 10 -1 -1 1110111111000000100000000000000000000000000000000000000000000000000000000000000020000000000000000000000020200000220220222 1
