1322288171000
kingfish
benny
1 0 599817 600000 14 10 12 12 -1 -1 2222222222000000000000000000000000000000000000000000000000000000000000000000000000000000000000000000000000000001111111111 1
2 0 599817 599997 2 10 4 12 -1 -1 2222222222000000000000000000000000000000000000000000000000000000000000000000000000000000000000000000000010000001111011111 1
1 0 599816 599997 16 12 12 8 -1 -1 2220222222000000200000000000000000000000000000000000000000000000000000000000000000000000000000000000000010000001111011111 1
2 0 599816 599996 0 12 4 8 -1 -1 2220222222000000200000000000000000000000000000000000000000000000000000000000000000000000000000000000001010000001111011110 1
1 0 599815 599996 13 13 11 11 -1 -1 0220222222000020200000000000000000000000000000000000000000000000000000000000000000000000000000000000001010000001111011110 1
2 0 599815 599995 3 13 5 15 4 14 0220222222000020200000000000000000000000000000000000000000000000000000000000000000000000000100000000001010000001101011110 1
1 0 599814 599995 14 12 10 12 -1 -1 0220222202000020230000000000002000000000000000000000000000000000000000000000000000000000000100000000001010000001101011110 1
2 0 599814 599994 2 14 6 14 -1 -1 0220222202000020230000000000002000000000000000000000000000000000000000000000000010000000000100000000001010000001101001110 1
1 0 599813 599994 13 11 9 11 -1 -1 0220202202000020230000000000002000000000020000000000000000000000000000000000000010000000000100000000001010000001101001110 1
2 0 599813 599993 3 11 7 15 -1 -1 0220202202000020230000000000002000000000020000000000000000000000000001000000000010000000000100000000001010000001001001110 1
1 0 599622 599993 12 12 8 12 -1 -1 0220202002000020230000000000002000000000020000000000200000000000000001000000000010000000000100000000001010000001001001110 1
2 0 599622 599992 1 13 5 9 4 10 0220202002000020230000000000002000000000020000000000200000001000000001000000000010000000000100000000001000000001001001110 1
1 0 593688 599992 10 12 6 12 -1 -1 0200202002000023230000000002002000000000020000000000200000001000000001000000000010000000000100000000001000000001001001110 1
2 0 593688 599991 3 15 9 13 -1 -1 0200202002000023230000000002002000000000120000000000200000001000000001000000000000000000000100000000001000000001001001110 1
1 0 590698 599991 9 11 3 13 -1 -1 0200202000000023230000000002002000000000120000000000200000001000000001200000000000000000000100000000001000000001001001110 1
2 0 590698 599990 3 9 9 11 -1 -1 0200202010000023230000000002002000000000120000000000200000001000000000200000000000000000000100000000001000000001001001110 1
1 0 581956 599990 12 8 11 9 -1 -1 0200200010000023230000000002002000000000120000000000200000001000000002200000000000000000000100000000001000000001001001110 1
2 0 581956 599989 6 14 8 16 -1 -1 0200200010000023230000000002002000000000120000000000200000001000000002200000000000000000001100000000000000000001001001110 1
1 0 573226 599989 14 14 10 10 -1 -1 0200200010000023230000000002002000000000100000000000200000001020000002200000000000000000001100000000000000000001001001110 1
2 0 573226 599988 7 15 9 17 -1 -1 0200200010000023230000000002002000000000100000000000200000001020000002200000000100000000001100000000000000000001001000110 1
1 0 564852 599988 13 9 12 10 -1 -1 0200200010000023230000000002002000000000100000000000000000001020000002202000000100000000001100000000000000000001001000110 1
2 0 564852 599987 8 16 10 18 -1 -1 0200200010000023230000000002002000000000100000000000000000001020000002202000000100000000001100000000000100000000001000110 1
1 0 558502 599987 12 10 8 14 -1 -1 0200200010000023230000000002002000000000100000000000000000001000000002202000000100020000001100000000000100000000001000110 1
2 0 558502 599986 9 11 11 17 -1 -1 0200200010000023230000000002002000000000100000000000000000001100000002202000000100020000001100000000000000000000001000110 1
1 0 550320 599986 11 9 3 9 -1 -1 0200200010000023230000000002002000000000100000000000000000001100000000202000000100020000001100200000000000000000001000110 1
2 0 550320 599984 10 18 16 12 -1 -1 0200201010000023230000000002002000000000100000000000000000001100000000202000000100020000000100200000000000000000001000110 1
1 0 544960 599984 11 11 9 9 -1 -1 0200201010000023230000000002002000000000100000000000000000001100000000202000000100000000000100200000000000000000001000112 1
2 0 544960 599983 5 9 7 11 -1 -1 0200201010000023230000000002002000000000100000000000000000001100000010202000000100000000000000200000000000000000001000112 1
1 0 540013 599983 8 12 4 16 -1 -1 0200201010000023230000000000002000000000100000000020000000001100000010202000000100000000000000200000000000000000001000112 1
2 0 540013 599982 11 17 12 16 -1 -1 0200201010000023231000000000002000000000100000000020000000000100000010202000000100000000000000200000000000000000001000112 1
1 0 534655 599982 9 9 9 11 -1 -1 0200201010000023231000000000002000000000100000000020000000000100000010202000000100000000000000000000000000200000001000112 1
2 0 534655 599982 12 16 14 14 -1 -1 0200201010000023231000000000002000000000100000000020000000000100000001202000000100000000000000000000000000200000001000112 1
1 0 528568 599982 13 15 12 16 -1 -1 0200201010000023231000000000002000000000100000000020000000000100000001202000000100000000000000000000000000000000001002112 1
2 0 528568 599981 9 13 11 11 -1 -1 0200201010000023231000000000002000000000100000000020000000000100000001202000000100000000000000000000000000100000000002112 1
1 0 519015 599981 15 13 11 17 -1 -1 0200201010000023231000000000002000000000100000000020000000000100000001002000000100000000000200000000000000100000000002112 1
2 0 519015 599980 14 14 15 13 -1 -1 0200201010000023231000000000002000000000100000000020000000000100000001002000000100000000000200100000000000100000000002102 1
1 0 508991 599980 12 16 6 14 -1 -1 0200201010000023231000000000002000000000100000000020000000000100000001002000000100000000000200100000000000100000000000122 1
2 0 508991 599979 5 15 9 15 -1 -1 0200201010000023231000000000002000000000110000000020000000000100000001002000000100000000000200100000000000000000000000122 1
1 0 498813 599979 8 14 7 15 -1 -1 0200201010000023231000000000000000000000110000000020000000000100000001022000000100000000000200100000000000000000000000122 1
2 0 498813 599978 11 11 12 10 -1 -1 0200201010000023231000000000000000000000110000000020100000000000000001022000000100000000000200100000000000000000000000122 1
1 0 493933 599978 10 10 8 12 -1 -1 0200201010000023231000000000000000000000110000000020100000000000000001022000000100000000000000100000000200000000000000122 1
2 0 493933 599977 7 11 9 13 -1 -1 0200201010000023231000000000000000000000110000000020100000001000000001022000000000000000000000100000000200000000000000122 1
1 0 487785 599977 7 15 1 13 -1 -1 0200201010000023231000000000000000000000110000000000100000001000000001222000000000000000000000100000000200000000000000122 1
2 0 487785 599976 12 10 13 9 -1 -1 0210201010000023231000000000000000000000110000000000000000001000000001222000000000000000000000100000000200000000000000122 1
1 0 482454 599976 9 11 5 15 -1 -1 0210201010000023231000000000000000000000110000000000000000001000000001222000000000000000000000100000000000000002000000122 1
2 0 482454 599976 13 9 14 10 -1 -1 0210201010000023231000000000001000000000110000000000000000001000000000222000000000000000000000100000000000000002000000122 1
1 0 477729 599976 6 12 5 13 -1 -1 0210201010000023231000000000001000000000110000000000000000001000000000222000000000000000000000100000000000000000000200122 1
2 0 477729 599975 9 15 10 14 -1 -1 0210201010000023231000000000011000000000010000000000000000001000000000222000000000000000000000100000000000000000000200122 1
1 0 475480 599975 4 16 3 15 -1 -1 0210201010000023231000000000011000000000010000000000000000001000000000202000000002000000000000100000000000000000000200122 1
2 0 475480 599975 9 13 11 15 -1 -1 0210201011000023230000000000011000000000010000000000000000001000000000202000000002000000000000100000000000000000000200122 1
1 0 473340 599975 5 13 3 11 -1 -1 0210201011000023230000000000011000000000010000000000000000001000000000002000000002000000000002100000000000000000000200122 1
2 0 473340 599974 10 14 12 16 -1 -1 0210201111000023230000000000001000000000010000000000000000001000000000002000000002000000000002100000000000000000000200122 1
1 0 471583 599974 6 14 0 12 -1 -1 0210201111000023230000000000001000000000010000000000000000001000000000002000000000000000000002100000000000200000000200122 1
2 0 471583 599973 4 8 6 14 -1 -1 1210201111000023230000000000001000000000000000000000000000001000000000002000000000000000000002100000000000200000000200122 1
1 0 470041 599973 15 11 13 9 -1 -1 1210201111000003230000000000001000000000020000000000000000001000000000002000000000000000000002100000000000200000000200122 1
2 0 470041 599972 14 10 15 11 -1 -1 1210201111000003230000000000001000000000020000000000000000001000000000002000000000000000000002100000000000200001000200022 1
1 0 468366 599972 11 17 10 16 -1 -1 1210201111000003230000000000001000000000020000000000000000001000000000002000000000000000000002100000000000200001000000222 1
2 0 468366 599971 12 16 13 15 -1 -1 1210201111000003230000000000001000000000020000000000000000001000000000002000000000100000000002000000000000200001000000222 1
1 0 466404 599971 10 16 8 18 -1 -1 1210201111000003230000000000001000000000020000000000000000001000000000002000000000100000000002000000000000000001002000222 1
2 0 466404 599970 13 15 14 14 -1 -1 1210201111000003230000000000001000000000020000000000000000001001000000002000000000000000000002000000000000000001002000222 1
1 0 464631 599970 8 18 7 17 -1 -1 1210201111000003230000000000001000000000020000000000000000001001000000002000000000000000000002000000000000000001000002222 1
2 0 464631 599969 11 15 12 14 -1 -1 1210201111000003230000000000001000000000020000000000010000001000000000002000000000000000000002000000000000000001000002222 1
1 0 463310 599969 7 17 6 16 -1 -1 1210201111000003230000000000001000000000020000000000010000001000000000002000000000000000000000000000000002000001000002222 1
2 0 463310 599968 12 14 13 13 -1 -1 1210201111000003230000000000001000000000021000000000000000001000000000002000000000000000000000000000000002000001000002222 1
1 0 461262 599968 5 15 4 16 -1 -1 1210201111000003230000000000001000000000021000000000000000001000000000002000000000000000000000000000000000000001020002222 1
2 0 461262 599968 13 13 14 12 -1 -1 1210201111000003231000000000000000000000021000000000000000001000000000002000000000000000000000000000000000000001020002222 1
1 0 459838 599968 4 16 2 14 -1 -1 1210201111000003231000000000000000000000021000000000000000001000000000002000000000000000000000000000000000000001000022222 1
2 0 459838 599968 9 17 10 16 -1 -1 1210211111000003230000000000000000000000021000000000000000001000000000002000000000000000000000000000000000000001000022222 1
1 0 458650 599968 6 16 5 15 -1 -1 1210211111000003230000000000000000000000021000000000000000001000000000000000000000200000000000000000000000000001000022222 1
2 0 458650 599967 10 16 11 15 -1 -1 1210211111000003230000000000001000000000020000000000000000001000000000000000000000200000000000000000000000000001000022222 1
1 0 457798 599967 13 9 12 10 -1 -1 1210211111000003230000000000001000000000020000000000000000001000000000000000000000000000000002000000000000000001000022222 1
2 0 457798 599967 11 15 12 16 -1 -1 1210211111000003230000000000001000000000020000000000000000001000000000000000000000000000000002000000000100000000000022222 1
1 0 457151 599967 12 10 11 11 -1 -1 1210211111000003230000000000001000000000020000000000000000001000000000000000000000000000000000000000000100200000000022222 1
2 0 457151 599966 12 16 13 15 -1 -1 1210211111000003230000000000001000000000020000000000000000001000000000000000000000000000000100000000000000200000000022222 1
1 0 456212 599966 11 11 10 12 -1 -1 1210211111000003230000000000001000000000020000000000000000001000000000000000000000000000000100000000000000000000002022222 1
2 0 456212 599966 6 14 7 13 -1 -1 1210211111000003230000000000001000000000020000000000000000001000000000000000000010000000000000000000000000000000002022222 1
1 0 455482 599966 8 12 4 16 -1 -1 1210211111000003230000000000001000000000000000000002000000001000000000000000000010000000000000000000000000000000002022222 1
2 0 455482 599965 7 13 8 12 -1 -1 1210211111000003231000000000001000000000000000000002000000000000000000000000000010000000000000000000000000000000002022222 1
1 0 455031 599965 10 12 9 13 -1 -1 1210211111000003231000000000001000000000000000000000000000002000000000000000000010000000000000000000000000000000002022222 1
2 0 455031 599964 8 12 10 14 -1 -1 1210211111000003231000000000001000000000000000000000000000002000000000100000000000000000000000000000000000000000002022222 1
1 0 454629 599964 9 13 8 12 -1 -1 1210211111000003231000000000001000000000000000000000000000000000000000100000000002000000000000000000000000000000002022222 1
2 0 454629 599963 10 14 11 15 -1 -1 1210211111000003231000000000001000000000000000000000000000001000000000000000000002000000000000000000000000000000002022222 1
1 0 454243 599963 2 14 2 10 -1 -1 1210211111000003231000000000001000000000000000000000000000001000000000000000000000000000000002000000000000000000002022222 1
2 0 454243 599962 11 15 12 14 -1 -1 1211201111000003231000000000001000000000000000000000000000001000000000000000000000000000000002000000000000000000002022222 1
1 0 453935 599962 4 16 2 14 -1 -1 1211201111000003231000000000001000000000000000000000000000001000000000000000000000000000000000000000000002000000002022222 1
