1322291139000
deepred
kingfish
1 0 -193 600000 14 10 12 12 10 14 2222222222000000000000000000000000000000000000000000000000000000000000000000000000000000000000000000000000000001111111111 2
2 0 -193 599907 2 10 4 12 -1 -1 2222222222000000000000000000000000000000000000000000000000000000000000000000000003000000000000000000000010000001111011111 2
1 0 -193 599907 16 12 12 8 7 11 2220222222000000200000000000000000000000000000000000000000000000000000000000000003000000000000000000000010000001111011111 2
2 0 -193 599906 0 12 4 8 -1 -1 2220222222000000200000000000000000000000000000000030000000000000000000000000000003000000000000000000001010000001111011110 2
1 0 -193 599906 13 11 9 15 -1 -1 0220222222000020200000000000000000000000000000000030000000000000000000000000000003000000000000000000001010000001111011110 2
2 0 -193 599894 2 12 4 10 -1 -1 0220222222000020200000000000000000000000000000000030000000000000000000010000000003000000000000000000001010000001011011110 2
1 0 -193 599894 15 13 11 13 -1 -1 0220022222000022200000000000000000000000000000000030000000000000000000010000000003000000000000000000001010000001011011110 2
2 0 -193 599893 3 9 5 11 -1 -1 0220022222000022200000000000000000000000000000000030000000000000000000010000000003000000000010000000001010000001011011100 2
1 0 -193 599893 14 12 8 14 -1 -1 0220020222000022200000000000200000000000000000000030000000000000000000010000000003000000000010000000001010000001011011100 2
2 0 -193 599892 4 10 6 12 -1 -1 0220020222000022200000000000200000000000000000000030000000000100000000010000000003000000000010000000001010000001011001100 2
1 0 -193 599892 13 13 7 15 -1 -1 0220020222000020200000000000200000000000200000000030000000000100000000010000000003000000000010000000001010000001011001100 2
2 0 -193 595042 4 12 8 12 -1 -1 0220020222000020200000000000200000000000200000000030100000000100000000010000000003000000000010000000001010000001001001100 2
1 0 -193 595042 14 14 12 16 -1 -1 0220020222000020000000000000200000000000200000000030100000002100000000010000000003000000000010000000001010000001001001100 2
2 0 -193 588693 8 12 9 11 -1 -1 0220020222000020000000000000200000000000200000000030100000002100000000010000000003000000000010000000001010100001001000100 2
1 0 -193 588693 13 15 11 17 -1 -1 0220020222000020000000000000200000000000200000000030100000000100000002010000000003000000000010000000001010100001001000100 2
2 0 -193 582776 2 14 10 10 -1 -1 0220020222000020000000000000200000000000200000000030100000000100000002010000000003000000000010100000001010100001000000100 2
1 0 -193 582776 13 9 11 7 -1 -1 0220000222000020000000000000200000000000200000000030100000000100000002010000000203000000000010100000001010100001000000100 2
2 0 -193 577662 3 11 4 10 -1 -1 0220000222000020000000000000200000000000200000000030100000000100000002010000000203000000010010100000001010100000000000100 2
1 0 -193 577662 12 16 10 18 -1 -1 0220000022000022000000000000200000000000200000000030100000000100000002010000000203000000010010100000001010100000000000100 2
2 0 -193 567695 6 12 12 10 -1 -1 0220000022000022000000000000200000000000200000000030100000000100000002010000000203010000010010100000001010000000000000100 2
1 0 -193 567695 12 8 10 6 -1 -1 0220000022000022000000000000200000000000000000000030100000000100000002010000000203010000010010100000001210000000000000100 2
2 0 -193 560670 4 8 8 12 -1 -1 0220000022000022000000000000200000000000000000000030100000000100000002010000010203010000010010100000000210000000000000100 2
1 0 -193 560670 11 13 9 7 -1 -1 0220000022000002000000000000200000000000000000000030100000002100000002010000010203010000010010100000000210000000000000100 2
2 0 -193 553722 4 10 12 6 -1 -1 0220000022000002000000000000200000000000000000000030100000002100000102010000010203010000010000100000000210000000000000100 2
1 0 -193 553722 8 14 4 10 -1 -1 0220000022000000000000000000200000000000000000000030100000002100000102010000010203010000010000100000020210000000000000100 2
2 0 -193 545606 9 11 13 11 -1 -1 0220000022000001000000000000200000000000000000000030100000002000000102010000010203010000010000100000020210000000000000100 2
1 0 -193 545606 11 7 9 5 -1 -1 0220000022000001000000000000200000000000000000000030100000002000000100010000010203010000010000100000020210000000200000100 2
2 0 -193 540903 1 13 2 14 -1 -1 0220000022000001000000000000200000000000000000000030100000002000001100010000010203010000000000100000020210000000200000100 2
1 0 -193 540903 11 17 9 19 -1 -1 0200020022000001000000000000200000000000000000000030100000002000001100010000010203010000000000100000020210000000200000100 2
2 0 -193 535915 2 14 6 10 -1 -1 0200020022000001000000000000200000000000000000000030100000002000001100010100010203010000000000000000020210000000200000100 2
1 0 -193 535915 10 18 8 20 -1 -1 0200000022000001000000000000200000000002000000000030100000002000001100010100010203010000000000000000020210000000200000100 2
2 0 -193 530463 3 15 5 13 -1 -1 0200000022000001000000000000200000000002000000000030100000002000101100010100010203000000000000000000020210000000200000100 2
1 0 -193 530463 10 6 8 8 -1 -1 0200000020000001000000000000220000000002000000000030100000002000101100010100010203000000000000000000020210000000200000100 2
2 0 -193 525233 1 11 2 12 -1 -1 0200000020000001000000000000220000000002000000000030100000102000101100010100000203000000000000000000020210000000200000100 2
1 0 -193 525233 9 7 7 9 -1 -1 0000200020000001000000000000220000000002000000000030100000102000101100010100000203000000000000000000020210000000200000100 2
2 0 -193 516490 2 12 10 8 -1 -1 0000200020000001000000000000220000000002000000000130100000102000101000010100000203000000000000000000020210000000200000100 2
1 0 -193 516490 4 10 2 12 -1 -1 0000000020000001000000000000220000000002000000000130100000102000101000010100002203000000000000000000020210000000200000100 2
2 0 -193 508951 5 13 6 12 -1 -1 0000100020000000000000000000220000000002000000000130100000102000101000010100002203000000000000000000020210000000200000100 2
1 0 -193 508951 15 11 14 12 -1 -1 0000100020000000000000000000200000000002200000000130100000102000101000010100002203000000000000000000020210000000200000100 2
2 0 -193 500499 5 11 11 9 -1 -1 0000100020000000000000000000200000000002200000000130100000102000101000010100002203000000000000000000020210000000200010000 2
1 0 -193 500499 7 9 5 11 -1 -1 0000100020000000000000000000000000000002200000000130100000102000101000010100002203000000002000000000020210000000200010000 2
2 0 -193 492375 12 10 13 9 -1 -1 0000100020000000000000000000100000000002200000000030100000102000101000010100002203000000002000000000020210000000200010000 2
1 0 -193 492375 14 12 12 14 -1 -1 0000100020000000000000000000100000000002200000000030100000102000101000010100002203000000002000000000020010000002200010000 2
2 0 -193 481571 6 12 10 12 -1 -1 0000100020000000000000000000100000000002200000000030100000102000101000010100002203000000002000000000020011000002200000000 2
1 0 -193 481571 9 15 7 9 -1 -1 0000100020000000000000000000100000000002000000000030100000102000101000010100002223000000002000000000020011000002200000000 2
2 0 -193 474638 10 8 14 12 -1 -1 0000100020000000000000000000100000000002000000000130100000102000101000000100002223000000002000000000020011000002200000000 2
1 0 -193 474638 12 14 10 8 -1 -1 0000100020000000000000000000100000000002000000000130100000102000101000000100000223000000002000000000020011000002200020000 2
2 0 -193 467191 10 10 14 10 -1 -1 0000100020000000000000000000100000000002000000000130100000102000101000000100001223000000002000000000020010000002200020000 2
1 0 -193 467191 12 12 11 13 -1 -1 0000100020000000000000000000100000000002000000000130100000102000101000000100001023000000002000000000020010000002200220000 2
2 0 -193 461477 8 12 9 11 -1 -1 0000100020000000000000000000100000000002000000000130100000102000101000000100001023000000002010000000020000000002200220000 2
1 0 -193 461477 11 13 9 15 -1 -1 0000100020000000000000000000100000000002000000000130100000100000101002000100001023000000002010000000020000000002200220000 2
2 0 -193 455658 3 13 4 14 -1 -1 0000100020000000000000000000100000000002000000000130100000100000101002010100001023000000002000000000020000000002200220000 2
1 0 -193 455658 10 8 9 7 -1 -1 0000100000000000020000000000100000000002000000000130100000100000101002010100001023000000002000000000020000000002200220000 2
2 0 -193 448785 4 14 5 13 -1 -1 0000100000000000020000000000100000000002000000000130100000100000101102010100000023000000002000000000020000000002200220000 2
1 0 -193 448785 9 5 7 7 -1 -1 0000100000000000000000000000120000000002000000000130100000100000101102010100000023000000002000000000020000000002200220000 2
2 0 -193 443031 5 13 6 12 -1 -1 0000100000000000000000000000120000000002000000001130100000100000100102010100000023000000002000000000020000000002200220000 2
1 0 -193 443031 8 8 6 6 -1 -1 0000100000000000000000000000100000000002200000001130100000100000100102010100000023000000002000000000020000000002200220000 2
2 0 -193 436568 6 12 12 10 -1 -1 0000100000000000000000000000100000000102200000001130100000000000100102010100000023000000002000000000020000000002200220000 2
1 0 -193 436568 7 9 5 7 -1 -1 0000100000000000000000000000100000000102000000001130100000000000100102010100000023000000002000000000020200000002200220000 2
2 0 -193 431411 6 10 12 12 -1 -1 0000100000000000000000000010100000000102000000001030100000000000100102010100000023000000002000000000020200000002200220000 2
1 0 -193 431411 7 7 5 13 -1 -1 0000100000000000000000000010100000000100000000001030100000000000100102010100000023000000002000000000020220000002200220000 2
2 0 -193 427598 13 11 13 13 -1 -1 0000100000000000000000000010110000000100000000000030100000000000100102010100000023000000002000000000020220000002200220000 2
1 0 -193 427598 6 6 4 8 -1 -1 0000100000000000000000000010110000000100000000000030100000000000100102010100000023000000002000000000020220000002020220000 2
2 0 -193 423166 9 11 13 15 -1 -1 0000100000000010000000000010110000000000000000000030100000000000100102010100000023000000002000000000020220000002020220000 2
1 0 -193 423166 5 7 3 9 -1 -1 0000100000000010000000000010110000000000000000000030100000000000100100010100000023000000002000000000020220000002022220000 2
2 0 -193 419388 11 9 15 13 -1 -1 0000101000000010000000000000110000000000000000000030100000000000100100010100000023000000002000000000020220000002022220000 2
1 0 -193 419388 4 8 2 14 -1 -1 0000101000000010000000000000110000000000000000000030100000000000100100010100000023000000000000000000020220000002022220020 2
2 0 -193 416593 10 12 11 13 -1 -1 0000111000000000000000000000110000000000000000000030100000000000100100010100000023000000000000000000020220000002022220020 2
1 0 -193 416593 9 15 8 14 -1 -1 0000111000000000000000000000110000000000000000000030100000000000100100010100000003000000000020000000020220000002022220020 2
2 0 -193 414559 11 13 13 11 -1 -1 0000111000000000000000000000110000000000000000000030100000000100100100000100000003000000000020000000020220000002022220020 2
1 0 -193 414559 8 14 6 16 -1 -1 0000111000000000000000000000110000000000000000000030100000000100100100000100000003000000000000000000020220000002222220020 2
2 0 -193 413520 12 12 16 12 -1 -1 0000111000000000000000000000110000000000001000000030100000000000100100000100000003000000000000000000020220000002222220020 2
1 0 -193 413520 7 15 5 17 -1 -1 0000111000000000000000000000110000000000001000000030100000000000100100000100000003000000000000000000020200000002222220022 2
2 0 -193 412775 12 6 12 8 -1 -1 0000111000000000000000000000110100000000001000000030000000000000100100000100000003000000000000000000020200000002222220022 2
1 0 -193 412775 9 19 8 18 -1 -1 0000111000000000000000000000110100000000001000000030000000000000100100000100000003000000000000000000002200000002222220022 2
2 0 -193 412193 12 8 14 14 -1 -1 0000111000000000000000000000110100000000001000000030000000000001100100000000000003000000000000000000002200000002222220022 2
1 0 -193 412193 9 7 8 8 -1 -1 0000111000000000000000000000110100000000001000000030000000000001100100000000000003000000000000000000000200000002222222022 2
2 0 -193 411745 13 9 15 11 -1 -1 0000111000000000000000000000110100000000001000000030000000100001100000000000000003000000000000000000000200000002222222022 2
1 0 -193 411745 8 8 7 7 -1 -1 0000111000000000000000000000110100000000001000000030000000100001100000000000000003000000000000000000000200000000222222222 2
2 0 -193 411590 12 10 13 9 -1 -1 0000111000000000000000000000110100000000001000001030000000000001100000000000000003000000000000000000000200000000222222222 2
