1322295596000
kingfish
progamers
1 0 599834 600000 14 10 12 12 -1 -1 2222222222000000000000000000000000000000000000000000000000000000000000000000000000000000000000000000000000000001111111111 2
2 0 599834 599485 3 9 4 10 -1 -1 2222222222000000000000000000000000000000000000000000000000000000000000000000000000000000000000000000000010000001111011111 2
1 0 599833 599485 16 12 12 8 -1 -1 2222220222000002000000000000000000000000000000000000000000000000000000000000000000000000000000000000000010000001111011111 2
2 0 599833 598496 1 11 5 11 -1 -1 2222220222000002000000000000000000000000000000000000000000000000000000000000000000000000000000000000001010000001111011110 2
1 0 599825 598496 13 13 11 11 -1 -1 2022220222000002000000000000200000000000000000000000000000000000000000000000000000000000000000000000001010000001111011110 2
2 0 599825 595713 2 14 6 10 -1 -1 2022220222000002000000000000200000000000000000000000000000000000000000000000000000000000000100000000001010000001101011110 2
1 0 599824 595713 14 12 10 12 -1 -1 2022200222000002000000000000200000000002000000000000000000000000000000000000000000000000000100000000001010000001101011110 2
2 0 599824 595554 3 11 5 13 -1 -1 2022200222000002000000000000200000000002000000000000000000000000000000000000000010000000000100000000001010000001101001110 2
1 0 599823 595554 13 11 9 11 -1 -1 2022200022000002000000000000220000000002000000000000000000000000000000000000000010000000000100000000001010000001101001110 2
2 0 599823 595233 0 12 6 14 -1 -1 2022200022000002000000000000220000000002000000000000000000000000000001000000000010000000000100000000001010000001001001110 2
1 0 599641 595233 12 12 8 12 -1 -1 0022200022000002000000000000220000000002020000000000000000000000000001000000000010000000000100000000001010000001001001110 2
2 0 599641 594712 1 13 9 9 -1 -1 0022200022000002000000000000220000000002020000000000000000001000000001000000000010000000000100000000001000000001001001110 2
1 0 592823 594712 11 11 3 11 -1 -1 0002200022000002000000000000220000000002020000000000000000001000000021000000000010000000000100000000001000000001001001110 2
2 0 592823 594087 2 12 6 12 -1 -1 0002200122000002000000000000220000000002020000000000000000001000000021000000000010000000000000000000001000000001001001110 2
1 0 589654 594087 9 11 5 15 -1 -1 0002000122000002000000000000220000000002220000000000000000001000000021000000000010000000000000000000001000000001001001110 2
2 0 589654 593486 5 11 11 13 -1 -1 0002000122000002000000000000221000000002220000000000000000001000000020000000000010000000000000000000001000000001001001110 2
1 0 587694 593486 5 15 1 11 -1 -1 0002000122000002000000000000021000000002220000000000000000001000000020000000000010000000000020000000001000000001001001110 2
2 0 587694 593035 3 13 9 11 -1 -1 0102000122000002000000000000020000000002220000000000000000001000000020000000000010000000000020000000001000000001001001110 2
1 0 583454 593035 10 12 8 14 -1 -1 0102000102000002000000000000020000000002220000000000000000001000000022000000000010000000000020000000001000000001001001110 2
2 0 583454 592443 5 13 9 13 -1 -1 0102000102000002000000000000020000000002220000000000000000001100000022000000000000000000000020000000001000000001001001110 2
1 0 576198 592443 13 9 11 7 -1 -1 0102000102000002000000000000000000000002220000000000000000001100000022200000000000000000000020000000001000000001001001110 2
2 0 576198 592164 2 10 3 9 -1 -1 0102000102000002000000000000000000000002220000000000000000001100000022200000000000000000010020000000001000000000001001110 2
1 0 571554 592164 12 8 10 6 -1 -1 0100002102000002000000000000000000000002220000000000000000001100000022200000000000000000010020000000001000000000001001110 2
2 0 571554 591849 3 9 7 9 -1 -1 0100002102000002000000000000000000000002220000000000000000001100000022200000010000000000010020000000000000000000001001110 2
1 0 566625 591849 8 14 6 8 -1 -1 0100000102000002000000000000000000000002220000000200000000001100000022200000010000000000010020000000000000000000001001110 2
2 0 566625 591051 6 10 7 11 -1 -1 0100000102000002000000000000000000000012220000000200000000001000000022200000010000000000010020000000000000000000001001110 2
1 0 562137 591051 8 12 6 10 -1 -1 0100000102000002000000000000000000000010220000000220000000001000000022200000010000000000010020000000000000000000001001110 2
2 0 562137 590027 6 12 10 12 -1 -1 0100000102000002000000000000000000000011220000000220000000000000000022200000010000000000010020000000000000000000001001110 2
1 0 554216 590027 11 7 10 8 -1 -1 0100000102000002000000000000000000000011020000000220000000000000000022200000010020000000010020000000000000000000001001110 2
2 0 554216 588590 7 11 8 12 -1 -1 0100000102000002000000000000000000000011020000000220000000000000000022200000011020000000000020000000000000000000001001110 2
1 0 549646 588590 10 8 9 7 -1 -1 0100000102000002000000000000000000000011020000000200000000002000000022200000011020000000000020000000000000000000001001110 2
2 0 549646 587847 8 12 12 12 -1 -1 0100000102000002000000000000000000000011020000000200000000002000000122200000010020000000000020000000000000000000001001110 2
1 0 546036 587847 6 10 5 11 -1 -1 0100000102000002000000000000000000000011020000000200000000000000000122200000010020000000000020000000000020000000001001110 2
2 0 546036 586605 7 9 8 8 -1 -1 0100000102000002000000000000100000000010020000000200000000000000000122200000010020000000000020000000000020000000001001110 2
1 0 543285 586605 5 11 5 9 -1 -1 0100000102000002000000000000100000000010020000000000000000200000000122200000010020000000000020000000000020000000001001110 2
2 0 543285 585774 4 10 5 11 -1 -1 0100000102000002000000000001000000000010020000000000000000200000000122200000010020000000000020000000000020000000001001110 2
1 0 541335 585774 9 7 5 7 -1 -1 0100000102000000000000000001200000000010020000000000000000200000000122200000010020000000000020000000000020000000001001110 2
2 0 541335 585158 8 8 10 10 -1 -1 0100000102000000000000000011200000000010020000000000000000200000000022200000010020000000000020000000000020000000001001110 2
1 0 539019 585158 14 14 13 13 -1 -1 0100000102000000000000000011200000000010020000000000000000000000000022200000010220000000000020000000000020000000001001110 2
2 0 539019 584486 9 9 11 11 -1 -1 0100000102000000000000000011200000000010020000000000000000000000000022200000010220000000000020000000000020000000011000110 2
1 0 537308 584486 6 8 2 12 -1 -1 0100000102000000000000000011200000000010020000000000000000000000000002200000010220000000000220000000000020000000011000110 2
2 0 537308 583502 3 15 2 14 -1 -1 0100100102000000000000000011200000000000020000000000000000000000000002200000010220000000000220000000000020000000011000110 2
1 0 534795 583502 5 9 4 8 -1 -1 0100120100000000000000000011200000000000020000000000000000000000000002200000010220000000000220000000000020000000011000110 2
2 0 534795 583397 2 14 6 10 -1 -1 0100120100000010000000000010200000000000020000000000000000000000000002200000010220000000000220000000000020000000011000110 2
1 0 532648 583397 5 7 3 13 -1 -1 0100100100000010000000000010200000000002020000000000000000000000000002200000010220000000000220000000000020000000011000110 2
2 0 532648 582500 5 11 7 9 -1 -1 0100100110000010000000000000200000000002020000000000000000000000000002200000010220000000000220000000000020000000011000110 2
1 0 530412 582500 4 8 3 9 -1 -1 0100100110000010000000000000000000000002020000000200000000000000000002200000010220000000000220000000000020000000011000110 2
2 0 530412 582031 7 9 7 11 -1 -1 0100101110000000000000000000000000000002020000000200000000000000000002200000010220000000000220000000000020000000011000110 2
1 0 527990 582031 15 13 14 12 -1 -1 0100101110000000000000000000000000000002020000000020000000000000000002200000010220000000000220000000000020000000011000110 2
2 0 527990 581707 6 10 10 14 -1 -1 0100101110000000000000000000000000000002020000000020000000000000000002200000010220000000000220000000000020000000011010100 2
1 0 525584 581707 14 12 12 14 -1 -1 0100101110000000000000000000000000000000020000000020000000000000000002200000010222000000000220000000000020000000011010100 2
2 0 525584 581474 9 13 11 15 -1 -1 0100101110000000000000000000000000000000020000000020000000000000000002200000010222000000000220000000000021000000011000100 2
1 0 523211 581474 13 15 13 11 -1 -1 0100101110000000000000000000000000000000020000000020000000000000000002000000010222000000000222000000000021000000011000100 2
2 0 523211 580737 12 12 16 12 -1 -1 0100101110000000000000000000000000000000020000000020000000000000000002000000010222000000000222000000000021000000110000100 2
1 0 518851 580737 15 11 14 10 -1 -1 0100101110000000000000000000000000000000020000000020000000000000000002000000010222000000000222000000000001000000110000102 2
2 0 518851 579570 10 10 12 12 -1 -1 0100101110000000000000000000000000000000020000000020000000000000000002000000010222000000000222000000000001000000110100002 2
1 0 515325 579570 14 10 13 9 -1 -1 0100101110000000000000000000000000000000020000000020000000000000000002000000010022000000000222000000000021000000110100002 2
2 0 515325 579391 7 11 7 13 -1 -1 0100101110000000000000000000000000000000020000000020000000000000000002000000010022000000000222000000000021000001110000002 2
1 0 513335 579391 13 9 12 8 -1 -1 0100101110000000000000000000000000000000020000000002000000000000000002000000010022000000000222000000000021000001110000002 2
2 0 513335 579141 12 12 14 14 -1 -1 0100101110000000000000000000000000000000020000000002000000000000000002000000010022000000000222000000001021000000110000002 2
1 0 510295 579141 12 14 12 12 -1 -1 0100101110000000000000000000000000000000020000000002000000000000000002000000010022000000000222000000001001000000110002002 2
2 0 510295 578988 6 14 10 10 -1 -1 0100101110000000000000000000000000000000020000000002000000000000000002000000010022000000000222000000001010000000110002002 2
1 0 508905 578988 13 13 9 5 -1 -1 0100101110000000000000000000000000000000000000000002000000000000000002000000010222000000000222000000001010000000110002002 2
2 0 508905 578365 10 12 14 12 -1 -1 0100101110000000000000000000000000000000000000000002000000000000001002000000010222000000000222000000001010000000100002002 2
1 0 506228 578365 10 6 8 4 -1 -1 0100101110000000000000000000000000000000000000000002000000000000001002000000010202000000000222000000001010000000100022002 2
2 0 506228 577615 11 11 15 11 -1 -1 0100101110000000000000000000000000000000000000000002000010000000001002000000000202000000000222000000001010000000100022002 2
1 0 504465 577615 13 11 13 13 -1 -1 0100101110000000000000000000000000000000000000000002000010000000001002000000000202000000000022000000001010000000100022202 2
2 0 504465 575237 11 13 11 11 -1 -1 0100101110000000000000000000000000000000000000000002000010000000001002000000000202000000000022000000001010000000010022202 2
1 0 502570 575237 12 8 11 9 -1 -1 0100101110000000000000000000000000000000000000000002000010000000001002000000000202000000000202000000001010000000010022202 2
2 0 502570 574645 10 14 10 12 -1 -1 0100101110000000000000000000000000000000000000000002000010000000001002000000000202000000001202000000000010000000010022202 2
1 0 500757 574645 12 12 11 13 -1 -1 0100101110000000000000000000000000000000000000000002000010000000001002000000000220000000001202000000000010000000010022202 2
2 0 500757 574083 7 13 8 12 -1 -1 0100101110000000000000000000000000000000000000000002000010000000001002000000000220000000001212000000000000000000010022202 2
1 0 499547 574083 9 5 7 3 -1 -1 0100101110000000000000000000000000000000000000000000000010002000001002000000000220000000001212000000000000000000010022202 2
2 0 499547 573624 10 10 12 12 -1 -1 0100101110000000000000000000000000000000000000100000000010002000000002000000000220000000001212000000000000000000010022202 2
1 0 497360 573624 11 9 10 10 -1 -1 0100101110000000000000000000000000000000000000100000000010002000000002000000000020000000001212000000000020000000010022202 2
2 0 497360 573476 8 12 9 13 -1 -1 0100101110000000000000000000000000000000000000100000000010002000000002000000000120000000000212000000000020000000010022202 2
1 0 495491 573476 10 10 8 12 -1 -1 0100101110000000000000000000000000000000000000100000000010000000000002200000000120000000000212000000000020000000010022202 2
2 0 495491 573340 11 11 12 10 -1 -1 0100101110000000000000000000000000000000000000100000000010001000000002200000000020000000000212000000000020000000010022202 2
1 0 492752 573340 13 13 11 11 -1 -1 0100101110000000000000000000000000000000000000100000000010001000000002200000000020000000000012000000000220000000010022202 2
2 0 492752 573191 9 11 10 10 -1 -1 0100101110000000000000000000000000000000000000100000000010001000000002200000000020000000000112000000000220000000000022202 2
1 0 489984 573191 8 4 6 2 -1 -1 0100101110000000000000000000000000000000000000100000000010001000000000200000000220000000000112000000000220000000000022202 2
2 0 489984 573036 9 13 9 11 -1 -1 0100101110000000000000000000000000010000000000100000000000001000000000200000000220000000000112000000000220000000000022202 2
1 0 486871 573036 7 3 5 1 -1 -1 0100101110000000000000000000000000010000000000100000000000001000000002000000000220000000000112000000000220000000000022202 2
2 0 486871 572871 9 11 15 13 -1 -1 0100101110000000000000010000000000010000000000000000000000001000000002000000000220000000000112000000000220000000000022202 2
1 0 484595 572871 11 11 7 11 -1 -1 0100101110000000000000010000000000010000000000000000000000001000000000000000000220000000000112000000000220000000000022222 2
2 0 484595 572647 11 15 13 13 -1 -1 0100101110000000000000010000000000010000000000000010000000001000000000000000000220000000000012000000000220000000000022222 2
1 0 480606 572647 11 13 7 9 -1 -1 0100101110000000000000010000000000010000000000000010000000001000000000000000000220000000000010000000000220000000020022222 2
2 0 480606 572519 10 12 11 11 -1 -1 0100101110000000000000010000000000010000000000000110000000001000000000000000000220000000000000000000000220000000020022222 2
1 0 478821 572519 7 9 6 10 -1 -1 0100101110000000000000010000000000010000000000000110000000001000000000000000000200000000000200000000000220000000020022222 2
2 0 478821 572409 12 12 13 11 -1 -1 0100101110000000000000010000000000010001000000000010000000001000000000000000000200000000000200000000000220000000020022222 2
1 0 477948 572409 6 2 4 0 -1 -1 0100101110000000000000010000000000010001000000000010000000001000000000000000000200000000000200000000000200000000220022222 2
2 0 477948 572280 10 10 14 10 -1 -1 0100101110100000000000010000000000000001000000000010000000001000000000000000000200000000000200000000000200000000220022222 2
1 0 477379 572280 5 1 4 2 -1 -1 0100101110100000000000010000000000000001000000000010000000001000000000000000000000000000000200000000000200000000220222222 2
2 0 477379 572226 11 11 13 9 -1 -1 0100101110110000000000000000000000000001000000000010000000001000000000000000000000000000000200000000000200000000220222222 2
1 0 476624 572226 6 10 5 9 -1 -1 0100101110110000000000000000000000000001000000000010000000001000000000000000000000000000000000000000000200000002220222222 2
2 0 476624 572225 13 11 13 15 -1 -1 0100101110110000000000000001000000000000000000000010000000001000000000000000000000000000000000000000000200000002220222222 2
1 0 476409 572225 8 12 0 12 -1 -1 0100101110110000000000000001000000000000000000000010000000001000000000000000000000000000000000000000000200000002022222222 2
2 0 476409 572224 12 10 13 11 -1 -1 1100101110110000000000000001000000000000000000000010000000000000000000000000000000000000000000000000000200000002022222222 2
