1322290809000
kingfish
deepred
1 0 599782 600000 14 10 12 12 -1 -1 2222222222000000000000000000000000000000000000000000000000000000000000000000000000000000000000000000000000000001111111111 1
2 0 599782 -72 2 12 4 14 8 14 2222222222000000000000000000000000000000000000000000000000000000000000000000000000000000000000000000000010000001111011111 1
1 0 599781 -72 16 12 12 8 -1 -1 2222022222000000020000000000000000000000000000000000000000000300000000000000000000000000000000000000000010000001111011111 1
2 0 599781 -72 3 9 5 7 4 8 2222022222000000020000000000000000000000000000000000000000000300000000000000000000000000000000000000001010000001111011110 1
1 0 599780 -72 13 13 11 11 -1 -1 2222020222000030020000000020000000000000000000000000000000000300000000000000000000000000000000000000001010000001111011110 1
2 0 599780 -72 4 14 6 8 -1 -1 2222020222000030020000000020000000000000000000000000000000000300000000000000000000000000000100000000001010000001101011110 1
1 0 599779 -72 14 12 10 12 -1 -1 2222020222000030000000000020000000000020000000000000000000000300000000000000000000000000000100000000001010000001101011110 1
2 0 599779 -72 5 7 7 9 -1 -1 2222020222000030000000000020000000000020000000000000000000000300000000000000000010000000000100000000001010000001101001110 1
1 0 599778 -72 13 11 9 11 -1 -1 2222020222000030000000000000000000000020000000000200000000000300000000000000000010000000000100000000001010000001101001110 1
2 0 599778 -72 1 11 5 7 -1 -1 2222020222000030000000000000000000000020000000000200000000000300000001000000000010000000000100000000001010000001001001110 1
1 0 595514 -72 12 8 11 9 -1 -1 2022020222000030000000000020000000000020000000000200000000000300000001000000000010000000000100000000001010000001001001110 1
2 0 595514 -72 6 8 8 10 -1 -1 2022020222000030000000000020000000000020000000000200000000000300000001000000000010000000001100000000000010000001001001110 1
1 0 590638 -72 12 12 6 10 -1 -1 2022020222000030000000000020000000000000000000000200000000020300000001000000000010000000001100000000000010000001001001110 1
2 0 590638 -72 2 14 4 12 -1 -1 2022020222000030000000000020000000000001000000000200000000020300000001000000000010000000001100000000000000000001001001110 1
1 0 582996 -72 11 11 7 7 -1 -1 2022000222000030200000000020000000000001000000000200000000020300000001000000000010000000001100000000000000000001001001110 1
2 0 582996 -72 0 12 4 16 -1 -1 2022000222000030200000000020000000000001000000001200000000020300000001000000000010000000001000000000000000000001001001110 1
1 0 577055 -72 14 14 6 6 -1 -1 0022000222000030202000000020000000000001000000001200000000020300000001000000000010000000001000000000000000000001001001110 1
2 0 577055 -72 5 7 7 5 -1 -1 0022000222000030202000000020000000000101000000001200000000020300000001000000000010000000001000000000000000000001001000110 1
1 0 569123 -72 15 11 14 10 -1 -1 0022000222000030202000000000000000000101000000021200000000020300000001000000000010000000001000000000000000000001001000110 1
2 0 569123 -72 3 15 5 17 -1 -1 0022000222000030202000000000000000000101000000021200000000020300000001000000000010000000001000000000000000000001001100010 1
1 0 561033 -72 14 10 12 8 -1 -1 0022000220000030202000000000000200000101000000021200000000020300000001000000000010000000001000000000000000000001001100010 1
2 0 561033 -72 4 16 6 18 -1 -1 0022000220000030202000000000000200000101000000021200000000020300000001000000000010000000001000000000001000000001001000010 1
1 0 552422 -72 13 9 5 9 -1 -1 0022000220000030200000000000000200000101000200021200000000020300000001000000000010000000001000000000001000000001001000010 1
2 0 552422 -72 5 17 7 19 -1 -1 0022000220000030200000000001000200000101000200021200000000020300000001000000000010000000001000000000001000000000001000010 1
1 0 544181 -72 12 8 8 12 -1 -1 0022000220000030200000000001000000000101000200021200002000020300000001000000000010000000001000000000001000000000001000010 1
2 0 544181 -72 6 18 8 20 -1 -1 0022000220000030200000000001000000000101000200021200002000021300000001000000000010000000001000000000000000000000001000010 1
1 0 538010 -72 11 9 11 11 -1 -1 0022000220000030200000000001000000000101000000021200002000021300200001000000000010000000001000000000000000000000001000010 1
2 0 538010 -72 3 13 5 11 -1 -1 0022000220000030200000000001000000000101000000021200002000021300200001000000000010000000000100000000000000000000001000010 1
1 0 533638 -72 7 7 6 8 -1 -1 0022000200000030200000000001200000000101000000021200002000021300200001000000000010000000000100000000000000000000001000010 1
2 0 533638 -72 3 11 5 13 -1 -1 0022000200000030200000000001200000000111000000020200002000021300200001000000000010000000000100000000000000000000001000010 1
1 0 527004 -72 11 11 5 5 -1 -1 0022000000000030200000000001220000000111000000020200002000021300200001000000000010000000000100000000000000000000001000010 1
2 0 527004 -72 4 12 6 14 -1 -1 0022000000000030200000000101220000000111000000020200002000021300200001000000000010000000000000000000000000000000001000010 1
1 0 519029 -72 9 11 5 15 -1 -1 0022000000000030000000000101220000000111020000020200002000021300200001000000000010000000000000000000000000000000001000010 1
2 0 519029 -72 5 13 11 11 -1 -1 0022000000000030000000000101221000000111020000020200002000021300200000000000000010000000000000000000000000000000001000010 1
1 0 512367 -72 10 12 9 13 -1 -1 0022000000000030000000000101201000000111020000020200002000021300200000000000000010000000000200000000000000000000001000010 1
2 0 512367 -72 7 9 9 15 -1 -1 0022000000000030000000000101201000000111020000020200002000021300200000100000000000000000000200000000000000000000001000010 1
1 0 504220 -72 6 10 4 12 -1 -1 0022000000000030000000000101201000000111020000020000002000021300200000120000000000000000000200000000000000000000001000010 1
2 0 504220 -72 5 11 9 11 -1 -1 0022000000000030100000000101201000000110020000020000002000021300200000120000000000000000000200000000000000000000001000010 1
1 0 497007 -72 9 13 3 11 -1 -1 0022000000000030100000000101001000000110020000020000002000021300200002120000000000000000000200000000000000000000001000010 1
2 0 497007 -72 8 10 12 10 -1 -1 0022000100000030100000000101001000000110020000020000002000021300200002020000000000000000000200000000000000000000001000010 1
1 0 488706 -72 6 8 2 12 -1 -1 0022000100000030100000000101001000000110020000020000002000001300200002020000000000000000000200000000000200000000001000010 1
2 0 488706 -72 11 11 13 9 -1 -1 0022100100000030100000000101001000000100020000020000002000001300200002020000000000000000000200000000000200000000001000010 1
1 0 484380 -72 6 6 5 7 -1 -1 0022100100000030100000000101001000000100020000020000002000001300200002020000000000000000000000000000000200000002001000010 1
2 0 484380 -72 13 9 14 10 -1 -1 0022100100000030100000000111001000000000020000020000002000001300200002020000000000000000000000000000000200000002001000010 1
1 0 479554 -72 5 7 1 11 -1 -1 0022100100000030100000000111001000000000020000020000002000001300200002020000000000000000000000000000000200000000001200010 1
2 0 479554 -72 14 10 15 11 -1 -1 0122100100000030100000000101001000000000020000020000002000001300200002020000000000000000000000000000000200000000001200010 1
1 0 476257 -72 4 12 3 13 -1 -1 0122100100000030100000000101001000000000020000020000002000001300200002020000000000000000000000000000000200000000001000210 1
2 0 476257 -72 2 10 4 12 -1 -1 0122100110000030000000000101001000000000020000020000002000001300200002020000000000000000000000000000000200000000001000210 1
1 0 471107 -72 13 15 12 14 -1 -1 0120100110000030200000000101001000000000020000020000002000001300200002020000000000000000000000000000000200000000001000210 1
2 0 471107 -72 15 11 16 12 -1 -1 0120100110000030200000000101001000000000020000020000002000001300200002020000000000000000000000000000000201000000000000210 1
1 0 465651 -72 12 14 11 13 -1 -1 0120100110000030200000000101001000000000020000020000002000001300200002020000000000000000000000000000000201000000000000012 1
2 0 465651 -72 12 10 13 9 -1 -1 0120100110000030200000000101001000000000020000020000002000001300200002020000000000000000000010000000000200000000000000012 1
1 0 460679 -72 11 13 10 14 -1 -1 0120100110000030200000000101001000000000020000020000002000001300200002020000000000000000000010000000000000000002000000012 1
2 0 460679 -72 9 15 11 13 -1 -1 0120100110000030200000000101001000000000020000020000002000001300200002020000000001000000000000000000000000000002000000012 1
1 0 455710 -72 10 14 9 13 -1 -1 0120100110000030200000000101001000000000020000020000002000001300200002000000000001000000000020000000000000000002000000012 1
2 0 455710 -72 13 9 14 10 -1 -1 0120100110000030200000000101001000000000020000020000002000001300200002100000000000000000000020000000000000000002000000012 1
1 0 451926 -72 9 13 5 13 -1 -1 0120100110000030200000000101001000000000020000020000002000001300200002100000000000000000000020000000000000000000000200012 1
2 0 451926 -72 14 10 15 11 -1 -1 0120100110000030200000000101011000000000020000020000002000001300200002000000000000000000000020000000000000000000000200012 1
1 0 449757 -72 5 15 3 9 -1 -1 0120100110000030200000000101011000000000020000020000002000001300200002000000000000000000000020000000000000000000000000212 1
2 0 449757 -72 11 13 12 12 -1 -1 0120101110000030200000000101010000000000020000020000002000001300200002000000000000000000000020000000000000000000000000212 1
1 0 447088 -72 5 5 4 6 -1 -1 0120101110000030200000000101010000000000020000020000002000001300200002000000000000000000000000000000000020000000000000212 1
2 0 447088 -72 12 12 13 13 -1 -1 0120101110000130200000000001010000000000020000020000002000001300200002000000000000000000000000000000000020000000000000212 1
1 0 445232 -72 4 6 4 14 -1 -1 0120101110000130200000000001010000000000020000020000002000001300200002000000000000000000000000000000000000000000020000212 1
2 0 445232 -72 13 13 14 14 -1 -1 0120101110000030210000000001010000000000020000020000002000001300200002000000000000000000000000000000000000000000020000212 1
1 0 443534 -72 5 9 4 10 -1 -1 0120101110000030210000000001010000000000020000020000002000001300200002000000000000000000000000000000000000000000000002212 1
2 0 443534 -72 9 11 10 10 -1 -1 0120101110000031210000000000010000000000020000020000002000001300200002000000000000000000000000000000000000000000000002212 1
1 0 441827 -72 15 13 13 15 -1 -1 0120101110000031210000000000010000000000020000020000002000001300200000000000000200000000000000000000000000000000000002212 1
2 0 441827 -72 14 14 15 13 -1 -1 0120101110000031210000000000010000000000020000020000002000001300200000000000000200000000000000000000000000000000001002202 1
1 0 440081 -72 13 15 12 14 -1 -1 0120101110000031210000000000010000000000020000020000002000001300200000000000000200000000000000000000000000000000001000222 1
2 0 440081 -72 10 10 11 9 -1 -1 0120101110000031210000000000010000000000020000020000002000001300200000000000000200000000000000000000000001000000000000222 1
1 0 438394 -72 12 14 11 13 -1 -1 0120101110000031210000000000010000000000020000020000002000001300200000000000000000000000002000000000000001000000000000222 1
2 0 438394 -72 11 9 12 8 -1 -1 0120101110000031210000000000010000000000020000020000002000001300200000000000000000000000002010000000000000000000000000222 1
1 0 436792 -72 8 12 7 11 -1 -1 0120101110000031210000000000010000000000020000020000002000001300200000000000000000000000000010000000002000000000000000222 1
2 0 436792 -72 12 8 13 9 -1 -1 0120101110000031210000000000010000000000020000020010002000000300200000000000000000000000000010000000002000000000000000222 1
1 0 435053 -72 7 11 6 10 -1 -1 0120101110000031210000000000010000000000020000020010002000000300200000000000000000000000000010000000000000000002000000222 1
2 0 435053 -72 13 9 14 10 -1 -1 0120101110000031210000000000010000000001020000020000002000000300200000000000000000000000000010000000000000000002000000222 1
1 0 433566 -72 6 10 5 11 -1 -1 0120101110000031210000000000010000000001020000020000002000000300200000000000000000000000000010000000000000000000000200222 1
2 0 433566 -72 4 12 6 10 -1 -1 0120101110000031210000000000110000000000020000020000002000000300200000000000000000000000000010000000000000000000000200222 1
1 0 431873 -72 5 11 4 12 -1 -1 0120101110000031010000000000110000000002020000020000002000000300200000000000000000000000000010000000000000000000000200222 1
2 0 431873 -72 8 20 9 19 -1 -1 0120101110000031110000000000010000000002020000020000002000000300200000000000000000000000000010000000000000000000000200222 1
1 0 430095 -72 4 12 0 12 -1 -1 0120101110000031110000000000010000000002020000020000002000000300000000000200000000000000000010000000000000000000000200222 1
2 0 430095 -72 9 19 10 18 -1 -1 1120101110000031010000000000010000000002020000020000002000000300000000000200000000000000000010000000000000000000000200222 1
1 0 427892 -72 5 13 3 15 -1 -1 1120101110000031010000000000010000000002020000020000002000000300000000000000000000020000000010000000000000000000000200222 1
2 0 427892 -72 10 18 11 17 -1 -1 1120101111000031010000000000000000000002020000020000002000000300000000000000000000020000000010000000000000000000000200222 1
1 0 426465 -72 11 13 10 12 -1 -1 1120101111000031010000000000000000000002020000020000002000000300000000000000000000000000000010200000000000000000000200222 1
2 0 426465 -72 11 17 12 16 -1 -1 1120101111000031010000000000000000000002020000020000002000000300000000000000000010000000000000200000000000000000000200222 1
1 0 425301 -72 10 12 9 13 -1 -1 1120101111000031010000000000000000000002020000020000002000000300000000000000000010000000000000000000000000200000000200222 1
2 0 425301 -72 12 16 13 15 -1 -1 1120101111000031010000000000000000000002020000020000002000000300000000100000000000000000000000000000000000200000000200222 1
1 0 423199 -72 9 13 5 13 -1 -1 1120101111000031010000000000000000000002020000020000002000000300000000100000000000000000000000000000000000000000002200222 1
2 0 423199 -72 13 15 14 14 -1 -1 1120101111000031010000000000010000000002020000020000002000000300000000000000000000000000000000000000000000000000002200222 1
1 0 421660 -72 5 13 4 12 -1 -1 1120101111000031010000000000010000000002020000020000002000000300000000000000000000000000000000000000000000000000000202222 1
2 0 421660 -72 7 19 8 18 -1 -1 1120101111000031110000000000000000000002020000020000002000000300000000000000000000000000000000000000000000000000000202222 1
1 0 420817 -72 4 12 2 14 -1 -1 1120101111000031110000000000000000000002020000020000000000000302000000000000000000000000000000000000000000000000000202222 1
2 0 420817 -72 8 18 9 19 -1 -1 1120111111000031010000000000000000000002020000020000000000000302000000000000000000000000000000000000000000000000000202222 1
1 0 420207 -72 3 9 2 10 -1 -1 1120111111000031010000000000000000000002020000020000000000000300000000000200000000000000000000000000000000000000000202222 1
2 0 420207 -72 9 19 10 18 -1 -1 1121110111000031010000000000000000000002020000020000000000000300000000000200000000000000000000000000000000000000000202222 1
1 0 419636 -72 4 10 3 9 -1 -1 1121110111000031010000000000000000000002020000020000000000000300000000000000000000020000000000000000000000000000000202222 1
