1322286292000
googolhex
kingfish
1 0 599233 600000 14 10 12 12 -1 -1 2222222222000000000000000000000000000000000000000000000000000000000000000000000000000000000000000000000000000001111111111 2
2 0 599233 599908 2 14 4 12 -1 -1 2222222222000000000000000000000000000000000000000000000000000000000000000000000000000000000000000000000010000001111011111 2
1 0 597712 599908 16 12 12 8 -1 -1 2222202222000000200000000000000000000000000000000000000000000000000000000000000000000000000000000000000010000001111011111 2
2 0 597712 599907 0 12 4 16 -1 -1 2222202222000000200000000000000000000000000000000000000000000000000000000000000000000000000000000000001010000001111011110 2
1 0 594973 599907 13 15 12 14 -1 -1 0222202222000000202000000000000000000000000000000000000000000000000000000000000000000000000000000000001010000001111011110 2
2 0 594973 599906 3 11 5 13 -1 -1 0222202222000000202000000000000000000000000000000000000000000000000000000000000000000000000000000000001011000001110011110 2
1 0 590214 599906 15 13 11 13 -1 -1 0222202022000000202000000000020000000000000000000000000000000000000000000000000000000000000000000000001011000001110011110 2
2 0 590214 599905 2 12 6 12 -1 -1 0222202022000000202000000000020000000000000000000000000000000000000000000000000000000000000010000000001011000001110011100 2
1 0 581943 599905 13 13 11 11 -1 -1 0222002022000000202000000000020000000000200000000000000000000000000000000000000000000000000010000000001011000001110011100 2
2 0 581943 599904 3 13 7 13 -1 -1 0222002022000000202000000000020000000000200000000000000000000000000000000000000000000000000110000000001011000001100011100 2
1 0 565238 599904 15 11 14 10 -1 -1 0222002002000000202000000000020000000000200000000002000000000000000000000000000000000000000110000000001011000001100011100 2
2 0 565238 599736 4 12 8 12 -1 -1 0222002002000000202000000000020000000000200000000002000000000000000000000000000000000000000110000000001011000001100111000 2
1 0 554365 599736 14 12 10 12 -1 -1 0222002002000000002000000000020000000000200000000002000000002000000000000000000000000000000110000000001011000001100111000 2
2 0 554365 598288 5 13 9 13 -1 -1 0222002002000000002000000000020000000000200000000002000000002000000000000000000010000000000110000000001011000001100101000 2
1 0 540557 598288 14 14 14 12 -1 -1 0222002002000000002000000000000000000000200000000002000000002000000000200000000010000000000110000000001011000001100101000 2
2 0 540557 597020 3 9 4 10 -1 -1 0222002002000000002000000000000000000000200000000002000000002000000000200000000010000000000110000000001011000001100110000 2
1 0 526596 597020 14 12 12 6 -1 -1 0222000002000002002000000000000000000000200000000002000000002000000000200000000010000000000110000000001011000001100110000 2
2 0 526596 596366 7 13 9 11 -1 -1 0222000002000002002000000000000000000000200000000002000000002000000000200000000010000000000110000000011011000001100100000 2
1 0 518265 596366 10 12 10 14 -1 -1 0222000002000002002000000000000000000000200000000000000000002000000002200000000010000000000110000000011011000001100100000 2
2 0 518265 595464 1 11 7 13 -1 -1 0222000002000002002000000000000000000000200000000000000000002000000002200000000001000000000110000000011011000001100100000 2
1 0 506183 595464 14 10 14 12 -1 -1 0022000002000002002000000000000000000000200000000002000000002000000002200000000001000000000110000000011011000001100100000 2
2 0 506183 589404 6 12 10 12 -1 -1 0022000002000002002000000000000000000000200000000002000000002000000002200000000001000000000110000000011011000001100010000 2
1 0 496308 589404 14 12 12 10 -1 -1 0022000002000002002000000000000000000000000000000002000000002000000002200000000021000000000110000000011011000001100010000 2
2 0 496308 588811 1 13 1 11 -1 -1 0022000002000002002000000000000000000000000000000002000000002000000002200000000021000000000110000000011111000001100000000 2
1 0 491800 588811 12 10 11 9 -1 -1 0202000002000002002000000000000000000000000000000002000000002000000002200000000021000000000110000000011111000001100000000 2
2 0 491800 588503 1 11 5 11 -1 -1 0202000002000002002000000000000000000000000000000002000000002000000002200000000021000000001110000000011011000001100000000 2
1 0 483444 588503 12 14 10 8 -1 -1 0002000002000002002000000000200000000000000000000002000000002000000002200000000021000000001110000000011011000001100000000 2
2 0 483444 586379 4 10 8 14 -1 -1 0002000002000002002000000000200000000000000000000002000000002000000002200000001021000000001110000000011010000001100000000 2
1 0 483207 586379 10 14 10 10 -1 -1 0002000002000000002000000000200000000000000000000002000000002200000002200000001021000000001110000000011010000001100000000 2
2 0 483207 583088 9 11 9 9 -1 -1 0002000002000000002000000000200000000000000000000002000000002200000002200000001120000000001110000000011010000001100000000 2
1 0 482982 583088 11 13 9 7 -1 -1 0002000002000000002000000000200000000000000000000002000000002200000020200000001120000000001110000000011010000001100000000 2
2 0 482982 580460 7 13 11 13 -1 -1 0002000002000000002000000000200000000000000000000002000000002200000120200000001120000000001100000000011010000001100000000 2
1 0 482766 580460 13 11 12 10 -1 -1 0002000002000000002000000000200000000000000000000000000000002200000120200000001120000000001120000000011010000001100000000 2
2 0 482766 579457 3 15 5 17 -1 -1 0002000002000000002000000000200000000000000000000000000000002200000120200000001120000000001120000000011110000001000000000 2
1 0 482630 579457 12 8 11 7 -1 -1 0002000000000000002000000000200200000000000000000000000000002200000120200000001120000000001120000000011110000001000000000 2
2 0 482630 577347 9 9 9 11 -1 -1 0002000000000000002000000000200200000000000000000000000000002200000120200000001120000000011120000000010110000001000000000 2
1 0 482496 577347 12 12 8 8 -1 -1 0002000000000000002000000000200200000000000000000000000000002200000102200000001120000000011120000000010110000001000000000 2
2 0 482496 575815 4 16 6 18 -1 -1 0002000000000000002000000000200200000000000000000000000000102200000102200000001120000000011120000000010100000001000000000 2
1 0 482333 575815 11 11 7 7 -1 -1 0002000000000000000000000000200200000000000200000000000000102200000102200000001120000000011120000000010100000001000000000 2
2 0 482333 572921 8 12 14 10 -1 -1 0002000000000000000000000000200200000000000200001000000000102200000102200000001120000000011020000000010100000001000000000 2
1 0 482052 572921 13 9 9 9 -1 -1 0002000000000000000000000000200200000000000200001000000000100200000102200000001120000000011020000000010100000001000200000 2
2 0 482052 569765 5 17 7 19 -1 -1 0002000000000000000000000000200200000000000200001000000000100200000112200000001120000000011020000000010100000000000200000 2
1 0 470918 569765 10 10 10 6 -1 -1 0002000000000000000000000000200000000000000200001000002000100200000112200000001120000000011020000000010100000000000200000 2
2 0 470918 566818 6 18 8 20 -1 -1 0002000000000000000000000000200000000000000200001000002000100200000112200000011020000000011020000000010100000000000200000 2
1 0 461373 566818 10 8 8 10 -1 -1 0002000000000000000000000000200000000000000000001000002000100200200112200000011020000000011020000000010100000000000200000 2
2 0 461373 552023 9 13 15 11 -1 -1 0002000000000000000000000000200000000000000000001000002000110200200112200000010020000000011020000000010100000000000200000 2
1 0 434893 552023 12 10 6 8 -1 -1 0002000000000000000000000000200000000000000000001000002000110200200112000000010020000000011020000000010100000000000200200 2
2 0 434893 547173 11 13 12 12 -1 -1 0002000000000000000000000000200000000010000000001000002000110200200112000000010020000000011020000000010000000000000200200 2
1 0 404714 547173 11 9 10 8 -1 -1 0002000000000000000000000000200000000010000000001000002000110200200112000000010020000000011000000000010020000000000200200 2
2 0 404714 543658 5 11 6 12 -1 -1 0002000000000000000000000000200000000010000000001000002000110200200112000000011020000000010000000000010020000000000200200 2
1 0 391395 543658 7 7 5 9 -1 -1 0002000000000000000000000000000000000010200000001000002000110200200112000000011020000000010000000000010020000000000200200 2
2 0 391395 541954 9 11 13 11 -1 -1 0002000000000000000000000001000000000010200000000000002000110200200112000000011020000000010000000000010020000000000200200 2
1 0 375789 541954 6 8 6 10 -1 -1 0002000000000000000000000001000000000010200000000000002000110200200110000000011020000000010000000000010020000000200200200 2
2 0 375789 539828 8 14 9 13 -1 -1 0002000000000000000000000001000000000001200000000000002000110200200110000000011020000000010000000000010020000000200200200 2
1 0 375787 539828 9 7 5 11 -1 -1 0002000000000000000000000001000000000001200000000000002000110000200110200000011020000000010000000000010020000000200200200 2
2 0 375787 537784 9 13 13 13 -1 -1 0002000000000000000000000001100000000001200000000000002000110000200010200000011020000000010000000000010020000000200200200 2
1 0 375787 537784 9 9 5 13 -1 -1 0002000000000000000000000001100000000001200000000000002000110000200010000000011020000000010000000000010020000000220200200 2
2 0 375787 535224 7 19 9 21 -1 -1 0002000000000000000000000001110000000001200000000000002000110000200000000000011020000000010000000000010020000000220200200 2
1 0 375786 535224 11 7 7 11 -1 -1 0002000000000000000000000001110000000001200000000000000000110000200000000020011020000000010000000000010020000000220200200 2
2 0 375786 534230 8 20 10 22 -1 -1 0002000000000000000000000001110000000001200000000010000000110000200000000020011020000000000000000000010020000000220200200 2
1 0 375785 534230 6 10 4 12 11 13 0002000000000000000000000001110000000001200000000010000000110000000000000020011020000200000000000000010020000000220200200 2
2 0 375785 532850 9 21 11 23 -1 -1 0002000000000000100000000001110000000000200000000010000000110000000000000020011020000200000030000000010020000000220200200 2
1 0 375784 532850 8 8 4 8 -1 -1 0002000000000000100000000001110000000000200000000010000000110000000000000000011020000200000030000200010020000000220200200 2
2 0 375784 531791 10 12 14 12 -1 -1 0002000000000010100000000001110000000000200000000010000000010000000000000000011020000200000030000200010020000000220200200 2
1 0 375784 531791 5 11 1 11 -1 -1 0002000000000010100000000001110000000000200000000010000000010000000000000000011000000200000030000200010020000000220220200 2
2 0 375784 530214 10 22 12 24 -1 -1 0102000000000010100000000001010000000000200000000010000000010000000000000000011000000200000030000200010020000000220220200 2
1 0 375783 530214 10 6 6 14 9 9 0102000000000010100000000001010000000000200000000010000000010000000000000000011000000000000030000200010020000020220220200 2
2 0 375783 528495 12 12 14 14 -1 -1 0102000000000010100000000001010000000000210000000010000000010000000030000000001000000000000030000200010020000020220220200 2
1 0 375782 528495 5 13 3 11 -1 -1 0102000000000010100000000001010000000000210000000010000000010000000030000000001000000000000030000200010000000020220222200 2
2 0 375782 527907 2 10 3 9 -1 -1 0102000100000010100000000001000000000000210000000010000000010000000030000000001000000000000030000200010000000020220222200 2
1 0 375781 527907 4 8 0 12 -1 -1 0100002100000010100000000001000000000000210000000010000000010000000030000000001000000000000030000200010000000020220222200 2
2 0 375781 526269 3 9 11 9 -1 -1 1100002100000000100000000001000000000000210000000010000000010000000030000000001000000000000030000200010000000020220222200 2
1 0 375777 526269 7 11 5 13 -1 -1 1100000100000000100000000001000000000000210000000010000000010000000030000000001000000000002030000200010000000020220222200 2
2 0 375777 524060 11 9 12 8 -1 -1 1100000100000000100000000001010000000000210000000000000000010000000030000000001000000000002030000200010000000020220222200 2
1 0 375776 524060 6 14 4 8 -1 -1 1100000100000000100000000001010000000000210000000000000000010000000030000000001000000000000030000200012000000020220222200 2
2 0 375776 522809 11 23 12 22 -1 -1 1100000100000010100000000001010000000000200000000000000000010000000030000000001000000000000030000200012000000020220222200 2
1 0 375776 522809 4 12 2 10 -1 -1 1100000100000010100000000001010000000000200000000000000000010000000030000000001000000000000030000000012000000220220222200 2
2 0 375776 519100 6 12 7 11 -1 -1 1101000100000010000000000001010000000000200000000000000000010000000030000000001000000000000030000000012000000220220222200 2
1 0 375775 519100 8 10 4 14 -1 -1 1101000100000010000000000001010000000000000000000020000000010000000030000000001000000000000030000000012000000220220222200 2
2 0 375775 518250 7 11 8 12 -1 -1 1101000100000010010000000001010000000000000000000020000000000000000030000000001000000000000030000000012000000220220222200 2
1 0 375775 518250 10 8 8 10 -1 -1 1101000100000010010000000001010000000000000000000000000000002000000030000000001000000000000030000000012000000220220222200 2
2 0 375775 517339 8 12 10 10 -1 -1 1101000100000010010000000001010000000000000000000000000000012000000030000000000000000000000030000000012000000220220222200 2
1 0 375775 517339 5 13 3 15 -1 -1 1101000100000010010000000001010000000000000000000000000000010000000030000000000200000000000030000000012000000220220222200 2
2 0 375775 516255 12 8 13 9 -1 -1 1101000101000010010000000001000000000000000000000000000000010000000030000000000200000000000030000000012000000220220222200 2
1 0 375774 516255 12 6 11 7 -1 -1 1101000101000010010000000001000000000000000000000000000000010000000030000000000200000000000030000000010000000222220222200 2
2 0 375774 515464 10 10 11 11 -1 -1 1101000101000010010000000001000000000000000000000000000000010000000030000000000200000000010030000000000000000222220222200 2
1 0 375774 515464 11 7 10 6 -1 -1 1101000101000010010000000001000000000000000000000000000000010000000030000000000000000000010230000000000000000222220222200 2
2 0 375774 513944 11 11 12 12 -1 -1 1101000101000010010000000001000000000000000000000000000000010000000030000000010000000000000230000000000000000222220222200 2
1 0 375774 513944 10 6 9 7 -1 -1 1101000101000010010000000001000000000000000000000000000000010000000030000000010000000000000030000000000020000222220222200 2
2 0 375774 511750 14 14 15 13 -1 -1 1101000101000010010000000001000000000000000000000000000000010000000130000000000000000000000030000000000020000222220222200 2
1 0 375773 511750 9 7 7 9 -1 -1 1101000101000010010000000001000000000000000000000000000000010000000130000000000000000000000030000000000020000222220220220 2
2 0 375773 510612 12 12 16 12 -1 -1 1101000101000010010000000001000000000000000000000100000000010000000030000000000000000000000030000000000020000222220220220 2
1 0 375773 510612 8 10 2 12 -1 -1 1101000101000010010000000001000000000000000000000100000000010000000030000000000000000000000030000000000000000222220220222 2
2 0 375773 509665 12 24 12 20 -1 -1 1101100101000010010000000001000000000000000000000100000000000000000030000000000000000000000030000000000000000222220220222 2
1 0 375773 509665 3 11 1 13 -1 -1 1101100101000010010000000001000000000000000000000100000000000000000030000000000000000000000030000000000000002202220220222 2
2 0 375773 508588 12 22 12 18 -1 -1 1111100001000010010000000001000000000000000000000100000000000000000030000000000000000000000030000000000000002202220220222 2
1 0 375772 508588 7 9 6 10 -1 -1 1111100001000010010000000001000000000000000000000100000000000000000030000000000000000000000030000000000000022002220220222 2
2 0 375772 508116 12 20 12 16 -1 -1 1111100001000010010000000001000000000001000000000000000000000000000030000000000000000000000030000000000000022002220220222 2
1 0 375772 508116 6 10 5 11 -1 -1 1111100001000010010000000001000000000001000000000000000000000000000030000000000000000000000030000000000000220002220220222 2
2 0 375772 507131 12 18 12 14 -1 -1 1111100001000010010000000001100000000000000000000000000000000000000030000000000000000000000030000000000000220002220220222 2
1 0 375771 507131 5 11 3 9 -1 -1 1111100001000010010000000001100000000000000000000000000000000000000030000000000000000000000030000000000002200002220220222 2
2 0 375771 506964 12 14 13 15 -1 -1 1111101001000010010000000001000000000000000000000000000000000000000030000000000000000000000030000000000002200002220220222 2
1 0 375771 506964 5 9 4 10 -1 -1 1111101001000010010000000001000000000000000000000000000000000000000030000000000000000000000030000000000000200002222220222 2
2 0 375771 506849 12 16 14 14 -1 -1 1111101001000011010000000000000000000000000000000000000000000000000030000000000000000000000030000000000000200002222220222 2
