1322294131000
artificialwintelligence
kingfish
1 0 599642 600000 14 12 12 10 -1 -1 2222222222000000000000000000000000000000000000000000000000000000000000000000000000000000000000000000000000000001111111111 2
2 0 599642 599915 2 14 4 12 -1 -1 2222222222000000000000000000000000000000000000000000000000000000000000000000000000000000000000000000000100000001111101111 2
1 0 599104 599915 13 11 11 9 -1 -1 2222202222000000200000000000000000000000000000000000000000000000000000000000000000000000000000000000000100000001111101111 2
2 0 599104 599914 0 12 4 16 -1 -1 2222202222000000200000000000000000000000000000000000000000000000000000000000000000000000001000000000000100000001011101111 2
1 0 598345 599914 14 14 12 8 -1 -1 0222202222000000202000000000000000000000000000000000000000000000000000000000000000000000001000000000000100000001011101111 2
2 0 598345 599913 2 12 4 10 -1 -1 0222202222000000202000000000000000000000000000000000000000000000000000000000000000000000001000000000001100000001011100111 2
1 0 597527 599913 16 12 12 16 -1 -1 0222002222000002202000000000000000000000000000000000000000000000000000000000000000000000001000000000001100000001011100111 2
2 0 597527 599912 3 9 5 11 -1 -1 0222002222000002202000000000000000000000000000000000000000000000000000000000000000000000001000000000001100100001011100110 2
1 0 596740 599912 12 10 10 8 -1 -1 0222000222000002202000000000200000000000000000000000000000000000000000000000000000000000001000000000001100100001011100110 2
2 0 596740 599911 1 11 3 9 -1 -1 0222000222000002202000000000200000000000000000000000000000000000000000000000001000000000001000000000001000100001011100110 2
1 0 596246 599911 13 9 9 9 -1 -1 0022002222000002202000000000200000000000000000000000000000000000000000000000001000000000001000000000001000100001011100110 2
2 0 596246 599764 3 11 5 13 -1 -1 0022002222000002202000000000200000000000000000000000000000000000000010000000001000000000001000000000001000100000011100110 2
1 0 594859 599764 12 8 8 8 -1 -1 0022002022000002202000000000220000000000000000000000000000000000000010000000001000000000001000000000001000100000011100110 2
2 0 594859 599763 3 15 5 9 -1 -1 0022002022000002202000000000220000000000000000000000000000100000000010000000001000000000001000000000000000100000011100110 2
1 0 593419 599763 11 9 7 9 -1 -1 0022002020000002202000000002220000000000000000000000000000100000000010000000001000000000001000000000000000100000011100110 2
2 0 593419 595536 4 10 8 10 -1 -1 0022002020000002202000000002220000000000000000000100000000100000000010000000001000000000000000000000000000100000011100110 2
1 0 591534 595536 15 11 13 9 -1 -1 0022002020000000202000000002220000000000000000000100000000120000000010000000001000000000000000000000000000100000011100110 2
2 0 591534 592389 2 10 6 10 -1 -1 0022002020000000202000000002220000000000000000000100000000120000000010000000001000000000000000000000000000100001011100010 2
1 0 590390 592389 15 13 14 14 -1 -1 0020002020000000202000000002220000000002000000000100000000120000000010000000001000000000000000000000000000100001011100010 2
2 0 590390 590074 1 13 2 12 -1 -1 0020002020000000202000000002220000000002000000000100000000120000000010000000001000000000000000000000000000100001011101000 2
1 0 589183 590074 14 10 13 11 -1 -1 0000202020000000202000000002220000000002000000000100000000120000000010000000001000000000000000000000000000100001011101000 2
2 0 589183 585981 4 12 6 14 -1 -1 0000202020000000202000000002220000000002000000000100000000120000000010000000001000000000000000000000000000100001111001000 2
1 0 588038 585981 7 9 6 8 -1 -1 0000202020000000002000000002220000000002020000000100000000120000000010000000001000000000000000000000000000100001111001000 2
2 0 588038 577531 5 11 9 7 -1 -1 0000202020000000002000000002220000000012020000000000000000120000000010000000001000000000000000000000000000100001111001000 2
1 0 586226 577531 9 9 7 11 -1 -1 0000202020000000002000000002020000000012020000000000000000120000000210000000001000000000000000000000000000100001111001000 2
2 0 586226 571179 5 9 11 7 -1 -1 0000202020000000002000000002020000000012020000000010000000120000000200000000001000000000000000000000000000100001111001000 2
1 0 582902 571179 14 14 12 8 -1 -1 0000202020000000002000000000020000000012020000000010000000120000000200000000001000000000020000000000000000100001111001000 2
2 0 582902 564877 6 10 8 12 -1 -1 0000202020000000002000000000020000000012020000000010000000120000000200000000001000000000020000000000001000100001111000000 2
1 0 579076 564877 10 8 9 9 -1 -1 0000202020000000002000000000020000000010020000000010000000122000000200000000001000000000020000000000001000100001111000000 2
2 0 579076 557538 8 10 14 12 -1 -1 0000202020000000002000000000020000000010020000000010000000122000000210000000000000000000020000000000001000100001111000000 2
1 0 576774 557538 9 9 5 9 -1 -1 0000202020000000002000000000020000000010020000000010000000102000000210000000000000000000020000000000001000100001111020000 2
2 0 576774 551277 2 12 12 10 -1 -1 0000202020000000002000000001020000000010020000000010000000102000000200000000000000000000020000000000001000100001111020000 2
1 0 573921 551277 13 15 11 17 -1 -1 0000002020000000002000000001020000000010020000000010000000102000000200000000000000000000020000000000001200100001111020000 2
2 0 573921 536962 4 16 4 14 -1 -1 0000002020000000002000000001020000000010020000000010000000102000000200000000000000000000020000100000001200100001110020000 2
1 0 570533 536962 11 17 10 16 -1 -1 0000002020000000020000000001020000000010020000000010000000102000000200000000000000000000020000100000001200100001110020000 2
2 0 570533 530425 3 13 9 11 -1 -1 0000002020000000020000000001020000000010020000000010000000102000000200000000000000100000020000000000001200100001110020000 2
1 0 567386 530425 13 11 9 15 -1 -1 0000002000000000020000000001020000000010020000000010000000102000000202000000000000100000020000000000001200100001110020000 2
2 0 567386 519754 4 14 10 8 -1 -1 0000002000000000020000000001020000000010020000000010000000102000000202010000000000100000020000000000001200100001010020000 2
1 0 560022 519754 10 16 4 14 -1 -1 0000002000000000000000000001020000000010020000000010000000102000000202010000002000100000020000000000001200100001010020000 2
2 0 560022 506545 9 7 15 13 -1 -1 0000002000000000010000000001020000000010020000000010000000102000000202010000002000000000020000000000001200100001010020000 2
1 0 554917 506545 13 9 11 11 -1 -1 0000002000000000010000000001020000000010020000000010000000102000000002010000002000000000020000000000001200100001010020020 2
2 0 554917 489224 5 13 7 15 -1 -1 0000002000000000010000000001020000000010020000000010000000102000000002010000002000000000020100000000001200100000010020020 2
1 0 548779 489224 13 13 12 12 -1 -1 0000002000000000010000000001000000000010020000000010200000102000000002010000002000000000020100000000001200100000010020020 2
2 0 548779 474705 9 11 13 11 -1 -1 0000002000000000010000000001000000000010020000000010200000102000000002010000002000000000020100000000001210100000000020020 2
1 0 545502 474705 12 12 11 13 -1 -1 0000002000000000010000000001000000000010020000000010200000102000000000010000002000000000020100000000001210100000200020020 2
2 0 545502 466390 6 14 16 12 -1 -1 0000002000000000010000000001000000000010020000000010200000102000000000010000002000000000020110000000001200100000200020020 2
1 0 540497 466390 12 8 6 14 -1 -1 0000002000000000010000000001000000000010000000000010200000102000000000010000002000000000020110000000001200100000200020022 2
2 0 540497 458253 10 8 12 6 -1 -1 0000002000000000010000000001000000000010010000000010200000102000000000010000002000000000020110000000000200100000200020022 2
1 0 537445 458253 11 13 11 15 -1 -1 0000002000000000010000000001000000000010010000000010200000102000000000010000000000000000020110000000020200100000200020022 2
2 0 537445 454072 12 6 12 8 -1 -1 0000002000000000010000000001000000000010010000000010200000102000000000010000000000000000020101000000020200100000200020022 2
1 0 535286 454072 12 16 8 16 -1 -1 0000002000000000010000000001000000000010010000000010200000102000000000010000000000000000020101000000002200100000200020022 2
2 0 535286 448114 7 15 9 17 -1 -1 0000002000000000010000000001000000000010010000000010200000102010000000010000000000000000020101000000002200000000200020022 2
1 0 532175 448114 6 14 6 16 -1 -1 0000002000000000010000000001000000000010010000000010000000102010000000012000000000000000020101000000002200000000200020022 2
2 0 532175 442171 11 7 13 13 -1 -1 0000002000000000010000000001000000000010001000000010000000102010000000012000000000000000020101000000002200000000200020022 2
1 0 527466 442171 11 15 10 16 -1 -1 0000002000000000010000000001000000000010001000000010000000102010000000012000000000000000000101000000002200000000220020022 2
2 0 527466 437864 8 12 9 13 -1 -1 0000002000000000010000000001000000000010001000000010000000102010000000012000000000100000000100000000002200000000220020022 2
1 0 524999 437864 9 15 3 13 -1 -1 0000002000000000010000000001000000000010001000000010000000100010000000212000000000100000000100000000002200000000220020022 2
2 0 524999 433865 3 9 4 8 -1 -1 0000002010000000010000000001000000000010001000000010000000100010000000202000000000100000000100000000002200000000220020022 2
1 0 520667 433865 10 16 9 15 -1 -1 0000000010000020010000000001000000000010001000000010000000100010000000202000000000100000000100000000002200000000220020022 2
2 0 520667 430120 4 8 10 14 -1 -1 0000000010000020010000000001000000000010001000000010000000100010000000212000000000000000000100000000002200000000220020022 2
1 0 516666 430120 3 13 2 12 -1 -1 0000000010000000010000000001000000000010001000000010000000100010000000212000000002000000000100000000002200000000220020022 2
2 0 516666 427204 9 13 10 12 -1 -1 0000100000000000010000000001000000000010001000000010000000100010000000212000000002000000000100000000002200000000220020022 2
1 0 513234 427204 11 11 9 13 -1 -1 0000100000000000010000000001000000000010001000000010000000100010000000012000000022000000000100000000002200000000220020022 2
2 0 513234 423948 10 12 11 13 -1 -1 0000100000000000010000000001000000000010001000000010000000100010000000112000000022000000000000000000002200000000220020022 2
1 0 511184 423948 9 13 8 14 -1 -1 0000100000000000010000000001000000000010001000000010000000100010000000112000000002000000000020000000002200000000220020022 2
2 0 511184 420926 9 17 13 9 -1 -1 0000100000000000010000000001000000000010001000000010000000100110000000012000000002000000000020000000002200000000220020022 2
1 0 509862 420926 9 15 1 11 -1 -1 0000100000000000010000000001000000000010001000000010000000100110000000010000000002000000000020000000002200000002220020022 2
2 0 509862 418468 10 14 14 14 -1 -1 0100100000000000010000000001000000000010001000000010000000100110000000000000000002000000000020000000002200000002220020022 2
1 0 508424 418468 6 8 4 10 -1 -1 0100100000000000010000000001000000000010001000000010000000100110000000000000000000000000000020000000002200000002220022022 2
2 0 508424 417373 11 13 12 14 -1 -1 0100100000000001010000000001000000000000001000000010000000100110000000000000000000000000000020000000002200000002220022022 2
1 0 507351 417373 4 10 3 9 -1 -1 0100100000000001010000000001000000000000001000000010000000100110000000000000000000000000000000000000002202000002220022022 2
2 0 507351 416436 12 8 14 10 -1 -1 0100101000000000010000000001000000000000001000000010000000100110000000000000000000000000000000000000002202000002220022022 2
1 0 506356 416436 8 16 0 12 -1 -1 0100101000000000010000000001000000000000001000000010000000100110000000000000000000000000000000000000000202000002220222022 2
2 0 506356 415162 12 14 13 15 -1 -1 1100101000000000010000000001000000000000001000000010000000100100000000000000000000000000000000000000000202000002220222022 2
1 0 505885 415162 8 14 8 12 -1 -1 1100101000000000010000000001000000000000001000000010000000100100000000000000000000000000000000000000000200000002222222022 2
2 0 505885 414771 12 10 12 12 -1 -1 1100101000000000010000000001000000000000001000000010000000101000000000000000000000000000000000000000000200000002222222022 2
1 0 505525 414771 8 8 7 7 -1 -1 1100101000000000010000000001000000000000001000000010000000101000000000000000000000000000000000000000000020000002222222022 2
2 0 505525 414412 13 9 15 11 -1 -1 1100101000000000010000000001000000000000001000001010000000001000000000000000000000000000000000000000000020000002222222022 2
1 0 505127 414412 7 7 6 8 -1 -1 1100101000000000010000000001000000000000001000001010000000001000000000000000000000000000000000000000000020000000222222222 2
2 0 505127 414147 14 10 13 9 -1 -1 1100101000000000010000000001000000000010001000000010000000001000000000000000000000000000000000000000000020000000222222222 2
1 0 504607 414147 6 8 4 10 -1 -1 1100101000000000010000000001000000000010001000000010000000001000000000000000000000000000000000000000000020000002222022222 2
2 0 504607 413749 12 12 14 10 -1 -1 1100101000000001010000000001000000000000001000000010000000001000000000000000000000000000000000000000000020000002222022222 2
