1322292726000
droptable
kingfish
1 0 593436 600000 13 15 12 14 -1 -1 2222222222000000000000000000000000000000000000000000000000000000000000000000000000000000000000000000000000000001111111111 1
2 0 593436 599911 2 14 4 12 -1 -1 2222222222000000000000000000000000000000000000000000000000000000000000000000000000000000000000000000000001000001110111111 1
1 0 584586 599911 15 13 11 13 -1 -1 2222202222000000200000000000000000000000000000000000000000000000000000000000000000000000000000000000000001000001110111111 1
2 0 584586 599910 0 12 4 16 -1 -1 2222202222000000200000000000000000000000000000000000000000000000000000000000000000000000000010000000000001000001110111101 1
1 0 572196 599910 14 10 12 16 -1 -1 0222202222000000202000000000000000000000000000000000000000000000000000000000000000000000000010000000000001000001110111101 1
2 0 572196 599909 2 12 4 10 -1 -1 0222202222000000202000000000000000000000000000000000000000000000000000000000000000000000000010000000000001100001110011101 1
1 0 557588 599909 16 12 10 14 -1 -1 0222002222000002202000000000000000000000000000000000000000000000000000000000000000000000000010000000000001100001110011101 1
2 0 557588 599908 3 9 5 11 -1 -1 0222002222000002202000000000000000000000000000000000000000000000000000000000000001000000000010000000000001100001110011100 1
1 0 545983 599908 13 13 11 11 -1 -1 0222000222000002202000000000200000000000000000000000000000000000000000000000000001000000000010000000000001100001110011100 1
2 0 545983 599907 1 11 3 9 -1 -1 0222000222000002202000000000200000000000000000000000000000000000000000000000000001000000000110000000000001100001100011100 1
1 0 533121 599907 10 14 9 15 -1 -1 0022002222000002202000000000200000000000000000000000000000000000000000000000000001000000000110000000000001100001100011100 1
2 0 533121 599763 3 11 5 13 -1 -1 0022002222000002202000000000200000000000000000000000000000000000000000010000000000000000000110000000000001100001100011100 1
1 0 520163 599763 13 9 11 15 -1 -1 0022002022000002202000000000220000000000000000000000000000000000000000010000000000000000000110000000000001100001100011100 1
2 0 520163 599762 4 10 6 12 -1 -1 0022002022000002202000000000220000000000000000000000000000000000000000010000000000000000000111000000000001100000100011100 1
1 0 511301 599762 14 14 10 10 -1 -1 0022002022000000202000000000220000000000200000000000000000000000000000010000000000000000000111000000000001100000100011100 1
2 0 511301 599761 4 12 6 14 -1 -1 0022002022000000202000000000220000000000200000000000000000000000000000010000000100000000000111000000000001100000100010100 1
1 0 502012 599761 13 11 12 12 -1 -1 0022002022000000002000000000220000000000220000000000000000000000000000010000000100000000000111000000000001100000100010100 1
2 0 502012 599760 4 16 6 10 -1 -1 0022002022000000002000000000220000000000220000000000000000000000000000010000000100000000000111000000000011100000000010100 1
1 0 492839 599760 15 11 13 13 -1 -1 0022002022000000000000000000220000000002220000000000000000000000000000010000000100000000000111000000000011100000000010100 1
2 0 492839 599759 5 11 7 13 -1 -1 0022002022000000000000000000220000000002220000000000000000000000000000010000000100000000000111000000000011100000010010000 1
1 0 487144 599759 12 16 10 14 -1 -1 0022002022000000000000000000020000000002220000000002000000000000000000010000000100000000000111000000000011100000010010000 1
2 0 487144 593952 6 12 10 16 -1 -1 0022002022000000000000000000020000000002220000000002000000000000000000010000000101000000000111000000000011000000010010000 1
1 0 473933 593952 11 15 9 13 -1 -1 0022002022000000000000000000020000000002020000000002000000000000000000010000000101200000000111000000000011000000010010000 1
2 0 473933 587986 5 13 6 12 -1 -1 0022002022000000000000000000020000000002020000000002000000000000000000110000000101200000000110000000000011000000010010000 1
1 0 465001 587986 12 14 8 14 -1 -1 0022002022000000000000000000000000000002220000000002000000000000000000110000000101200000000110000000000011000000010010000 1
2 0 465001 582828 10 16 12 10 -1 -1 0022002022000000000000000000000000000002220000000002000000000100000000110000000101200000000110000000000010000000010010000 1
1 0 452563 582828 10 14 8 12 -1 -1 0022002022000000000000000000000000000002220000000002000000000100000000110000000101000000000110000000000210000000010010000 1
2 0 452563 576045 7 13 15 13 -1 -1 0022002022000000000000000000000000000002220000000002000000001100000000110000000100000000000110000000000210000000010010000 1
1 0 446534 576045 10 10 9 9 -1 -1 0022002022000000000000000000000000000002220000000000000000001100000000110000000100000000000110000000000210000000010010020 1
2 0 446534 571052 6 14 7 13 -1 -1 0022002022000000000000000000000000000002220000000000000000001100000010110000000000000000000110000000000210000000010010020 1
1 0 436293 571052 14 12 10 12 -1 -1 0022002022000000000000000000000000000002200000000002000000001100000010110000000000000000000110000000000210000000010010020 1
2 0 436293 566893 6 10 7 11 -1 -1 0022002022000000000000000000000000000002200000000002000000001100000010110000000010000000000110000000000210000000010000020 1
1 0 428948 566893 11 11 10 10 -1 -1 0022002022000000000000000000000000000000200000000022000000001100000010110000000010000000000110000000000210000000010000020 1
2 0 428948 560310 6 12 10 8 -1 -1 0022002022000000000000000000000000000000200000000022000000001100000010110000000110000000000010000000000210000000010000020 1
1 0 420974 560310 13 13 11 11 -1 -1 0022002022000000000000000000000000000000000000000022000000001100000010110000002110000000000010000000000210000000010000020 1
2 0 420974 555939 7 13 13 11 -1 -1 0022002022000000000000000000000000000000000000000022000000001100000010110000002110000000000110000000000210000000000000020 1
1 0 408763 555939 8 12 7 13 -1 -1 0022002022000000000000000000000000000000000000000020000000001100000010110000002110000000000110000000000210000000200000020 1
2 0 408763 553363 7 11 8 12 -1 -1 0022002022000000000000000000000000000000000000000021000000000100000010110000002110000000000110000000000210000000200000020 1
1 0 398046 553363 12 12 8 16 -1 -1 0022002022000000000000000000000000000000000000000001000000002100000010110000002110000000000110000000000210000000200000020 1
2 0 398046 548851 8 12 14 10 -1 -1 0022002022000000000000000000000000000000000000000001000000002110000010110000002110000000000110000000000200000000200000020 1
1 0 386376 548851 10 10 6 14 -1 -1 0022002022000000000000000000000000000000000000000001000000000110000010110000002110000000000110000000000200000000200200020 1
2 0 386376 546125 1 13 2 12 -1 -1 0022002022000000000000000000000000000000010000000001000000000110000010110000002010000000000110000000000200000000200200020 1
1 0 382014 546125 7 13 5 15 -1 -1 0002202022000000000000000000000000000000010000000001000000000110000010110000002010000000000110000000000200000000200200020 1
2 0 382014 541045 12 10 14 12 -1 -1 0002202022000000000000000000001000000000010000000000000000000110000010110000002010000000000110000000000200000000200200020 1
1 0 374685 541045 9 13 5 17 -1 -1 0002202022000000000000000000001000000000010000000000000000000110000010110000002010000000000110000000000000000000200220020 1
2 0 374685 538514 2 10 2 14 -1 -1 0002202022000000000000000000001100000000010000000000000000000110000010010000002010000000000110000000000000000000200220020 1
1 0 364497 538514 11 11 7 15 -1 -1 0000222022000000000000000000001100000000010000000000000000000110000010010000002010000000000110000000000000000000200220020 1
2 0 364497 535091 2 12 6 16 -1 -1 0000222022000000000000000000001100000000010000000000100000000110000010010000002010000000000010000000000000000000200220020 1
1 0 354607 535091 9 15 7 13 -1 -1 0000022022000000000000000000001100000000012000000000100000000110000010010000002010000000000010000000000000000000200220020 1
2 0 354607 532490 3 13 4 14 -1 -1 0000022022000000000000000000001100000000012000000001100000000110000010000000002010000000000010000000000000000000200220020 1
1 0 345996 532490 5 17 4 16 -1 -1 0000022002000000020000000000001100000000012000000001100000000110000010000000002010000000000010000000000000000000200220020 1
2 0 345996 529495 3 15 5 13 -1 -1 0000022002000000021000000000001000000000012000000001100000000110000010000000002010000000000010000000000000000000200220020 1
1 0 338076 529495 8 14 6 12 -1 -1 0000022000000000021000000000021000000000012000000001100000000110000010000000002010000000000010000000000000000000200220020 1
2 0 338076 525756 6 16 8 14 -1 -1 0000022000000000021000000000021000000000112000000001100000000010000010000000002010000000000010000000000000000000200220020 1
1 0 329755 525756 11 13 9 11 -1 -1 0000022000000000021000000000021000000000110000000001100000000210000010000000002010000000000010000000000000000000200220020 1
2 0 329755 522037 4 14 6 16 -1 -1 0000022000000000021000000000021000000000110000000001100000000210000011000000002010000000000000000000000000000000200220020 1
1 0 317557 522037 6 14 4 12 -1 -1 0000022000000000001000000000021000000000112000000001100000000210000011000000002010000000000000000000000000000000200220020 1
2 0 317557 518401 5 13 7 11 -1 -1 0000022000000000101000000000021000000000102000000001100000000210000011000000002010000000000000000000000000000000200220020 1
1 0 299738 518401 7 15 1 13 -1 -1 0000022000000000101000000000001000000000102000000021100000000210000011000000002010000000000000000000000000000000200220020 1
2 0 299738 513569 7 11 11 11 -1 -1 0010022000000000101000000000001000000000102000000021000000000210000011000000002010000000000000000000000000000000200220020 1
1 0 269749 513569 9 9 5 13 -1 -1 0010022000000000101000000000001000000000102000000001000000000210000011000000002010000000000200000000000000000000200220020 1
2 0 269749 510878 2 14 3 13 -1 -1 0010022000000000101000000000011000000000102000000001000000000210000001000000002010000000000200000000000000000000200220020 1
1 0 239752 510878 4 16 3 15 -1 -1 0010002020000000101000000000011000000000102000000001000000000210000001000000002010000000000200000000000000000000200220020 1
2 0 239752 503758 8 14 8 12 -1 -1 0010002021000000100000000000011000000000102000000001000000000210000001000000002010000000000200000000000000000000200220020 1
1 0 209762 503758 10 12 8 14 -1 -1 0010002021000000100000000000011000000000102000000001000000002010000001000000002010000000000200000000000000000000200220020 1
2 0 209762 500053 3 9 4 10 -1 -1 0010002021000000100000000000011000000000102000000001000000002110000001000000002000000000000200000000000000000000200220020 1
1 0 179772 500053 4 12 0 12 -1 -1 0010000021000002100000000000011000000000102000000001000000002110000001000000002000000000000200000000000000000000200220020 1
2 0 179772 496023 3 13 4 14 -1 -1 1010000021000002000000000000011000000000102000000001000000002110000001000000002000000000000200000000000000000000200220020 1
1 0 153176 496023 5 15 3 13 -1 -1 1010000001000002020000000000011000000000102000000001000000002110000001000000002000000000000200000000000000000000200220020 1
2 0 153176 493371 4 10 5 11 -1 -1 1010000011000002020000000000010000000000102000000001000000002110000001000000002000000000000200000000000000000000200220020 1
1 0 123184 493371 5 13 4 12 -1 -1 1010000011000000020000000000210000000000102000000001000000002110000001000000002000000000000200000000000000000000200220020 1
2 0 123184 488723 8 12 12 12 -1 -1 1010000011000000120000000000200000000000102000000001000000002110000001000000002000000000000200000000000000000000200220020 1
1 0 93190 488723 4 12 2 14 -1 -1 1010000011000000120000000000200000000000102000000001000000000110000001000000002000000000000200000000000020000000200220020 1
2 0 93190 484658 6 16 6 14 -1 -1 1010010011000000020000000000200000000000102000000001000000000110000001000000002000000000000200000000000020000000200220020 1
1 0 71415 484658 9 11 8 12 -1 -1 1010010011000000020000000000200000000000120000000001000000000110000001000000002000000000000200000000000020000000200220020 1
2 0 71415 482400 5 11 5 13 -1 -1 1010010011000000020000000000200000000000120000000001000000001110000000000000002000000000000200000000000020000000200220020 1
1 0 55225 482400 8 16 7 15 -1 -1 1010010011000000020000000000020000000000120000000001000000001110000000000000002000000000000200000000000020000000200220020 1
2 0 55225 479715 5 13 9 13 -1 -1 1010010011000000020000000000020000000000120000000001100000001100000000000000002000000000000200000000000020000000200220020 1
1 0 42046 479715 3 13 2 12 -1 -1 1010010011000000020000000000000000000000120000000001100000001100000000200000002000000000000200000000000020000000200220020 1
2 0 42046 478271 4 14 5 13 -1 -1 1010110001000000020000000000000000000000120000000001100000001100000000200000002000000000000200000000000020000000200220020 1
1 0 33859 478271 6 12 5 11 -1 -1 1010110001000000000000000000020000000000120000000001100000001100000000200000002000000000000200000000000020000000200220020 1
2 0 33859 475869 12 12 13 13 -1 -1 1010110001000000000000000000120000000000020000000001100000001100000000200000002000000000000200000000000020000000200220020 1
1 0 3863 475869 8 14 6 12 -1 -1 1010110001000000000000000000120000000000020000000001100000001100000000200000002000000000000200000000000000000000220220020 1
2 0 3863 472796 10 8 11 9 -1 -1 1010110001000000000000000000120000000000120000000001100000001000000000200000002000000000000200000000000000000000220220020 1
1 0 3861 472796 6 12 4 14 -1 -1 1010110001000000000000000000120000000000120000000001100000001000000000200000000000000000002200000000000000000000220220020 1
2 0 3861 469942 6 14 6 12 -1 -1 1010110001000000010000000000120000000000020000000001100000001000000000200000000000000000002200000000000000000000220220020 1
1 0 3858 469942 5 11 1 11 11 13 1010110001000000010000000000120000000000200000000001100000001000000000200000000000000000002200000000000000000000220220020 1
2 0 3858 467869 6 12 12 10 -1 -1 1110110001000000010000000000020000000000200000000001100000001000000000200000000000000000002230000000000000000000220220020 1
1 0 3856 467869 8 12 4 12 -1 -1 1110110001000000010000000000020000000000000000000001100000001000000000200000000000000000002230000000000200000000220220020 1
2 0 3856 465073 11 11 15 11 -1 -1 1110110001000000110000000000020000000000000000000001100000000000000000200000000000000000002230000000000200000000220220020 1
1 0 3854 465073 7 15 6 14 -1 -1 1110110001000000110000000000020000000000000000000001100000000000000000200000000000000000002030000000000200000000220220220 1
2 0 3854 463895 5 13 7 11 -1 -1 1110110001000000110000000000020000000000010000000001000000000000000000200000000000000000002030000000000200000000220220220 1
1 0 3853 463895 7 13 3 13 -1 -1 1110110001000000110000000000000000000000010000000021000000000000000000200000000000000000002030000000000200000000220220220 1
2 0 3853 462717 7 11 8 12 -1 -1 1110110011000000110000000000000000000000010000000020000000000000000000200000000000000000002030000000000200000000220220220 1
1 0 3852 462717 6 14 5 13 -1 -1 1110110011000000110000000000000000000000010000000000000000002000000000200000000000000000002030000000000200000000220220220 1
2 0 3852 461578 8 12 10 14 -1 -1 1110110011000000110000000000010000000000000000000000000000002000000000200000000000000000002030000000000200000000220220220 1
1 0 3851 461578 5 13 3 11 -1 -1 1110110011000000110000000000010000000000000000000000000000000000000000200000000002000000002030000000000200000000220220220 1
2 0 3851 460737 9 13 13 9 -1 -1 1110110111000000110000000000000000000000000000000000000000000000000000200000000002000000002030000000000200000000220220220 1
1 0 3850 460737 4 12 2 10 -1 -1 1110110111000000110000000000000000000000000000000000000000000000000000000000000002000000002030000000000200000002220220220 1
2 0 3850 460141 11 9 12 8 -1 -1 1111110111000000010000000000000000000000000000000000000000000000000000000000000002000000002030000000000200000002220220220 1
1 0 3849 460141 4 14 4 12 -1 -1 1111110111000000010000000000000000000000000000000000000000000000000000000000000002000000000030000000002200000002220220220 1
2 0 3849 459958 10 14 16 12 -1 -1 1111110111000000100000000000000000000000000000000000000000000000000000000000000002000000000030000000002200000002220220220 1
1 0 3849 459958 3 11 3 9 -1 -1 1111110111000000100000000000000000000000000000000000000000000000000000000000000000000000000030000000002200000002220220222 1
2 0 3849 459914 12 8 14 14 -1 -1 1111111011000000100000000000000000000000000000000000000000000000000000000000000000000000000030000000002200000002220220222 1
1 0 3849 459914 4 12 3 11 -1 -1 1111111011000000100000000000000000000000000000000000000000000000000000000000000000000000000030000000000200000002220222222 1
