1322291063000
kingfish
deepred
1 0 599783 600000 14 10 12 12 -1 -1 2222222222000000000000000000000000000000000000000000000000000000000000000000000000000000000000000000000000000001111111111 1
2 0 599783 -50 2 14 4 16 -1 -1 2222222222000000000000000000000000000000000000000000000000000000000000000000000000000000000000000000000010000001111011111 1
1 0 599783 -50 16 12 12 8 -1 -1 2222202222000000002000000000000000000000000000000000000000000000000000000000000000000000000000000000000010000001111011111 1
2 0 599783 -50 0 12 4 12 -1 -1 2222202222000000002000000000000000000000000000000000000000000000000000000000000000000000000000000000001010000001111011110 1
1 0 599783 -50 13 13 11 11 -1 -1 0222202222000000202000000000000000000000000000000000000000000000000000000000000000000000000000000000001010000001111011110 1
2 0 599783 -50 3 15 5 17 8 14 0222202222000000202000000000000000000000000000000000000000000000000000000000000000000000000100000000001010000001101011110 1
1 0 599783 -50 14 12 10 12 -1 -1 0222202220000000202000000000000200000000000000000000000000000300000000000000000000000000000100000000001010000001101011110 1
2 0 599783 -50 2 12 6 16 -1 -1 0222202220000000202000000000000200000000000000000000000000000300000000000000000010000000000100000000001010000001101001110 1
1 0 599783 -50 13 11 9 11 -1 -1 0222002220000000202000000000000200000000002000000000000000000300000000000000000010000000000100000000001010000001101001110 1
2 0 599783 -50 4 16 10 10 7 13 0222002220000000202000000000000200000000002000000000000000000300000001000000000010000000000100000000001010000001001001110 1
1 0 595772 -50 11 11 7 11 -1 -1 0222002220000000200000000000000200000000002000000003000000000300000001000000000210000000000100000000001010000001001001110 1
2 0 595772 -50 5 17 13 13 -1 -1 0222002220000000200000000000000200000000002000000013000000000300000001000000000210000000000000000000001010000001001001110 1
1 0 591233 -50 9 11 8 10 -1 -1 0222002220000000200000000000000000000000002000000013000000000300000001000000000210000000000000000000001010000001021001110 1
2 0 591233 -50 3 13 5 11 -1 -1 0222002220000000200000000000000000000000002000000013000000010300000000000000000210000000000000000000001010000001021001110 1
1 0 587843 -50 13 15 7 9 -1 -1 0222002200000000200000000000200000000000002000000013000000010300000000000000000210000000000000000000001010000001021001110 1
2 0 587843 -50 4 12 8 8 -1 -1 0222002200000000200000000000200000000000002000000113000000010300000000000000000210000000000000000000001010000001020001110 1
1 0 583283 -50 15 13 9 11 -1 -1 0222002200000000000000000000200000000000002000000113000000210300000000000000000210000000000000000000001010000001020001110 1
2 0 583283 -50 2 10 8 16 -1 -1 0222002200000000000000000000200000000000002000000113000000210300000001000000000210000000000000000000001010000001020001100 1
1 0 574968 -50 8 10 2 12 -1 -1 0220002200000000000000000000200000000000002000000113000000210320000001000000000210000000000000000000001010000001020001100 1
2 0 574968 -50 1 11 3 13 -1 -1 0220102200000000000000000000200000000000002000000113000000200320000001000000000210000000000000000000001010000001020001100 1
1 0 566925 -50 10 12 4 10 -1 -1 0020102220000000000000000000200000000000002000000113000000200320000001000000000210000000000000000000001010000001020001100 1
2 0 566925 -50 3 11 5 9 -1 -1 0020102220000001000000000000200000000000002000000113000000200320000001000000000200000000000000000000001010000001020001100 1
1 0 557907 -50 12 8 12 10 -1 -1 0020102020000001000000000002200000000000002000000113000000200320000001000000000200000000000000000000001010000001020001100 1
2 0 557907 -50 1 13 3 11 -1 -1 0020102020000001000000000002200000000000002000000113000000200320000001000000000200000000000000000000000110000001020001100 1
1 0 545710 -50 13 9 5 17 -1 -1 0000102220000001000000000002200000000000002000000113000000200320000001000000000200000000000000000000000110000001020001100 1
2 0 545710 -50 13 13 14 12 -1 -1 0000102220000001000000000002200100000000002000000113000000200320000001000000000200000000000000000000000110000000020001100 1
1 0 528812 -50 15 11 7 15 -1 -1 0000102220000001000000000002200100000000002000000113000000200320000001000000000200000000000000000000000110000000000021100 1
2 0 528812 -50 14 12 15 13 -1 -1 0000102220000001000000000002200100000000002000000113100000200320000001000000000200000000000000000000000110000000000021000 1
1 0 515100 -50 14 14 13 13 -1 -1 0000102220000001000000000002200100000000002000000113100000200320000001000000000200000000000000000000000110000000000001020 1
2 0 515100 -50 15 13 16 12 -1 -1 0000102220000001000000000002200100000000002000000113100000200320000001000000000200000000000000000000000110000000010000020 1
1 0 506056 -50 13 13 7 7 -1 -1 0000102220000001000000000002200100000000002000000113100000200320000001000000000200000000000000000000000110000000010000002 1
2 0 506056 -50 10 10 11 11 -1 -1 0000102220000001000000000002200100000000002000001113100000200320000001000000000200000000000000000000000110000000000000002 1
1 0 498678 -50 12 12 2 14 -1 -1 0000102220000001000000000002200100000000002000001113100000200320000001000000000000000000000200000000000110000000000000002 1
2 0 498678 -50 8 8 12 8 -1 -1 0000112220000001000000000002200100000000002000001113100000200320000001000000000000000000000200000000000100000000000000002 1
1 0 492425 -50 12 10 6 12 -1 -1 0000112220000001000000000002200100000000002000001113100000000320000001000000000000000000000200000000002100000000000000002 1
2 0 492425 -50 8 16 12 12 -1 -1 0000112220000001000000000002200100000000102000001113100000000320000001000000000000000000000200000000002000000000000000002 1
1 0 487313 -50 9 11 8 12 -1 -1 0000112220000001000000000002200100000000102000001113100000000300000001000000000000000000000200000000002020000000000000002 1
2 0 487313 -50 11 11 13 13 -1 -1 0000112220000001000000000002200100000000102000001113100000001300000000000000000000000000000200000000002020000000000000002 1
1 0 482989 -50 8 12 2 10 -1 -1 0000112220000001000000000002200100000000102000001113100000001300000000000000000000000000000000000000002020000000020000002 1
2 0 482989 -50 12 12 14 14 -1 -1 0001112220000001000000000002200100000000102000001113100000000300000000000000000000000000000000000000002020000000020000002 1
1 0 479937 -50 7 9 6 10 -1 -1 0001112220000001000000000002200100000000102000001113100000000300000000000000000000000000000000000000002000000000020002002 1
2 0 479937 -50 5 11 7 9 -1 -1 0001112220000001000000000002200100000001102000001013100000000300000000000000000000000000000000000000002000000000020002002 1
1 0 477587 -50 6 10 4 16 -1 -1 0001112220000001000000000002000100000001102000001213100000000300000000000000000000000000000000000000002000000000020002002 1
2 0 477587 -50 3 9 5 7 -1 -1 0001112220000001001000000002000100000000102000001213100000000300000000000000000000000000000000000000002000000000020002002 1
1 0 473625 -50 6 12 5 11 -1 -1 0001110220000001001000000022000100000000102000001213100000000300000000000000000000000000000000000000002000000000020002002 1
2 0 473625 -50 14 14 15 13 -1 -1 0001110220000001001000000022100100000000002000001213100000000300000000000000000000000000000000000000002000000000020002002 1
1 0 469174 -50 5 17 1 13 -1 -1 0001110220000001001000000022100100000000002000001213100000000300000000000000000000000000000000000000002000000000020000022 1
2 0 469174 -50 3 11 5 17 -1 -1 0011110220000001001000000022100000000000002000001213100000000300000000000000000000000000000000000000002000000000020000022 1
1 0 463943 -50 5 11 1 11 -1 -1 0011110020000001001000000022100200000000002000001213100000000300000000000000000000000000000000000000002000000000020000022 1
2 0 463943 -50 13 13 14 14 -1 -1 0111110020000001001000000022000200000000002000001213100000000300000000000000000000000000000000000000002000000000020000022 1
1 0 459984 -50 7 11 6 12 -1 -1 0111110020000001001000000022000200000000002000001213100000000300000000000000000000000000000000000000002000000000000002022 1
2 0 459984 -50 12 8 13 9 -1 -1 0111110020000001001000000022000200000000102000001203100000000300000000000000000000000000000000000000002000000000000002022 1
1 0 454382 -50 4 10 3 11 -1 -1 0111110020000001001000000022000200000000102000001203100000000300000000000000000000000000000000000000000000000002000002022 1
2 0 454382 -50 13 9 14 10 -1 -1 0111110120000000001000000022000200000000102000001203100000000300000000000000000000000000000000000000000000000002000002022 1
1 0 450736 -50 7 7 5 13 -1 -1 0111110120000000001000000022000200000000102000001203100000000300000000000000000000000000000000000000000000000000000202022 1
2 0 450736 -50 5 7 7 17 -1 -1 0111110120000000001000000022010200000000102000000203100000000300000000000000000000000000000000000000000000000000000202022 1
1 0 446721 -50 6 12 4 14 -1 -1 0111110120000000001000000002010200000000102000000203120000000300000000000000000000000000000000000000000000000000000202022 1
2 0 446721 -50 6 16 8 18 -1 -1 0111110120000000011000000002010200000000002000000203120000000300000000000000000000000000000000000000000000000000000202022 1
1 0 443004 -50 7 15 6 14 -1 -1 0111110120000000011000000002010200000000000000000203120000000302000000000000000000000000000000000000000000000000000202022 1
2 0 443004 -50 7 17 9 19 -1 -1 0111110120000000011000000002010200000000010000000203020000000302000000000000000000000000000000000000000000000000000202022 1
1 0 439850 -50 2 10 0 12 -1 -1 0111110120000000011000000002010200000000010000000203000000000302000000000200000000000000000000000000000000000000000202022 1
2 0 439850 -50 3 13 5 7 -1 -1 1110110120000000011000000002010200000000010000000203000000000302000000000200000000000000000000000000000000000000000202022 1
1 0 436273 -50 6 14 2 10 -1 -1 1110110100000000011000000022010200000000010000000203000000000302000000000200000000000000000000000000000000000000000202022 1
2 0 436273 -50 14 10 15 11 -1 -1 1111110100000000011000000022010200000000000000000203000000000302000000000200000000000000000000000000000000000000000202022 1
1 0 434056 -50 5 13 3 15 -1 -1 1111110100000000011000000022010200000000000000000203000000000302000000000200000000000000000000000000000000000000000002222 1
2 0 434056 -50 9 19 10 18 -1 -1 1111110101000000011000000022000200000000000000000203000000000302000000000200000000000000000000000000000000000000000002222 1
1 0 433645 -50 2 10 3 9 -1 -1 1111110101000000011000000022000200000000000000000203000000000302000000000000000000020000000000000000000000000000000002222 1
2 0 433645 -50 10 18 11 17 -1 -1 1110111101000000011000000022000200000000000000000203000000000302000000000000000000020000000000000000000000000000000002222 1
1 0 432479 -50 4 14 3 13 -1 -1 1110111101000000011000000022000200000000000000000203000000000302000000000000000000000000000000200000000000000000000002222 1
2 0 432479 -50 11 17 12 16 -1 -1 1110111111000000001000000022000200000000000000000203000000000302000000000000000000000000000000200000000000000000000002222 1
1 0 431728 -50 4 16 4 14 -1 -1 1110111111000000001000000022000200000000000000000203000000000302000000000000000000000000000000000000000000200000000002222 1
2 0 431728 -50 12 16 13 15 -1 -1 1110111111000000010000000022000200000000000000000203000000000302000000000000000000000000000000000000000000200000000002222 1
1 0 431087 -50 2 12 2 10 -1 -1 1110111111000000010000000022000200000000000000000203000000000302000000000000000000000000000000000000000000000000002002222 1
2 0 431087 -50 8 18 9 17 -1 -1 1111011111000000010000000022000200000000000000000203000000000302000000000000000000000000000000000000000000000000002002222 1
1 0 430576 -50 4 14 2 12 -1 -1 1111011111000000010000000022000200000000000000000203000000000300000000002000000000000000000000000000000000000000002002222 1
