1322294659000
kingfish
brogrammers
1 0 599824 600000 14 10 12 12 -1 -1 2222222222000000000000000000000000000000000000000000000000000000000000000000000000000000000000000000000000000001111111111 1
2 0 599824 599997 2 12 4 14 -1 -1 2222222222000000000000000000000000000000000000000000000000000000000000000000000000000000000000000000000010000001111011111 1
1 0 599822 599997 16 12 12 8 -1 -1 2222022222000000020000000000000000000000000000000000000000000000000000000000000000000000000000000000000010000001111011111 1
2 0 599822 599997 3 13 7 13 6 14 2222022222000000020000000000000000000000000000000000000000000000000000000000000000000000000000000000001010000001111011110 1
1 0 599821 599997 13 13 11 11 -1 -1 2222022202000000020000000000000000000000030000000002000000000000000000000000000000000000000000000000001010000001111011110 1
2 0 599821 599997 3 15 7 15 5 9 2222022202000000020000000000000000000000030000000002000000000000000000000000000000000000000100000000001010000001101011110 1
1 0 599820 599997 14 12 10 12 -1 -1 2222022200000000020000000003000000000000030000000002200000000000000000000000000000000000000100000000001010000001101011110 1
2 0 599820 599997 2 10 6 10 -1 -1 2222022200000000020000000003000000000000030000000002200000000000000000000000000010000000000100000000001010000001101001110 1
1 0 599819 599997 13 11 9 11 -1 -1 2220022200000000020000000003000000000002030000000002200000000000000000000000000010000000000100000000001010000001101001110 1
2 0 599819 599996 1 13 5 13 -1 -1 2220022200000000020000000003000000000002030000000002200000000000000001000000000010000000000100000000001010000001001001110 1
1 0 592998 599996 12 12 8 12 -1 -1 2200022200000000020000000003020000000002030000000002200000000000000001000000000010000000000100000000001010000001001001110 1
2 0 592998 599995 4 14 8 10 -1 -1 2200022200000000020000000003020000000002030000000002200000001000000001000000000010000000000100000000001000000001001001110 1
1 0 588442 599995 9 11 5 11 -1 -1 2200022200000000000000000003020000000002030000000002200000021000000001000000000010000000000100000000001000000001001001110 1
2 0 588442 599994 7 13 11 9 -1 -1 2200022200000000000000000003120000000002030000000002200000021000000000000000000010000000000100000000001000000001001001110 1
1 0 583140 599994 11 11 9 13 -1 -1 2200022200000000000000000003120000000002030000000000200000021000000000000000000010000000002100000000001000000001001001110 1
2 0 583140 599993 0 12 4 12 -1 -1 2200022200000000000000000003120000000002030000000000200000021000000000100000000010000000002000000000001000000001001001110 1
1 0 577363 599993 10 12 2 12 -1 -1 0200022200000000200000000003120000000002030000000000200000021000000000100000000010000000002000000000001000000001001001110 1
2 0 577363 599992 8 10 10 12 -1 -1 0200122200000000200000000003120000000002030000000000200000021000000000100000000000000000002000000000001000000001001001110 1
1 0 570526 599992 13 15 12 14 -1 -1 0200122200000000200000000003120000000002030000000000200000001000000000100000000020000000002000000000001000000001001001110 1
2 0 570526 599991 2 14 4 8 -1 -1 0200122200000000200000000003120000000002030000000000200000001000000000100000000020000000002000000000001001000001000001110 1
1 0 560473 599991 15 13 5 15 -1 -1 0200102200000020200000000003120000000002030000000000200000001000000000100000000020000000002000000000001001000001000001110 1
2 0 560473 599990 3 9 5 7 -1 -1 0200102200000020200000000003121000000002030000000000200000001000000000100000000020000000002000000000001001000001000001100 1
1 0 551567 599990 15 11 15 13 -1 -1 0200100200000020200000000023121000000002030000000000200000001000000000100000000020000000002000000000001001000001000001100 1
2 0 551567 599989 4 8 6 6 -1 -1 0200100200000020200000000023121000000002030000000000200000001000000000100000000020000000002000000000001001000001000001010 1
1 0 542753 599989 15 13 7 13 -1 -1 0200100200000000200000000023121000000202030000000000200000001000000000100000000020000000002000000000001001000001000001010 1
2 0 542753 599988 5 7 7 5 -1 -1 0200100200000000200000000023121000000202030000000001200000001000000000100000000020000000002000000000001001000001000001000 1
1 0 536612 599988 14 14 13 15 -1 -1 0200100200000000200000000003121000000202030000020001200000001000000000100000000020000000002000000000001001000001000001000 1
2 0 536612 599987 6 6 8 4 -1 -1 0200100200000000200000000003121000000202030000020001200000001000000000100000000020000000002000000000001001000001001000000 1
1 0 529906 599987 13 15 9 15 -1 -1 0200100200000000200000000003121000000002030000020001200020001000000000100000000020000000002000000000001001000001001000000 1
2 0 529906 599986 1 11 3 9 -1 -1 0200100200000000200000000003121000000002030000020001200020001000000000110000000020000000002000000000001001000001000000000 1
1 0 522230 599986 12 8 8 16 -1 -1 0000102200000000200000000003121000000002030000020001200020001000000000110000000020000000002000000000001001000001000000000 1
2 0 522230 599985 7 15 9 17 -1 -1 0000102200000000200000000003121000000002030000020001200020001010000000110000000020000000002000000000000001000001000000000 1
1 0 514865 599985 9 15 8 14 -1 -1 0000102200000000200000000003121000000002030000020001000020001010000000112000000020000000002000000000000001000001000000000 1
2 0 514865 599984 5 13 7 15 -1 -1 0000102200000000200000000003121000000002030000020001000020001110000000102000000020000000002000000000000001000001000000000 1
1 0 507796 599984 8 14 4 14 -1 -1 0000102200000000200000000003101000000002030000020001200020001110000000102000000020000000002000000000000001000001000000000 1
2 0 507796 599983 3 11 5 17 -1 -1 0000102200000000210000000003101000000002030000020001200020001010000000102000000020000000002000000000000001000001000000000 1
1 0 497831 599983 5 15 1 11 -1 -1 0000102000000000210000000003101200000002030000020001200020001010000000102000000020000000002000000000000001000001000000000 1
2 0 497831 599982 4 12 6 18 -1 -1 0100102000000000210000000003100200000002030000020001200020001010000000102000000020000000002000000000000001000001000000000 1
1 0 485992 599982 7 13 3 13 -1 -1 0100102000000000010000000003100200000002030200020001200020001010000000102000000020000000002000000000000001000001000000000 1
2 0 485992 599982 5 17 7 19 -1 -1 0100102010000000010000000003100200000002030200020000200020001010000000102000000020000000002000000000000001000001000000000 1
1 0 478094 599982 12 14 11 13 -1 -1 0100102010000000010000000003100000000002030200020000202020001010000000102000000020000000002000000000000001000001000000000 1
2 0 478094 599981 10 12 12 14 -1 -1 0100102010000000010000000003100000000002030200020000202020001010000000102000000020000000002010000000000000000001000000000 1
1 0 468891 599981 11 13 10 12 -1 -1 0100102010000000010000000003100000000002030200020000202020001010000000102000000000000000002010000000000002000001000000000 1
2 0 468891 599980 6 18 8 20 -1 -1 0100102010000000010000000003100000000002030200020000202020001010000000102000000010000000002000000000000002000001000000000 1
1 0 458389 599980 10 12 6 12 -1 -1 0100102010000000010000000003100000000002030000020000202020001010200000102000000010000000002000000000000002000001000000000 1
2 0 458389 599979 12 14 13 15 -1 -1 0100102010000000010000000003100000000002130000020000202020001010200000102000000000000000002000000000000002000001000000000 1
1 0 450993 599979 9 13 1 13 -1 -1 0100102010000000010000000003100000000002130000020000202020001010200000102000000000000000002000000000000000000001002000000 1
2 0 450993 599978 7 15 9 13 -1 -1 0110102010000000010000000003100000000002130000020000202020001010200000002000000000000000002000000000000000000001002000000 1
1 0 444945 599978 8 16 7 15 -1 -1 0110102010000000010000000003100000000002130000020000002020001010200000202000000000000000002000000000000000000001002000000 1
2 0 444945 599978 13 15 14 14 -1 -1 0110102010000000010000000003100000000002130000020000102020001000200000202000000000000000002000000000000000000001002000000 1
1 0 441961 599978 6 12 4 10 -1 -1 0110102010000000010000000003100000000002130000020000102020001000200000202000000000000000002000000000000000000001000002000 1
2 0 441961 599977 14 14 15 13 -1 -1 0110102010000001010000000003100000000002030000020000102020001000200000202000000000000000002000000000000000000001000002000 1
1 0 439206 599977 7 15 3 11 -1 -1 0110102010000001010000000003100000000002030000020000102020001000200000202000000000000000002000000000000000000001000000020 1
2 0 439206 599976 15 13 16 12 -1 -1 0110102110000001010000000003100000000002030000020000002020001000200000202000000000000000002000000000000000000001000000020 1
1 0 436489 599976 8 12 7 13 -1 -1 0110102110000001010000000003100000000002030000020000002020001000200000202000000000000000002000000000000000000001000000002 1
2 0 436489 599975 11 9 12 10 -1 -1 0110102110000001010000000003100000000002030000020001002020000000200000202000000000000000002000000000000000000001000000002 1
1 0 434212 599975 13 9 11 11 -1 -1 0110102110000001010000000003100000000002030000020001002020000000200000202000000000000000000000000000000200000001000000002 1
2 0 434212 599970 12 10 13 11 -1 -1 0110102110000001010000000003100000000002030000020001002020000000200000202000000000000000000100000000000200000000000000002 1
1 0 431652 599970 7 13 7 15 -1 -1 0110102110000001010000000003100000000002030000020001002020000000200000202000000000000000000100000000000000000000200000002 1
2 0 431652 599970 13 11 14 12 -1 -1 0110102110000001010000000003100000000002030000020000102020000000200000202000000000000000000100000000000000000000200000002 1
1 0 429803 599970 4 10 4 12 -1 -1 0110102110000001010000000003100000000002030000020000102020000000200000202000000000000000000100000000000000000000000020002 1
2 0 429803 599970 14 12 15 13 -1 -1 0110102110000000110000000003100000000002030000020000102020000000200000202000000000000000000100000000000000000000000020002 1
1 0 427511 599970 4 12 0 12 -1 -1 0110102110000000110000000003100000000002030000020000102020000000200000202000000000000000000100000000000000000000000000022 1
2 0 427511 599969 9 13 10 12 -1 -1 1110102110000000010000000003100000000002030000020000102020000000200000202000000000000000000100000000000000000000000000022 1
1 0 425123 599969 7 15 3 15 -1 -1 1110102110000000010000000003100000000002030000020000102020000000200000002000000020000000000100000000000000000000000000022 1
2 0 425123 599969 10 12 12 10 -1 -1 1110102111000000010000000003100000000002030000020000002020000000200000002000000020000000000100000000000000000000000000022 1
1 0 423927 599969 5 11 4 12 -1 -1 1110102111000000010000000003100000000002030000020000002020000000200000002000000000000000000100000000000200000000000000022 1
2 0 423927 599968 12 10 13 11 -1 -1 1110102111000000110000000003000000000002030000020000002020000000200000002000000000000000000100000000000200000000000000022 1
1 0 422633 599968 4 12 2 14 -1 -1 1110102111000000110000000003000000000002030000020000002020000000200000002000000000000000000100000000000000000000200000022 1
2 0 422633 599963 13 11 14 10 -1 -1 1110112111000000010000000003000000000002030000020000002020000000200000002000000000000000000100000000000000000000200000022 1
1 0 421679 599963 11 11 10 12 -1 -1 1110112111000000010000000003000000000002030000020000002020000000200000002000000000000000000100000000000000000000000200022 1
2 0 421679 599962 14 10 15 11 -1 -1 1110112111000000010000000003000000000002030000020000002020000000200000002000000010000000000000000000000000000000000200022 1
1 0 420784 599962 10 12 9 13 -1 -1 1110112111000000010000000003000000000002030000020000002020000000200000002000000010000000000000000000000000000000000000222 1
2 0 420784 599961 9 17 10 18 -1 -1 1110112111000000010000000003000000000002030000020000002020000000200000102000000000000000000000000000000000000000000000222 1
1 0 419785 599961 9 13 8 12 -1 -1 1110112111000000010000000003000000000002030000020000002020000000200000100000000000020000000000000000000000000000000000222 1
2 0 419785 599961 10 18 11 17 -1 -1 1110112111000000010000000003000000000002030000020000002020001000200000000000000000020000000000000000000000000000000000222 1
1 0 418733 599961 8 12 7 11 -1 -1 1110112111000000010000000003000000000002030000020000002020001000200000000000000000000000000000200000000000000000000000222 1
2 0 418733 599961 6 10 8 12 -1 -1 1110112111000000010000000003000000000002030000020010002020000000200000000000000000000000000000200000000000000000000000222 1
1 0 417847 599961 7 11 6 12 -1 -1 1110112111000000010000000003000000000000030000020010002020002000200000000000000000000000000000200000000000000000000000222 1
2 0 417847 599960 11 17 12 16 -1 -1 1110112111000000010000000003000000000000130000020000002020002000200000000000000000000000000000200000000000000000000000222 1
1 0 416817 599960 6 12 5 11 -1 -1 1110112111000000010000000003000000000000130000020000002020002000200000000000000000000000000000000000000000200000000000222 1
2 0 416817 599959 12 16 13 15 -1 -1 1110112111000000010000000003100000000000030000020000002020002000200000000000000000000000000000000000000000200000000000222 1
1 0 416040 599959 5 11 4 12 -1 -1 1110112111000000010000000003100000000000030000020000002020002000200000000000000000000000000000000000000000000000002000222 1
2 0 416040 599959 13 15 14 14 -1 -1 1110112111000000110000000003000000000000030000020000002020002000200000000000000000000000000000000000000000000000002000222 1
1 0 415395 599959 4 12 2 10 -1 -1 1110112111000000110000000003000000000000030000020000002020002000200000000000000000000000000000000000000000000000000002222 1
