1322289510000
artificialwintelligence
kingfish
1 0 599683 600000 14 12 12 10 -1 -1 2222222222000000000000000000000000000000000000000000000000000000000000000000000000000000000000000000000000000001111111111 2
2 0 599683 599914 2 14 4 12 -1 -1 2222222222000000000000000000000000000000000000000000000000000000000000000000000000000000000000000000000100000001111101111 2
1 0 599383 599914 13 11 11 9 -1 -1 2222202222000000200000000000000000000000000000000000000000000000000000000000000000000000000000000000000100000001111101111 2
2 0 599383 599913 0 12 4 16 -1 -1 2222202222000000200000000000000000000000000000000000000000000000000000000000000000000000001000000000000100000001011101111 2
1 0 598921 599913 12 10 10 8 -1 -1 0222202222000000202000000000000000000000000000000000000000000000000000000000000000000000001000000000000100000001011101111 2
2 0 598921 599912 2 12 4 10 -1 -1 0222202222000000202000000000000000000000000000000000000000000000000000000000001000000000001000000000000000000001011101111 2
1 0 598432 599912 14 10 10 6 -1 -1 0222002222000002202000000000000000000000000000000000000000000000000000000000001000000000001000000000000000000001011101111 2
2 0 598432 599911 3 9 5 11 -1 -1 0222002222000002202000000000000000000000000000000000000000000000000000000000011000000000001000000000000000000001011001111 2
1 0 598069 599911 10 6 9 5 -1 -1 0222000222000002202000000000200000000000000000000000000000000000000000000000011000000000001000000000000000000001011001111 2
2 0 598069 599910 1 11 3 9 -1 -1 0222000222000002202000000000200000000000000000000000000000000000001000000000001000000000001000000000000000000001011001111 2
1 0 597528 599910 16 12 8 4 -1 -1 0022002222000002202000000000200000000000000000000000000000000000001000000000001000000000001000000000000000000001011001111 2
2 0 597528 599764 3 11 5 13 -1 -1 0022002222000002202000000000200000000000000000000000000010000000001000000000001000000000001000000000000000000001011001110 2
1 0 596931 599764 14 14 10 6 -1 -1 0022002022000002202000000000220000000000000000000000000010000000001000000000001000000000001000000000000000000001011001110 2
2 0 596931 599763 3 15 5 9 -1 -1 0022002022000002202000000000220000000000000000000000000010000000001000000000011000000000001000000000000000000001011000110 2
1 0 595944 599763 11 9 7 5 -1 -1 0022002020000002202000000002220000000000000000000000000010000000001000000000011000000000001000000000000000000001011000110 2
2 0 595944 599762 2 10 6 10 -1 -1 0022002020000002202000000002220000000000000000010000000010000000001000000000011000000000000000000000000000000001011000110 2
1 0 594836 599762 15 11 14 10 -1 -1 0020002020000002202000000002220000000002000000010000000010000000001000000000011000000000000000000000000000000001011000110 2
2 0 594836 599761 4 10 6 12 -1 -1 0020002020000002202000000002220000000002000000010000000010000000001000000000011000000000000000000000000000000001011100010 2
1 0 594146 599761 15 13 14 14 -1 -1 0020002020000000202000000002220000000002200000010000000010000000001000000000011000000000000000000000000000000001011100010 2
2 0 594146 599760 5 9 7 11 -1 -1 0020002020000000202000000002220000000002200000010000000010000000001000000000011000000000000000000000000000000001011101000 2
1 0 592841 599760 14 14 12 16 -1 -1 0020002020000000202000000000220000000002200000010020000010000000001000000000011000000000000000000000000000000001011101000 2
2 0 592841 599554 4 12 6 14 -1 -1 0020002020000000202000000000220000000002200000010020000010000000001000000000011000000000000000000000000000100001011100000 2
1 0 591715 599554 14 10 13 11 -1 -1 0020002020000000002000000000220000000002220000010020000010000000001000000000011000000000000000000000000000100001011100000 2
2 0 591715 599553 5 11 7 13 -1 -1 0020002020000000002000000000220000000002220000010020000010000000001000000000011000000000000000000000000000100001111000000 2
1 0 591338 599553 10 8 8 6 -1 -1 0020002020000000002000000000020000000002220000010022000010000000001000000000011000000000000000000000000000100001111000000 2
2 0 591338 599552 6 14 8 12 -1 -1 0020002020000000002000000000020000000002220000010022000011000000001000000000010000000000000000000000000000100001111000000 2
1 0 590592 599552 9 5 7 7 -1 -1 0020002020000000002000000000020000000002200000010022000011002000001000000000010000000000000000000000000000100001111000000 2
2 0 590592 599552 6 12 8 10 -1 -1 0020002020000000002000000000020000000002200000011022000011002000000000000000010000000000000000000000000000100001111000000 2
1 0 588675 599552 8 6 2 12 -1 -1 0020002020000000002000000000020000000002000000011022000011022000000000000000010000000000000000000000000000100001111000000 2
2 0 588675 593650 7 11 9 9 -1 -1 0020102020000000002000000000020000000002000000011022000010022000000000000000010000000000000000000000000000100001111000000 2
1 0 586830 593650 7 5 5 15 -1 -1 0020102020000000002000000000020000000002000000011002000010022000000020000000010000000000000000000000000000100001111000000 2
2 0 586830 587195 7 13 11 5 -1 -1 0020102020000000002000000000021000000002000000001002000010022000000020000000010000000000000000000000000000100001111000000 2
1 0 585819 587195 13 15 11 17 -1 -1 0020102020000000002000000000021000000002000000001000000010022000000020000000010000000000200000000000000000100001111000000 2
2 0 585819 582682 3 9 4 10 -1 -1 0020102020000000002000000000021000000002000000001000000010022000000020000000010000000000200000100000000000100001110000000 2
1 0 584384 582682 11 17 10 18 -1 -1 0020100020000002002000000000021000000002000000001000000010022000000020000000010000000000200000100000000000100001110000000 2
2 0 584384 578774 1 13 9 13 -1 -1 0020100020000002002000000000021000000002000000001000000010022000000020000000010000010000200000000000000000100001110000000 2
1 0 582766 578774 13 11 9 19 -1 -1 0000100020000002002000000000021000000002000000001000000010022000000020200000010000010000200000000000000000100001110000000 2
2 0 582766 573028 4 10 5 11 -1 -1 0000100020000002002000000000021000000002000000001000000010022000000020200100010000010000200000000000000000100001010000000 2
1 0 581755 573028 13 13 12 14 -1 -1 0000100020000000002000000000221000000002000000001000000010022000000020200100010000010000200000000000000000100001010000000 2
2 0 581755 563078 9 9 10 10 -1 -1 0000100020000000002000000000221000000002000000001000000010022000000020200100010000010000200000000000000001100001000000000 2
1 0 581115 563078 10 18 8 20 -1 -1 0000100020000000002000000000221000000002000000001000000010022000000000200100010200010000200000000000000001100001000000000 2
2 0 581115 558384 5 13 11 11 -1 -1 0000100020000000002000000000221000000002000000001000000010022000100000200100010200000000200000000000000001100001000000000 2
1 0 579830 558384 7 7 6 6 -1 -1 0000100020000000002000000000201000000002000000001000000010022000100000200100010200000000200200000000000001100001000000000 2
2 0 579830 552965 5 11 13 15 -1 -1 0000100020000000002000000000201000000102000000000000000010022000100000200100010200000000200200000000000001100001000000000 2
1 0 578997 552965 13 9 12 8 -1 -1 0000100020000000002000000000001000000102000000000000000010022000100000200100010200000000200200000000000001100001002000000 2
2 0 578997 547759 8 10 12 10 -1 -1 0000100020000000002000000000001000000102000000000000000010022000100000200100010200000000200200000000001001100000002000000 2
1 0 578039 547759 2 12 1 13 -1 -1 0000100020000000002000000000001000000102000000000000000010002000100000200100010200000000200200000000001201100000002000000 2
2 0 578039 543251 11 11 13 9 -1 -1 0010000020000000002000000000001000000102000000000000000010002000100000200100010200000000200200000000001201100000002000000 2
1 0 577214 543251 8 4 7 5 -1 -1 0010000020000000002000000000001000000102000000000000000010002000100000200100010200000000200000000000001201100002002000000 2
2 0 577214 540240 4 16 6 14 -1 -1 0010000020000000002000000000001000000102000000010000000000002000100000200100010200000000200000000000001201100002002000000 2
1 0 575974 540240 5 15 4 16 -1 -1 0010000020000000000000000000001000000102020000010000000000002000100000200100010200000000200000000000001201100002002000000 2
2 0 575974 536515 6 14 7 13 -1 -1 0010000020000000001000000000000000000102020000010000000000002000100000200100010200000000200000000000001201100002002000000 2
1 0 575172 536515 7 5 5 7 -1 -1 0010000020000000001000000000000000000102000000010002000000002000100000200100010200000000200000000000001201100002002000000 2
2 0 575172 532992 7 13 13 11 -1 -1 0010000020000000001000000010000000000102000000000002000000002000100000200100010200000000200000000000001201100002002000000 2
1 0 574062 532992 6 6 4 8 -1 -1 0010000020000000001000000010000000000102000000000000000000002000100000200100010200000000200000000000001201100002202000000 2
2 0 574062 528959 8 12 9 11 -1 -1 0010000020000010001000000010000000000002000000000000000000002000100000200100010200000000200000000000001201100002202000000 2
1 0 573002 528959 5 7 3 9 -1 -1 0010000020000010001000000010000000000002000000000000000000000000100002200100010200000000200000000000001201100002202000000 2
2 0 573002 526100 9 13 11 11 -1 -1 0010001020000010001000000000000000000002000000000000000000000000100002200100010200000000200000000000001201100002202000000 2
1 0 572369 526100 1 13 1 11 -1 -1 0010001020000010001000000000000000000002000000000000000000000000100002000100010200000000200200000000001201100002202000000 2
2 0 572369 523042 9 11 11 13 -1 -1 0100001020000010001000000000000000000002000000000000000000000000100002000100010200000000200200000000001201100002202000000 2
1 0 571655 523042 12 14 10 8 -1 -1 0100001020000010001000000000000000000002000000000000000000000000100000000100010200000000200220000000001201100002202000000 2
2 0 571655 520287 10 10 14 10 -1 -1 0100001020000010001000000000000000000002000000000000000000000000100000000100011200000000200220000000001200100002202000000 2
1 0 570780 520287 12 8 10 10 -1 -1 0100001020000010001000000000000000000002000000000000000000000000100000000100011000000000200220000000001200100002202200000 2
2 0 570780 518260 11 13 12 12 -1 -1 0100001020000010001000000000000000000002000000000000000000000000100000000100011100000000200220000000000200100002202200000 2
1 0 570149 518260 12 16 11 17 -1 -1 0100001020000010001000000000000000000002000000000000000000000000100000000100011100000000200200000000000220100002202200000 2
2 0 570149 516537 12 10 14 12 -1 -1 0100001020000010001000000000000000000002000000000000000000000000100000000100011100000000200200100000000220000002202200000 2
1 0 569329 516537 4 8 0 12 -1 -1 0100001020000010001000000000000000000002000000000000000000000000100000000100011100000000200200100000000020000002202220000 2
2 0 569329 514736 3 13 4 12 -1 -1 1100001020000000001000000000000000000002000000000000000000000000100000000100011100000000200200100000000020000002202220000 2
1 0 568773 514736 11 17 10 16 -1 -1 1100001000000000201000000000000000000002000000000000000000000000100000000100011100000000200200100000000020000002202220000 2
2 0 568773 513184 6 10 7 11 -1 -1 1100001000000000201000000000000000000002000000000000000000000000100000000100011100100000200200000000000020000002202220000 2
1 0 567709 513184 10 6 9 5 -1 -1 1100001000000000201000000000000000000000000000000020000000000000100000000100011100100000200200000000000020000002202220000 2
2 0 567709 511854 7 11 8 12 -1 -1 1100001000000000201000000000000000000000000000000020000000000000101000000100001100100000200200000000000020000002202220000 2
1 0 566936 511854 10 10 8 4 -1 -1 1100001000000000201000000000000000000000000000000000000000002000101000000100001100100000200200000000000020000002202220000 2
2 0 566936 510591 11 5 12 6 -1 -1 1100001000000000201000000000000000000000000000000000000010002000101000000100001000100000200200000000000020000002202220000 2
1 0 565976 510591 10 8 9 7 -1 -1 1100001000000000201000000000000000000000000000000000000010002000101000000100001000100000000200000000020020000002202220000 2
2 0 565976 509570 4 12 5 11 -1 -1 1100001000000000201000000000000000000000000000000000000010002000101100000100000000100000000200000000020020000002202220000 2
1 0 565219 509570 10 16 9 17 -1 -1 1100001000000000001000000000200000000000000000000000000010002000101100000100000000100000000200000000020020000002202220000 2
2 0 565219 508385 5 11 6 12 -1 -1 1100001000000000001000000000200000000000000000000000000010002000101100001100000000000000000200000000020020000002202220000 2
1 0 564422 508385 9 17 7 19 -1 -1 1100001000000000001000000000000000000000200000000000000010002000101100001100000000000000000200000000020020000002202220000 2
2 0 564422 507512 6 12 7 11 -1 -1 1100001000000000001000000000000000000000200000000000001010002000101100000100000000000000000200000000020020000002202220000 2
1 0 564064 507512 8 20 6 18 -1 -1 1100001000000000001000000000000000000000000000000020001010002000101100000100000000000000000200000000020020000002202220000 2
2 0 564064 506465 11 11 10 12 -1 -1 1100001000000000001000000000000000000000000100000020001010002000001100000100000000000000000200000000020020000002202220000 2
1 0 563350 506465 7 19 3 15 -1 -1 1100001000000000001000000000000000000000000100000020001010002000001100000100000020000000000000000000020020000002202220000 2
2 0 563350 505115 7 11 15 11 -1 -1 1100001001000000001000000000000000000000000100000020000010002000001100000100000020000000000000000000020020000002202220000 2
1 0 562515 505115 4 16 2 14 -1 -1 1100001001000000001000000000000000000000000100000000000010002000001100000100000020000000000000000000020020000002202220200 2
2 0 562515 504097 8 12 9 13 -1 -1 1100011001000000000000000000000000000000000100000000000010002000001100000100000020000000000000000000020020000002202220200 2
1 0 561885 504097 3 15 1 13 -1 -1 1100011001000000000000000000000000000000000100000000000010000000001100200100000020000000000000000000020020000002202220200 2
2 0 561885 503349 9 13 13 13 -1 -1 1110011000000000000000000000000000000000000100000000000010000000001100200100000020000000000000000000020020000002202220200 2
1 0 561509 503349 9 7 7 5 -1 -1 1110011000000000000000000000000000000000000100000000000010000000001100000100000020000000000000000000020020000002222220200 2
2 0 561509 502737 10 12 11 13 -1 -1 1110011000000000000000000000000000000000000100010000000010000000001000000100000020000000000000000000020020000002222220200 2
1 0 561207 502737 9 19 8 20 -1 -1 1110011000000000000000000000000000000000000100010000000010000000001000000100000000000000000020000000020020000002222220200 2
2 0 561207 502272 11 13 12 14 -1 -1 1110011000000000000000000000000000000000000100010000000010000000101000000000000000000000000020000000020020000002222220200 2
1 0 560851 502272 9 5 7 7 -1 -1 1110011000000000000000000000000000000000000100010000000010000000101000000000000000000000000000000000020022000002222220200 2
2 0 560851 501851 12 12 14 14 -1 -1 1110011000000000000000000000000000000000000100011000000010000000100000000000000000000000000000000000020022000002222220200 2
1 0 560661 501851 8 20 7 19 -1 -1 1110011000000000000000000000000000000000000100011000000010000000100000000000000000000000000000000000020002000002222222200 2
2 0 560661 501539 12 6 12 8 -1 -1 1110011000000000000000000000000000000000000100011000001010000000000000000000000000000000000000000000020002000002222222200 2
1 0 560406 501539 7 19 5 17 -1 -1 1110011000000000000000000000000000000000000100011000001010000000000000000000000000000000000000000000002002000002222222200 2
2 0 560406 501259 12 8 12 10 -1 -1 1110011000000000000000000000000100000000000100011000000010000000000000000000000000000000000000000000002002000002222222200 2
1 0 560210 501259 8 4 6 6 -1 -1 1110011000000000000000000000000100000000000100011000000010000000000000000000000000000000000000000000000202000002222222200 2
2 0 560210 500968 12 10 12 12 -1 -1 1110011000000000000000000000000100000100000100011000000000000000000000000000000000000000000000000000000202000002222222200 2
1 0 560027 500968 7 5 5 7 -1 -1 1110011000000000000000000000000100000100000100011000000000000000000000000000000000000000000000000000000022000002222222200 2
2 0 560027 500547 13 15 15 13 -1 -1 1110011000000000000000000010000100000100000100001000000000000000000000000000000000000000000000000000000022000002222222200 2
1 0 559690 500547 7 7 5 9 -1 -1 1110011000000000000000000010000100000100000100001000000000000000000000000000000000000000000000000000000022000002220222220 2
2 0 559690 500325 12 14 13 15 -1 -1 1110011000000000000000000011000100000100000100000000000000000000000000000000000000000000000000000000000022000002220222220 2
1 0 559534 500325 6 6 2 10 -1 -1 1110011000000000000000000011000100000100000100000000000000000000000000000000000000000000000000000000000020000002222222220 2
2 0 559534 500176 14 10 16 12 -1 -1 1111011000000000000000000011000100000000000100000000000000000000000000000000000000000000000000000000000020000002222222220 2
1 0 559369 500176 6 18 4 16 -1 -1 1111011000000000000000000011000100000000000100000000000000000000000000000000000000000000000000000000000020000002222022222 2
2 0 559369 500005 12 12 14 10 -1 -1 1111011000000000001000000011000100000000000000000000000000000000000000000000000000000000000000000000000020000002222022222 2
