1322293271000
skynet
kingfish
1 0 599898 600000 14 10 12 12 -1 -1 2222222222000000000000000000000000000000000000000000000000000000000000000000000000000000000000000000000000000001111111111 2
2 0 599898 599904 2 14 4 12 -1 -1 2222222222000000000000000000000000000000000000000000000000000000000000000000000000000000000000000000000010000001111011111 2
1 0 599889 599904 13 13 11 11 -1 -1 2222202222000000200000000000000000000000000000000000000000000000000000000000000000000000000000000000000010000001111011111 2
2 0 599889 599903 0 12 4 16 -1 -1 2222202222000000200000000000000000000000000000000000000000000000000000000000000000000000000100000000000010000001101011111 2
1 0 599876 599903 14 12 10 12 -1 -1 0222202222000000202000000000000000000000000000000000000000000000000000000000000000000000000100000000000010000001101011111 2
2 0 599876 599902 3 11 5 13 -1 -1 0222202222000000202000000000000000000000000000000000000000000000000000000000000010000000000100000000000010000001101001111 2
1 0 599863 599902 13 11 9 11 -1 -1 0222202022000000202000000000020000000000000000000000000000000000000000000000000010000000000100000000000010000001101001111 2
2 0 599863 599902 2 12 6 12 -1 -1 0222202022000000202000000000020000000000000000000000000000000000000001000000000010000000000100000000000010000001001001111 2
1 0 599851 599902 16 12 12 8 -1 -1 0222002022000000202000000000020000000000200000000000000000000000000001000000000010000000000100000000000010000001001001111 2
2 0 599851 599901 3 13 7 13 -1 -1 0222002022000000202000000000020000000000200000000000000000000000000001000000000010000000000100000000001010000001001001110 2
1 0 599839 599901 13 9 11 7 -1 -1 0222002002000000202000000000020000000000200000000002000000000000000001000000000010000000000100000000001010000001001001110 2
2 0 599839 595227 4 12 10 10 -1 -1 0222002002000000202000000000020000000000200000000002000000000000000001000000000010000000010100000000001010000000001001110 2
1 0 599831 595227 13 15 12 14 -1 -1 0222002002000000002000000000020000000000200000000002000000000000000001000000000210000000010100000000001010000000001001110 2
2 0 599831 589762 4 16 5 15 -1 -1 0222002002000000002000000000020000000000200000000002000000000000000001000000000210000000010100000000001011000000000001110 2
1 0 599824 589762 15 13 11 9 -1 -1 0222002002000000000000000000022000000000200000000002000000000000000001000000000210000000010100000000001011000000000001110 2
2 0 599824 584774 5 13 7 15 -1 -1 0222002002000000000000000000022000000000200000000002000000000000000001000000000210000000011100000000001011000000000001100 2
1 0 599818 584774 14 14 13 13 -1 -1 0222002002000000000000000000002000000000200000000002200000000000000001000000000210000000011100000000001011000000000001100 2
2 0 599818 580579 2 10 8 16 -1 -1 0222002002000000000000000000002000000000200000000002200000000000000001000000000210000000011100000000001011000000010000100 2
1 0 599811 580579 15 11 14 12 -1 -1 0220002002000000000000000000002000000000200000000002200000000020000001000000000210000000011100000000001011000000010000100 2
2 0 599811 577467 1 11 0 12 -1 -1 0220002002000000000000000000002000000000200000000002200000000020000001000000000210000000011100000000001011000000010010000 2
1 0 599804 577467 12 12 11 13 -1 -1 2020002002000000000000000000002000000000200000000002200000000020000001000000000210000000011100000000001011000000010010000 2
2 0 599804 569732 0 12 6 14 -1 -1 2020002002000000000000000000002000000000200000000002200000000020000001000000000210000000011110000000001001000000010010000 2
1 0 599797 569732 11 11 9 13 -1 -1 0020002002000000000000000000002000000000220000000002200000000020000001000000000210000000011110000000001001000000010010000 2
2 0 599797 561583 6 14 14 10 -1 -1 0020002002000000000000000000002000000000220000000002200000000020000001100000000210000000011010000000001001000000010010000 2
1 0 599792 561583 10 12 4 14 -1 -1 0020002002000000000000000000002000000000200000000002200000000020000001100000000210000000011010000000001001000000010210000 2
2 0 599792 553153 8 16 14 14 -1 -1 0020002002000000010000000000002000000000200000000002200000000020000001100000000200000000011010000000001001000000010210000 2
1 0 599788 553153 9 11 8 12 -1 -1 0020002002000000010000000000002000000000200000000002200000000000000001100000000200000000011010000000001001000000010212000 2
2 0 599788 547732 6 12 10 12 -1 -1 0020002002000000010000000000002000000000200000000002200000001000000000100000000200000000011010000000001001000000010212000 2
1 0 599785 547732 12 8 10 6 -1 -1 0020002002000000010000000000002000000000000000000002200000001000000000100000000220000000011010000000001001000000010212000 2
2 0 599785 541278 7 13 9 11 -1 -1 0020002002000000010000000000002000000000000000000002200000001000000000100000010220000000011010000000000001000000010212000 2
1 0 599781 541278 11 7 9 9 -1 -1 0020002002000000010000000000002000000000000000000000200000001000000002100000010220000000011010000000000001000000010212000 2
2 0 599781 538375 1 13 2 14 -1 -1 0020002002000000010000000000002000000000000000000000200000001000000012100000010220000000001010000000000001000000010212000 2
1 0 599778 538375 12 14 12 12 -1 -1 0000022002000000010000000000002000000000000000000000200000001000000012100000010220000000001010000000000001000000010212000 2
2 0 599778 535274 10 12 12 14 -1 -1 0000022002000000010000000000002000000000000000000000200000001000000012100000010220000000001010000000000010000000010212000 2
1 0 599774 535274 11 9 10 8 -1 -1 0000022002000000010000000000002000000000000000000000200000001000000012100000010200000000001010000000000012000000010212000 2
2 0 599774 533093 2 14 8 16 -1 -1 0000022002000000010000000000002000000000000000000000200000001000000012100000011200000000000010000000000012000000010212000 2
1 0 599770 533093 13 13 11 11 -1 -1 0000002002000000010000000000002000000000000000000000200000001020000012100000011200000000000010000000000012000000010212000 2
2 0 599770 526668 7 15 8 14 -1 -1 0000002002000000010000000000002000000000000000000000200000001020000012100000011200000000000110000000000012000000000212000 2
1 0 599766 526668 14 12 13 13 -1 -1 0000002002000000010000000000002000000000000000000000000000001220000012100000011200000000000110000000000012000000000212000 2
2 0 599766 521233 8 14 12 10 -1 -1 0000002002000000010000000000002000000000000000000000000000001220000012100000011200000000000110000000000012000000010202000 2
1 0 599762 521233 11 13 10 12 -1 -1 0000002002000000010000000000002000000000000000000000000000001020000012100000011200000000000110000000000212000000010202000 2
2 0 599762 517641 9 11 15 13 -1 -1 0000002002000000010000000000002000000000000000000000000000001020000012100000011210000000000100000000000212000000010202000 2
1 0 599759 517641 9 13 7 11 -1 -1 0000002002000000010000000000002000000000000000000000000000001020000010100000011210000000000100000000000212000000010202020 2
2 0 599759 514669 3 15 5 13 -1 -1 0000002002000000010000000000002000000000000000000010000000001020000010000000011210000000000100000000000212000000010202020 2
1 0 599755 514669 4 14 3 13 -1 -1 0000002000000000010000000000022000000000000000000010000000001020000010000000011210000000000100000000000212000000010202020 2
2 0 599755 510319 5 13 6 12 -1 -1 0000002010000000000000000000022000000000000000000010000000001020000010000000011210000000000100000000000212000000010202020 2
1 0 599752 510319 8 12 6 10 -1 -1 0000002010000000000000000000002000000000200000000010000000001020000010000000011210000000000100000000000212000000010202020 2
2 0 599752 506686 6 12 8 10 -1 -1 0000002010000000000000000000002000000001200000000010000000000020000010000000011210000000000100000000000212000000010202020 2
1 0 599749 506686 10 6 9 7 -1 -1 0000002010000000000000000000002000000001000000000010000000020020000010000000011210000000000100000000000212000000010202020 2
2 0 599749 503457 8 10 9 11 -1 -1 0000002010000000000000000000002000000001000000000010000000020020000110000000001210000000000100000000000212000000010202020 2
1 0 599746 503457 9 9 8 10 -1 -1 0000002010000000000000000000002000000001000000000010000000000020000112000000001210000000000100000000000212000000010202020 2
2 0 599746 496916 12 14 13 15 -1 -1 0000002010000000000000000000002000000001000000000010000000010020000102000000001210000000000100000000000212000000010202020 2
1 0 599742 496916 12 12 12 8 -1 -1 0000002010000000000000000000002000000001000000000010000000010020000102000000001210000000000100000000000210000000012202020 2
2 0 599742 492490 10 10 12 12 -1 -1 0000002010000000000000000000002000000001000000000010000000010020000102000000001210000000000100000000001200000000012202020 2
1 0 599738 492490 10 8 8 6 -1 -1 0000002010000000000000000000002000000001000000000010000000010020000102000000001010000000000100000000001220000000012202020 2
2 0 599738 487984 9 11 13 11 -1 -1 0000002010000000000000000000002000000001000000000010000001010020000102000000000010000000000100000000001220000000012202020 2
1 0 599734 487984 11 11 9 13 -1 -1 0000002010000000000000000000002000000001000000000010000001010020000100000000000010000000000100000000001220000000212202020 2
2 0 599734 483048 8 16 9 15 -1 -1 0000002010000000000000000000002000000001000000000010000001010020000100100000000010000000000000000000001220000000212202020 2
1 0 599730 483048 13 13 11 11 -1 -1 0000002010000000000000000000002000000001000000000010000001010000000100120000000010000000000000000000001220000000212202020 2
2 0 599730 478356 9 15 11 13 -1 -1 0000002010000000000000000000002000000001000000000010000001010000000100120000000010000000000100000000001220000000202202020 2
1 0 599726 478356 10 12 8 14 -1 -1 0000002010000000000000000000002000000001000000000010000001010000000100100000000010000000000120000000001220000000202202020 2
2 0 599726 474709 12 10 14 12 -1 -1 0000002010000000000000000000002000000001000000000010000001010100000100100000000000000000000120000000001220000000202202020 2
1 0 599723 474709 7 11 6 12 -1 -1 0000002010000000000000000000002000000001000000000010000001010100000100100000000000000000000120000000001020000000202222020 2
2 0 599723 472368 3 9 4 10 -1 -1 0000002010000000000000000000002000000001100000000000000001010100000100100000000000000000000120000000001020000000202222020 2
1 0 599720 472368 3 13 2 12 -1 -1 0000000010000002000000000000002000000001100000000000000001010100000100100000000000000000000120000000001020000000202222020 2
2 0 599720 470760 4 10 5 11 -1 -1 0000100000000002000000000000002000000001100000000000000001010100000100100000000000000000000120000000001020000000202222020 2
1 0 599717 470760 6 10 4 12 -1 -1 0000100000000000000000000000202000000001100000000000000001010100000100100000000000000000000120000000001020000000202222020 2
2 0 599717 467695 5 11 9 15 -1 -1 0000100000000000100000000000202000000000100000000000000001010100000100100000000000000000000120000000001020000000202222020 2
1 0 599714 467695 9 7 7 5 -1 -1 0000100000000000100000000000002000000000100000000000000001010100000100120000000000000000000120000000001020000000202222020 2
2 0 599714 464972 12 12 13 13 -1 -1 0000100000000000100000000000002000000000100000010000000001010100000000120000000000000000000120000000001020000000202222020 2
1 0 599711 464972 8 10 7 11 -1 -1 0000100000000000100000000000002000000000100000010000000001010100000000120000000000000000000120000000001000000000222222020 2
2 0 599711 462261 5 15 6 14 -1 -1 0000100000000000100000000000002000000000100000010010000001000100000000120000000000000000000120000000001000000000222222020 2
1 0 599708 462261 12 8 11 9 -1 -1 0000100000000000100000000000000000000000120000010010000001000100000000120000000000000000000120000000001000000000222222020 2
2 0 599708 459014 6 14 12 12 -1 -1 0000100000000000100000000000000000000000120000010010000001000100000000120000000000000000001120000000000000000000222222020 2
1 0 599705 459014 8 6 7 7 -1 -1 0000100000000000100000000000000000000000100000010010000001000100000000120000000000000000001120000000000020000000222222020 2
2 0 599705 457336 9 15 10 14 -1 -1 0000100000000000100000000000000000000000100000011010000000000100000000120000000000000000001120000000000020000000222222020 2
1 0 599702 457336 9 13 8 12 -1 -1 0000100000000000100000000000000000000000100000011010000000000100000000100000000002000000001120000000000020000000222222020 2
2 0 599702 455820 10 14 10 12 -1 -1 0000100000000000100000000000000000000000100000011010000000001100000000000000000002000000001120000000000020000000222222020 2
1 0 599698 455820 11 11 7 15 -1 -1 0000100000000000100000000000000000000000100000011010000000001100000000000000000020000000001120000000000020000000222222020 2
2 0 599698 454413 10 12 12 10 -1 -1 0000100000000000100000000000000000000000100000011010100000001100000000000000000020000000001020000000000020000000222222020 2
1 0 599695 454413 8 14 7 13 -1 -1 0000100000000000100000000000000000000000100000011010100000001100000000000000000000000000001020000000000220000000222222020 2
2 0 599695 453214 12 10 13 9 -1 -1 0000100000000000100000000000000000000000100000011011100000001000000000000000000000000000001020000000000220000000222222020 2
1 0 599692 453214 6 12 5 13 -1 -1 0000100000000000100000000000000000000000100000011011100000001000000000000000000000000000001020000000000020000002222222020 2
2 0 599692 452463 11 13 12 14 -1 -1 0000100000000000100000000000010000000000000000011011100000001000000000000000000000000000001020000000000020000002222222020 2
1 0 599689 452463 2 12 1 11 -1 -1 0000100000000000100000000000010000000000000000011011100000001000000000000000000000000000001000000000000022000002222222020 2
2 0 599689 451580 13 9 15 11 -1 -1 0100000000000000100000000000010000000000000000011011100000001000000000000000000000000000001000000000000022000002222222020 2
1 0 599686 451580 4 12 3 13 -1 -1 0100000000000000100000000000010000000000000000011011100000001000000000000000000000000000001000000000000022000000222222220 2
2 0 599686 450707 14 10 16 12 -1 -1 0100000010000000000000000000010000000000000000011011100000001000000000000000000000000000001000000000000022000000222222220 2
1 0 599683 450707 7 5 6 6 -1 -1 0100000010000000000000000000010000000000000000011011100000001000000000000000000000000000001000000000000022000000222022222 2
2 0 599683 450020 12 12 14 10 -1 -1 0100000010000000000000000000010000000100000000001011100000001000000000000000000000000000001000000000000022000000222022222 2
1 0 599680 450020 7 11 6 12 -1 -1 0100000010000000000000000000010000000100000000001011100000001000000000000000000000000000001000000000000002000000222222222 2
2 0 599680 449635 13 13 13 9 -1 -1 0100000010000000000000000000010000000100100000001001100000001000000000000000000000000000001000000000000002000000222222222 2
1 0 599677 449635 11 9 10 10 -1 -1 0100000010000000000000000000010000000100100000001001100000001000000000000000000000000000001000000000000002000002202222222 2
2 0 599677 449172 12 14 13 13 -1 -1 0100000010000000000000000000010000000100100000001001100000001000000000000000000100000000000000000000000002000002202222222 2
