1322289108000
droptable
kingfish
1 0 593047 600000 13 11 12 10 -1 -1 2222222222000000000000000000000000000000000000000000000000000000000000000000000000000000000000000000000000000001111111111 2
2 0 593047 599900 2 14 4 12 -1 -1 2222222222000000000000000000000000000000000000000000000000000000000000000000000000000000000000000000000100000001011111111 2
1 0 582915 599900 15 13 11 9 -1 -1 2222202222000000200000000000000000000000000000000000000000000000000000000000000000000000000000000000000100000001011111111 2
2 0 582915 599899 0 12 4 16 -1 -1 2222202222000000200000000000000000000000000000000000000000000000000000000000000000000000001000000000000100000001011111101 2
1 0 575392 599899 14 10 13 11 -1 -1 0222202222000000202000000000000000000000000000000000000000000000000000000000000000000000001000000000000100000001011111101 2
2 0 575392 599898 3 11 5 13 -1 -1 0222202222000000202000000000000000000000000000000000000000000000000000000000000000000000001000000000000100000001111011101 2
1 0 560650 599898 16 12 14 10 -1 -1 0222202022000000202000000000020000000000000000000000000000000000000000000000000000000000001000000000000100000001111011101 2
2 0 560650 599897 2 12 6 12 -1 -1 0222202022000000202000000000020000000000000000000000000000000000000000000000000000000000001000000000000100000001111111100 2
1 0 543383 599897 14 10 10 10 -1 -1 0222002022000000202000000000020000000000200000000000000000000000000000000000000000000000001000000000000100000001111111100 2
2 0 543383 599896 3 13 7 13 -1 -1 0222002022000000202000000000020000000000200000000000000000000000000000000000000100000000001000000000000100000001111011100 2
1 0 527988 599896 13 15 12 14 -1 -1 0222002002000000202000000000020000000000200000000002000000000000000000000000000100000000001000000000000100000001111011100 2
2 0 527988 599724 4 12 8 12 -1 -1 0222002002000000202000000000020000000000200000000002000000000000000000000000000100000000001000000000000101000001110011100 2
1 0 502327 599724 14 14 12 8 -1 -1 0222002002000000002000000000020000000000200000000002000000002000000000000000000100000000001000000000000101000001110011100 2
2 0 502327 594614 4 16 5 15 -1 -1 0222002002000000002000000000020000000000200000000002000000002000000000000000000100000000001000000000001101000001110010100 2
1 0 492282 594614 13 13 12 12 -1 -1 0222002002000000000000000000022000000000200000000002000000002000000000000000000100000000001000000000001101000001110010100 2
2 0 492282 590792 8 12 9 13 -1 -1 0222002002000000000000000000022000000000200000000002000000002000000000000000000100000000001000000000001111000001100010100 2
1 0 485550 590792 15 11 11 11 -1 -1 0222002002000000000000000000022000000000200000000002000000000000000000200000000100000000001000000000001111000001100010100 2
2 0 485550 587443 2 10 10 14 -1 -1 0222002002000000000000000000022000000000200000000002000000000000000000200000000100000000001100000000001111000001100010000 2
1 0 480755 587443 12 10 10 12 -1 -1 0220002002000000000000000000022000000000200000000002000000000000000000200000000102000000001100000000001111000001100010000 2
2 0 480755 584895 1 11 0 12 -1 -1 0220002002000000000000000000022000000000200000000002000000000000000000200000000112000000001100000000001011000001100010000 2
1 0 459727 584895 14 12 12 6 -1 -1 2020002002000000000000000000022000000000200000000002000000000000000000200000000112000000001100000000001011000001100010000 2
2 0 459727 581916 9 13 13 13 -1 -1 2020002002000000000000000000022000000000200000000002000000000000000000200000000112000000001100000000011011000001100000000 2
1 0 444505 581916 10 10 9 9 -1 -1 2020002002000000000000000000022000000000200000000002000000000000000000000000000112000000001100000000011011000001120000000 2
2 0 444505 579371 0 12 8 12 -1 -1 2020002002000000000000000000022000000000200000000002000000000000000010000000000012000000001100000000011011000001120000000 2
1 0 429696 579371 12 6 8 10 -1 -1 0020002002000000000000000000022000000000200000000002000000002000000010000000000012000000001100000000011011000001120000000 2
2 0 429696 572628 7 13 11 13 -1 -1 0020002002000000000000000000022000000000200000000002000000012000000010000000000012000000001100000000001011000001120000000 2
1 0 425220 572628 11 11 7 11 -1 -1 0020002002000000000000000000022000000000200000000000000000012000000010000000000012000000001120000000001011000001120000000 2
2 0 425220 568965 5 15 9 11 -1 -1 0020002002000000000000000000022000000000200000000010000000012000000010000000000012000000001020000000001011000001120000000 2
1 0 418489 568965 12 14 11 15 -1 -1 0020002002000000000000000000020000000000200000000010000000012000000012000000000012000000001020000000001011000001120000000 2
2 0 418489 564117 10 14 12 16 -1 -1 0020002002000000000000000000020000000000200000000010000000012000000012000000000012000000001021000000001010000001120000000 2
1 0 414488 564117 13 9 11 11 -1 -1 0020002002000000000000000000020000000000200000000010000000012000000012000000000010000000001021000000001010200001120000000 2
2 0 414488 560456 8 12 10 10 -1 -1 0020002002000000000000000000020000000000200000000010000000012000000012000000000010000000001121000000001010200000120000000 2
1 0 407671 560456 13 11 12 10 -1 -1 0020002002000000000000000000020000000000200000000010000000010000000012000000000210000000001121000000001010200000120000000 2
2 0 407671 557146 11 13 13 11 -1 -1 0020002002000000000000000000020000000000200000000010000000010000000012000000000210000000001121000000001110200000020000000 2
1 0 405482 557146 10 12 9 13 -1 -1 0020002002000000000000000000020000000000200000000010000000010000000012000000000210000000001101000000001110200000220000000 2
2 0 405482 552751 5 13 5 11 -1 -1 0020002002000000000000000000020000000000200000000010000000010000000012100000000200000000001101000000001110200000220000000 2
1 0 397627 552751 12 10 8 14 -1 -1 0020002002000000000000000000200000000000200000000010000000010000000012100000000200000000001101000000001110200000220000000 2
2 0 397627 545994 5 11 9 15 -1 -1 0020002002000000000000000000200000000000200000000010000000010100000012100000000200000000001101000000001010200000220000000 2
1 0 394708 545994 11 15 10 14 -1 -1 0020002002000000000000000000000000000000200000000010000000010100000012120000000200000000001101000000001010200000220000000 2
2 0 394708 541939 6 12 7 13 -1 -1 0020002002000000000000000000000000000000200000000010000000010100000012120000000201000000001100000000001010200000220000000 2
1 0 387753 541939 12 12 11 13 -1 -1 0020002002000000000000000000000000000000000000000012000000010100000012120000000201000000001100000000001010200000220000000 2
2 0 387753 537065 9 15 10 16 -1 -1 0020002002000000000000000000000000000000000000000012000000010100000012120000000201000000001110000000001000200000220000000 2
1 0 381603 537065 11 13 9 15 -1 -1 0020002002000000000000000000000000000000000000000012000000010100000012100000000201200000001110000000001000200000220000000 2
2 0 381603 532847 7 13 8 12 -1 -1 0020002002000000000000000000000000000000000000000012000000010100000012110000000201200000001100000000001000200000220000000 2
1 0 377941 532847 11 11 10 12 -1 -1 0020002002000000000000000000000000000000000000000010000000012100000012110000000201200000001100000000001000200000220000000 2
2 0 377941 529272 10 16 11 15 -1 -1 0020002002000000000000000000000000000000000000000010000000012100000012110000000211200000001000000000001000200000220000000 2
1 0 372814 529272 10 14 8 16 -1 -1 0020002002000000000000000000000000000000000000000010000000012100000012110000000211000000001002000000001000200000220000000 2
2 0 372814 524975 9 11 13 15 -1 -1 0020002002000000000000000000000000000000000000000010000000012110000012110000000210000000001002000000001000200000220000000 2
1 0 367898 524975 11 9 9 7 -1 -1 0020002002000000000000000000000000000000000000000010000000012110000010110000000210000000001002000000001000200000222000000 2
2 0 367898 519955 12 16 14 10 -1 -1 0020002002000000000000000000000000000000000000000010000000012110000110110000000210000000000002000000001000200000222000000 2
1 0 361368 519955 8 10 6 12 -1 -1 0020002002000000000000000000000000000000000000000010000000012110000110110000000210000000000002000000001000000000222200000 2
2 0 361368 516729 8 12 14 14 -1 -1 0020002002000000000000000000000000000000100000000010000000002110000110110000000210000000000002000000001000000000222200000 2
1 0 359232 516729 10 12 9 11 -1 -1 0020002002000000000000000000000000000000100000000010000000000110000110110000000210000000000002000000001000000000222202000 2
2 0 359232 513635 14 14 15 13 -1 -1 0020002002000000000000000000000000000000100000000010000000000110000111110000000200000000000002000000001000000000222202000 2
1 0 356089 513635 7 11 5 13 -1 -1 0020002002000000000000000000000000000000100000000010000000000110000111110000000200000000000002000000001000000000222200020 2
2 0 356089 511004 10 10 16 12 -1 -1 0020002002000000000000000000010000000000100000000000000000000110000111110000000200000000000002000000001000000000222200020 2
1 0 351193 511004 9 15 5 11 -1 -1 0020002002000000000000000000010000000000100000000000000000000110000111110000000000000000000002000000001000000000222200022 2
2 0 351193 508448 3 9 4 10 -1 -1 0020002002000000000000000000110000000000100000000000000000000110000111100000000000000000000002000000001000000000222200022 2
1 0 344451 508448 12 8 11 7 -1 -1 0020000002000002000000000000110000000000100000000000000000000110000111100000000000000000000002000000001000000000222200022 2
2 0 344451 506337 1 13 2 14 -1 -1 0020000002000002000000000000110000000000100000000000000000000110000111100000000000000000010002000000000000000000222200022 2
1 0 341125 506337 5 11 3 9 -1 -1 0000020002000002000000000000110000000000100000000000000000000110000111100000000000000000010002000000000000000000222200022 2
2 0 341125 504426 2 14 4 16 -1 -1 0000021002000002000000000000010000000000100000000000000000000110000111100000000000000000010002000000000000000000222200022 2
1 0 336290 504426 9 11 5 11 -1 -1 0000001002000002002000000000010000000000100000000000000000000110000111100000000000000000010002000000000000000000222200022 2
2 0 336290 501711 3 15 4 14 -1 -1 0000001002000002002000000000110000000000100000000000000000000110000110100000000000000000010002000000000000000000222200022 2
1 0 334230 501711 11 7 10 8 -1 -1 0000001000000002022000000000110000000000100000000000000000000110000110100000000000000000010002000000000000000000222200022 2
2 0 334230 497579 4 16 6 10 -1 -1 0000001000000002022000000000110000000000100000000000000000000110000110100000001000000000000002000000000000000000222200022 2
1 0 330817 497579 9 13 7 15 -1 -1 0000001000000002020000000000110000000002100000000000000000000110000110100000001000000000000002000000000000000000222200022 2
2 0 330817 495818 4 10 4 12 -1 -1 0000001000000002020000000000110000000002100000000000100000000110000110000000001000000000000002000000000000000000222200022 2
1 0 328429 495818 5 11 3 13 -1 -1 0000001000000000220000000000110000000002100000000000100000000110000110000000001000000000000002000000000000000000222200022 2
2 0 328429 493157 6 10 7 11 -1 -1 0000001010000000220000000000010000000002100000000000100000000110000110000000001000000000000002000000000000000000222200022 2
1 0 327429 493157 8 16 6 14 -1 -1 0000001010000000220000000000010000000000100000000020100000000110000110000000001000000000000002000000000000000000222200022 2
2 0 327429 491299 4 12 5 11 -1 -1 0000001010000000220000000000010000000000110000000020100000000100000110000000001000000000000002000000000000000000222200022 2
1 0 325670 491299 10 8 8 10 -1 -1 0000001010000000020000000000210000000000110000000020100000000100000110000000001000000000000002000000000000000000222200022 2
2 0 325670 488230 5 11 9 11 -1 -1 0000001010000000020000000000210000000000110000000020100000010100000110000000000000000000000002000000000000000000222200022 2
1 0 318773 488230 6 14 2 14 -1 -1 0000001010000000020000000000010000000000110000000020100000010100000112000000000000000000000002000000000000000000222200022 2
2 0 318773 485511 7 11 8 12 -1 -1 0000011010000000020000000000010000000000100000000020100000010100000112000000000000000000000002000000000000000000222200022 2
1 0 313133 485511 9 7 8 8 -1 -1 0000011010000000020000000000010000000000100000000000100000012100000112000000000000000000000002000000000000000000222200022 2
2 0 313133 481705 8 12 10 10 -1 -1 0000011010000000020000000000010000000000100000000000100000112100000012000000000000000000000002000000000000000000222200022 2
1 0 311946 481705 8 8 4 16 -1 -1 0000011010000000020000000000010000000000100000000000100000110100000012000000000200000000000002000000000000000000222200022 2
2 0 311946 477416 9 11 10 12 -1 -1 0000011010000000021000000000010000000000100000000000100000010100000012000000000200000000000002000000000000000000222200022 2
1 0 310267 477416 3 9 2 10 -1 -1 0000011010000000021000000000010000000000100000000000100000010100000010000000000220000000000002000000000000000000222200022 2
2 0 310267 473506 10 10 14 14 -1 -1 0001010010000000021000000000010000000000100000000000100000010100000010000000000220000000000002000000000000000000222200022 2
1 0 305870 473506 5 13 3 11 -1 -1 0001010010000000021000000000010000000000100000000000100000010100000010000000000020000000000002000000000000000000222202022 2
2 0 305870 471476 4 14 5 13 -1 -1 0001010110000000021000000000000000000000100000000000100000010100000010000000000020000000000002000000000000000000222202022 2
1 0 302719 471476 6 12 5 11 -1 -1 0001010110000000001000000000020000000000100000000000100000010100000010000000000020000000000002000000000000000000222202022 2
2 0 302719 469074 5 13 6 12 -1 -1 0001010110000000001000000000120000000000000000000000100000010100000010000000000020000000000002000000000000000000222202022 2
1 0 296910 469074 9 9 5 13 -1 -1 0001010110000000001000000000100000000000200000000000100000010100000010000000000020000000000002000000000000000000222202022 2
2 0 296910 466391 11 15 12 14 -1 -1 0001010110000000001000000000110000000000200000000000100000010100000000000000000020000000000002000000000000000000222202022 2
1 0 287895 466391 5 13 4 14 -1 -1 0001010110000000001000000000110000000000200000000000100000010100000000000000000020000000000000000000000002000000222202022 2
2 0 287895 464052 12 14 14 12 -1 -1 0001010110000000011000000000100000000000200000000000100000010100000000000000000020000000000000000000000002000000222202022 2
1 0 284070 464052 3 13 2 12 -1 -1 0001010110000000011000000000100000000000200000000000100000010100000000000000000020000000000000000000000000000000222222022 2
2 0 284070 462817 6 12 6 10 -1 -1 0001110100000000011000000000100000000000200000000000100000010100000000000000000020000000000000000000000000000000222222022 2
1 0 280092 462817 8 14 6 16 -1 -1 0001110100000000011000000000100000000002000000000000100000010100000000000000000020000000000000000000000000000000222222022 2
2 0 280092 461248 10 12 11 11 -1 -1 0001110100000000011000000000100000000002001000000000100000010000000000000000000020000000000000000000000000000000222222022 2
1 0 278793 461248 7 15 5 9 -1 -1 0001110100000000011000000000100000000002001000000000100000010000000000000000000000000000000200000000000000000000222222022 2
2 0 278793 459414 11 11 12 12 -1 -1 0001110100000000011000000001100000000002001000000000000000010000000000000000000000000000000200000000000000000000222222022 2
1 0 278652 459414 3 11 1 13 -1 -1 0001110100000000011000000001100000000002001000000000000000010000000000000000000000000000000000000000000020000000222222022 2
2 0 278652 458259 13 13 15 11 -1 -1 0011110000000000011000000001100000000002001000000000000000010000000000000000000000000000000000000000000020000000222222022 2
1 0 278595 458259 6 16 5 17 -1 -1 0011110000000000011000000001100000000002001000000000000000010000000000000000000000000000000000000000000020000000202222222 2
2 0 278595 457452 12 12 13 13 -1 -1 0011110000000000011000000001100100000002000000000000000000010000000000000000000000000000000000000000000020000000202222222 2
1 0 278562 457452 5 17 3 15 -1 -1 0011110000000000011000000001100100000002000000000000000000010000000000000000000000000000000000000000000000000000222222222 2
2 0 278562 456755 6 10 6 12 -1 -1 0011110001000000011000000001100000000002000000000000000000010000000000000000000000000000000000000000000000000000222222222 2
1 0 278417 456755 4 14 3 13 -1 -1 0011110001000000011000000001100000000000200000000000000000010000000000000000000000000000000000000000000000000000222222222 2
2 0 278417 456115 6 12 7 13 -1 -1 0011110011000000001000000001100000000000200000000000000000010000000000000000000000000000000000000000000000000000222222222 2
1 0 276058 456115 8 10 7 9 -1 -1 0011110011000000001000000001100000000000000000000002000000010000000000000000000000000000000000000000000000000000222222222 2
2 0 276058 455862 7 13 8 12 -1 -1 0011110011000000001000000001100000000000000000000102000000000000000000000000000000000000000000000000000000000000222222222 2
1 0 272673 455862 5 9 4 10 -1 -1 0011110011000000001000000001100000000000000000000100000000002000000000000000000000000000000000000000000000000000222222222 2
2 0 272673 455593 8 12 9 13 -1 -1 0011110011000001001000000000100000000000000000000100000000002000000000000000000000000000000000000000000000000000222222222 2
1 0 272096 455593 5 11 1 11 -1 -1 0011110011000001001000000000100000000000000000000100000000000000000000200000000000000000000000000000000000000000222222222 2
2 0 272096 455410 9 13 10 12 -1 -1 0111110011000001001000000000000000000000000000000100000000000000000000200000000000000000000000000000000000000000222222222 2
1 0 272011 455410 2 14 0 12 -1 -1 0111110011000001001000000000000000000000000000000100000000000000000000000000000020000000000000000000000000000000222222222 2
2 0 272011 455178 10 12 11 11 -1 -1 1111100011000001001000000000000000000000000000000100000000000000000000000000000020000000000000000000000000000000222222222 2
1 0 271995 455178 4 10 3 11 -1 -1 1111100011000001001000000000000000000000000000000100000000000000000000000000000000000000000200000000000000000000222222222 2
2 0 271995 454995 11 11 12 10 -1 -1 1111100111000000001000000000000000000000000000000100000000000000000000000000000000000000000200000000000000000000222222222 2
1 0 242005 454995 4 16 2 14 -1 -1 1111100111000000001000000000000000000000000000000100000000000000000000000000000000000000000000000000000200000000222222222 2
2 0 242005 454883 12 10 13 9 -1 -1 1111110111000000000000000000000000000000000000000100000000000000000000000000000000000000000000000000000200000000222222222 2
