1322289100000
artificialwintelligence
kingfish
1 0 599686 600000 14 12 12 10 -1 -1 2222222222000000000000000000000000000000000000000000000000000000000000000000000000000000000000000000000000000001111111111 2
2 0 599686 599921 2 14 4 12 -1 -1 2222222222000000000000000000000000000000000000000000000000000000000000000000000000000000000000000000000100000001111101111 2
1 0 599486 599921 13 11 11 9 -1 -1 2222202222000000200000000000000000000000000000000000000000000000000000000000000000000000000000000000000100000001111101111 2
2 0 599486 599920 0 12 4 16 -1 -1 2222202222000000200000000000000000000000000000000000000000000000000000000000000000000000001000000000000100000001011101111 2
1 0 599130 599920 12 10 10 8 -1 -1 0222202222000000202000000000000000000000000000000000000000000000000000000000000000000000001000000000000100000001011101111 2
2 0 599130 599919 2 12 4 10 -1 -1 0222202222000000202000000000000000000000000000000000000000000000000000000000001000000000001000000000000000000001011101111 2
1 0 598656 599919 14 10 10 6 -1 -1 0222002222000002202000000000000000000000000000000000000000000000000000000000001000000000001000000000000000000001011101111 2
2 0 598656 599918 3 9 5 11 -1 -1 0222002222000002202000000000000000000000000000000000000000000000000000000000011000000000001000000000000000000001011001111 2
1 0 598126 599918 10 6 9 5 -1 -1 0222000222000002202000000000200000000000000000000000000000000000000000000000011000000000001000000000000000000001011001111 2
2 0 598126 599917 1 11 3 9 -1 -1 0222000222000002202000000000200000000000000000000000000000000000001000000000001000000000001000000000000000000001011001111 2
1 0 597748 599917 16 12 8 4 -1 -1 0022002222000002202000000000200000000000000000000000000000000000001000000000001000000000001000000000000000000001011001111 2
2 0 597748 599772 3 11 5 13 -1 -1 0022002222000002202000000000200000000000000000000000000010000000001000000000001000000000001000000000000000000001011001110 2
1 0 597335 599772 14 14 10 6 -1 -1 0022002022000002202000000000220000000000000000000000000010000000001000000000001000000000001000000000000000000001011001110 2
2 0 597335 599771 3 15 5 9 -1 -1 0022002022000002202000000000220000000000000000000000000010000000001000000000011000000000001000000000000000000001011000110 2
1 0 596450 599771 11 9 7 5 -1 -1 0022002020000002202000000002220000000000000000000000000010000000001000000000011000000000001000000000000000000001011000110 2
2 0 596450 599770 2 10 6 10 -1 -1 0022002020000002202000000002220000000000000000010000000010000000001000000000011000000000000000000000000000000001011000110 2
1 0 595492 599770 15 13 14 14 -1 -1 0020002020000002202000000002220000000002000000010000000010000000001000000000011000000000000000000000000000000001011000110 2
2 0 595492 599769 4 10 6 12 -1 -1 0020002020000002202000000002220000000002000000010000000010000000001000000000011000000000000000000000000000000001011001100 2
1 0 594691 599769 10 8 8 6 -1 -1 0020002020000000202000000002220000000002200000010000000010000000001000000000011000000000000000000000000000000001011001100 2
2 0 594691 599768 5 9 7 11 -1 -1 0020002020000000202000000002220000000002200000010000000011000000001000000000010000000000000000000000000000000001011001100 2
1 0 594290 599768 8 4 6 6 -1 -1 0020002020000000202000000000220000000002200000010020000011000000001000000000010000000000000000000000000000000001011001100 2
2 0 594290 599579 4 12 6 14 -1 -1 0020002020000000202000000000220000000102200000010020000001000000001000000000010000000000000000000000000000000001011001100 2
1 0 593352 599579 7 5 5 7 -1 -1 0020002020000000002000000000220000000102220000010020000001000000001000000000010000000000000000000000000000000001011001100 2
2 0 593352 595554 7 11 8 10 -1 -1 0020002020000000002000000010220000000102220000000020000001000000001000000000010000000000000000000000000000000001011001100 2
1 0 592294 595554 6 6 2 10 -1 -1 0020002020000000002000000010220000000102220000000000000001020000001000000000010000000000000000000000000000000001011001100 2
2 0 592294 591240 5 13 9 9 -1 -1 0021002020000000002000000010220000000002220000000000000001020000001000000000010000000000000000000000000000000001011001100 2
1 0 591268 591240 10 6 8 4 -1 -1 0021002020000000002000000010200000000002220000000000000001020000001020000000010000000000000000000000000000000001011001100 2
2 0 591268 588326 6 12 7 13 -1 -1 0021002020000000002000000010200000000002220000000000000011020000001020000000000000000000000000000000000000000001011001100 2
1 0 590435 588326 15 11 14 12 -1 -1 0021002020000000002000000010200000000002020000000002000011020000001020000000000000000000000000000000000000000001011001100 2
2 0 590435 585698 6 14 10 10 -1 -1 0021002020000000002000000010200000000002020000000002000011020000001020000000000000000000000000000000000000000001011011000 2
1 0 588710 585698 14 12 12 14 -1 -1 0021002020000000002000000010200000000002000000000002000011020000001020000000000200000000000000000000000000000001011011000 2
2 0 588710 582134 5 11 11 9 -1 -1 0021002020000000002000000010200000000002000000000002000011020000001020000000000200000000000000000000000001000001011001000 2
1 0 587857 582134 13 13 11 15 -1 -1 0021002020000000002000000010000000000002000000000002000011020000001020000000000200000000002000000000000001000001011001000 2
2 0 587857 579353 8 10 12 10 -1 -1 0021002020000000002000000010000000000002000000000002000011020000001020000000000200000000002001000000000001000001001001000 2
1 0 586014 579353 12 14 10 16 -1 -1 0021002020000000002000000010000000000002000000000002000011000000001020000000000200000000002001000000000201000001001001000 2
2 0 586014 576227 10 10 14 10 -1 -1 0021002020000000002000000010000000000002000000000002000011000000001020000000000200100000002001000000000200000001001001000 2
1 0 584820 576227 14 14 10 18 -1 -1 0021002020000000002000000010000000000002000000000002000011000000001020000000000000100000002001000000000200000001001201000 2
2 0 584820 574940 1 13 2 14 -1 -1 0021002020000000002000000010000000000002000000000002000011000000001020000000000000110000002001000000000200000001001200000 2
1 0 583534 574940 13 9 11 7 -1 -1 0001022020000000002000000010000000000002000000000002000011000000001020000000000000110000002001000000000200000001001200000 2
2 0 583534 573383 2 14 4 12 -1 -1 0001022020000000002000000010000000000002000000000002000011000000001020000000000000110000012001000000000200000000001200000 2
1 0 582465 573383 13 15 12 16 -1 -1 0001002020000000202000000010000000000002000000000002000011000000001020000000000000110000012001000000000200000000001200000 2
2 0 582465 570219 11 9 13 11 -1 -1 0001002020000000202000000010000000000002000000000002000011000000001020000000000000110000012001000000000200100000000200000 2
1 0 581531 570219 10 18 9 19 -1 -1 0001002020000000202000000010000000000002000000000002000011000000001020000000000000110000010001000000000200100000200200000 2
2 0 581531 568274 3 13 7 9 -1 -1 0001002020000000202000000010000000000002000000000002000011000000001020000100000000100000010001000000000200100000200200000 2
1 0 580732 568274 9 5 5 9 -1 -1 0001002000000000202000000010000000000002000000000202000011000000001020000100000000100000010001000000000200100000200200000 2
2 0 580732 565523 6 10 10 10 -1 -1 0001002000000000202000000011000000000002000000000202000011000000000020000100000000100000010001000000000200100000200200000 2
1 0 579858 565523 12 16 8 20 -1 -1 0001002000000000202000000011000000000000000000000202000011000000000020000100000200100000010001000000000200100000200200000 2
2 0 579858 561881 7 9 8 10 -1 -1 0001002000000000202000000011000000000000000000000202000011000000100020000100000200100000010001000000000200000000200200000 2
1 0 579124 561881 11 7 10 8 -1 -1 0001002000000000202000000011000000000000000000000002000011020000100020000100000200100000010001000000000200000000200200000 2
2 0 579124 559023 9 9 13 13 -1 -1 0001002000000000202000000011000000000000000000000002000011020000100020000100001200100000000001000000000200000000200200000 2
1 0 577051 559023 5 7 3 13 -1 -1 0001002000000000202000000011000000000000000000000002000011020000100000000100001200100000000001000000000200000000220200000 2
2 0 577051 555517 8 10 9 9 -1 -1 0001002010000000202000000001000000000000000000000002000011020000100000000100001200100000000001000000000200000000220200000 2
1 0 575902 555517 11 15 7 19 -1 -1 0001002010000000202000000001000000000000000000000002000011000000100020000100001200100000000001000000000200000000220200000 2
2 0 575902 552791 9 9 15 11 -1 -1 0001002010000000202000000001000000000000000000000002001011000000100020000100001200100000000000000000000200000000220200000 2
1 0 574609 552791 10 8 9 7 -1 -1 0001002010000000202000000001000000000000000000000002001011000000100000000100001200100000000000000000000200000000220200200 2
2 0 574609 550452 4 16 5 15 -1 -1 0001002010000000202000000001000000000000000000000002001011000000100100000100000200100000000000000000000200000000220200200 2
1 0 573891 550452 9 7 7 5 -1 -1 0001002010000000200000000001002000000000000000000002001011000000100100000100000200100000000000000000000200000000220200200 2
2 0 573891 548493 5 15 5 13 -1 -1 0001002010000000200000000001002000000000000000010002001011000000100000000100000200100000000000000000000200000000220200200 2
1 0 572751 548493 5 9 4 8 -1 -1 0001002010000000200000000001020000000000000000010002001011000000100000000100000200100000000000000000000200000000220200200 2
2 0 572751 545849 4 12 8 12 -1 -1 0001002010000010200000000000020000000000000000010002001011000000100000000100000200100000000000000000000200000000220200200 2
1 0 572323 545849 8 4 6 6 -1 -1 0001002010000010000000000000020000000000000000010002001011002000100000000100000200100000000000000000000200000000220200200 2
2 0 572323 542681 7 13 11 9 -1 -1 0001002010000010000000000000020000000100000000010002001001002000100000000100000200100000000000000000000200000000220200200 2
1 0 571117 542681 10 16 9 17 -1 -1 0001002010000010000000000000020000000100000000010000001001002000100000000100000200100000002000000000000200000000220200200 2
2 0 571117 539990 10 10 14 14 -1 -1 0001002010000010000000000000020000000100000000010000001001002000100000001100000200000000002000000000000200000000220200200 2
1 0 570638 539990 9 19 7 17 -1 -1 0001002010000010000000000000020000000100000000010000001001002000100000001100000000000000002000000000000200000000220202200 2
2 0 570638 537135 12 10 14 12 -1 -1 0001002010000010000000000000020000000100000000010000011001002000100000001000000000000000002000000000000200000000220202200 2
1 0 570115 537135 9 17 8 16 -1 -1 0001002010000010000000000000020000000100000000010000011001002000100000001000000000000000002000000000000000000000220222200 2
2 0 570115 534619 11 9 12 8 -1 -1 0001002010000010000000000000020000000100000000010000011001002010100000000000000000000000002000000000000000000000220222200 2
1 0 569657 534619 2 10 1 11 -1 -1 0001002010000010000000000000020000000100000000010000011001002010100000000000000000000000000000000000002000000000220222200 2
2 0 569657 532969 5 13 6 12 -1 -1 0100002010000010000000000000020000000100000000010000011001002010100000000000000000000000000000000000002000000000220222200 2
1 0 568877 532969 4 8 0 12 -1 -1 0100002010000010000000000000000000000100200000010000011001002010100000000000000000000000000000000000002000000000220222200 2
2 0 568877 532109 3 9 4 10 -1 -1 1100002010000000000000000000000000000100200000010000011001002010100000000000000000000000000000000000002000000000220222200 2
1 0 568378 532109 7 5 5 7 -1 -1 1100000010000002000000000000000000000100200000010000011001002010100000000000000000000000000000000000002000000000220222200 2
2 0 568378 531391 4 10 5 11 -1 -1 1100000010000002000000000010000000000100200000000000011001002010100000000000000000000000000000000000002000000000220222200 2
1 0 567793 531391 8 16 6 18 -1 -1 1100000010000000000000000010200000000100200000000000011001002010100000000000000000000000000000000000002000000000220222200 2
2 0 567793 530648 5 11 9 11 -1 -1 1100000010000000000000000010200000000100200100000000011001002000100000000000000000000000000000000000002000000000220222200 2
1 0 567276 530648 6 18 5 17 -1 -1 1100000010000000000000000010000000000100200100000000011001002000100002000000000000000000000000000000002000000000220222200 2
2 0 567276 530025 6 12 7 11 -1 -1 1100000010000000000000000010000100000100200000000000011001002000100002000000000000000000000000000000002000000000220222200 2
1 0 566644 530025 8 20 4 16 -1 -1 1100000010000000000000000010000100000100000000000020011001002000100002000000000000000000000000000000002000000000220222200 2
2 0 566644 528856 9 11 10 12 -1 -1 1100000010000000001000000010000100000100000000000020011001002000000002000000000000000000000000000000002000000000220222200 2
1 0 566015 528856 3 13 2 14 -1 -1 1100000010000000001000000010000100000100000000000020011001002000000000000000000020000000000000000000002000000000220222200 2
2 0 566015 528194 7 11 11 11 -1 -1 1100010000000000001000000010000100000100000000000020011001002000000000000000000020000000000000000000002000000000220222200 2
1 0 564873 528194 8 6 7 5 -1 -1 1100010000000000001000000010000100000100000000000000011001002000000000000000000020000000000200000000002000000000220222200 2
2 0 564873 527152 8 12 9 13 -1 -1 1100010000000000001000000010000100000100000000010000011000002000000000000000000020000000000200000000002000000000220222200 2
1 0 564272 527152 6 6 4 8 -1 -1 1100010000000000001000000010000100000100000000010000011000000000000000200000000020000000000200000000002000000000220222200 2
2 0 564272 526113 11 11 12 10 -1 -1 1100010000000010001000000010000100000000000000010000011000000000000000200000000020000000000200000000002000000000220222200 2
1 0 564016 526113 5 7 3 9 -1 -1 1100010000000010001000000010000100000000000000010000011000000000000000200000000020000000000000000000002200000000220222200 2
2 0 564016 525530 9 13 13 9 -1 -1 1100011000000010001000000000000100000000000000010000011000000000000000200000000020000000000000000000002200000000220222200 2
1 0 563814 525530 4 8 2 10 -1 -1 1100011000000010001000000000000100000000000000010000011000000000000000000000000020000000000000000000002200000002220222200 2
2 0 563814 525208 10 12 11 13 -1 -1 1101011000000000001000000000000100000000000000010000011000000000000000000000000020000000000000000000002200000002220222200 2
1 0 563568 525208 7 5 6 6 -1 -1 1101011000000000001000000000000100000000000000010000011000000000000000000000000000000000000020000000002200000002220222200 2
2 0 563568 524753 11 13 12 14 -1 -1 1101011000000000001000000000000100000100000000000000011000000000000000000000000000000000000020000000002200000002220222200 2
1 0 563425 524753 7 17 6 18 -1 -1 1101011000000000001000000000000100000100000000000000011000000000000000000000000000000000000000000000002202000002220222200 2
2 0 563425 524418 12 14 13 15 -1 -1 1101011000000000001000000000000100000100000100000000001000000000000000000000000000000000000000000000002202000002220222200 2
1 0 563240 524418 5 17 1 13 -1 -1 1101011000000000001000000000000100000100000100000000001000000000000000000000000000000000000000000000002200000002222222200 2
2 0 563240 524192 12 8 12 12 -1 -1 1111011000000000001000000000000000000100000100000000001000000000000000000000000000000000000000000000002200000002222222200 2
1 0 563077 524192 6 6 5 7 -1 -1 1111011000000000001000000000000000000100000100000000001000000000000000000000000000000000000000000000000220000002222222200 2
2 0 563077 523925 13 15 15 13 -1 -1 1111011000000000001000000010000000000000000100000000001000000000000000000000000000000000000000000000000220000002222222200 2
1 0 562857 523925 7 19 3 15 -1 -1 1111011000000000001000000010000000000000000100000000001000000000000000000000000000000000000000000000000220000002220222220 2
2 0 562857 523717 14 10 16 12 -1 -1 1111011001000000001000000010000000000000000100000000000000000000000000000000000000000000000000000000000220000002220222220 2
1 0 562693 523717 5 7 4 8 -1 -1 1111011001000000001000000010000000000000000100000000000000000000000000000000000000000000000000000000000220000002220022222 2
2 0 562693 523511 12 10 12 14 -1 -1 1111011001000010001000000000000000000000000100000000000000000000000000000000000000000000000000000000000220000002220022222 2
1 0 562511 523511 3 15 3 13 -1 -1 1111011001000010001000000000000000000000000100000000000000000000000000000000000000000000000000000000000022000002220022222 2
2 0 562511 523259 12 14 13 15 -1 -1 1111011010000010001000000000000000000000000100000000000000000000000000000000000000000000000000000000000022000002220022222 2
1 0 562308 523259 6 18 5 17 -1 -1 1111011010000010001000000000000000000000000100000000000000000000000000000000000000000000000000000000000020000002222022222 2
2 0 562308 523121 12 12 14 10 -1 -1 1111011010000010001000000000000100000000000000000000000000000000000000000000000000000000000000000000000020000002222022222 2
