1322295135000
artificialwintelligence
kingfish
1 0 599625 600000 14 12 12 10 -1 -1 2222222222000000000000000000000000000000000000000000000000000000000000000000000000000000000000000000000000000001111111111 2
2 0 599625 599919 2 14 4 12 -1 -1 2222222222000000000000000000000000000000000000000000000000000000000000000000000000000000000000000000000100000001111101111 2
1 0 599109 599919 13 11 11 9 -1 -1 2222202222000000200000000000000000000000000000000000000000000000000000000000000000000000000000000000000100000001111101111 2
2 0 599109 599918 0 12 4 16 -1 -1 2222202222000000200000000000000000000000000000000000000000000000000000000000000000000000001000000000000100000001011101111 2
1 0 598279 599918 14 14 12 8 -1 -1 0222202222000000202000000000000000000000000000000000000000000000000000000000000000000000001000000000000100000001011101111 2
2 0 598279 599917 2 12 4 10 -1 -1 0222202222000000202000000000000000000000000000000000000000000000000000000000000000000000001000000000001100000001011100111 2
1 0 597906 599917 12 10 10 8 -1 -1 0222002222000002202000000000000000000000000000000000000000000000000000000000000000000000001000000000001100000001011100111 2
2 0 597906 599916 3 9 5 11 -1 -1 0222002222000002202000000000000000000000000000000000000000000000000000000000001000000000001000000000001000000001011100111 2
1 0 597158 599916 13 9 9 9 -1 -1 0222000222000002202000000000200000000000000000000000000000000000000000000000001000000000001000000000001000000001011100111 2
2 0 597158 599915 1 11 3 9 -1 -1 0222000222000002202000000000200000000000000000000000000000000000000010000000001000000000001000000000001000000000011100111 2
1 0 595567 599915 16 12 12 16 -1 -1 0022002222000002202000000000200000000000000000000000000000000000000010000000001000000000001000000000001000000000011100111 2
2 0 595567 599768 3 11 5 13 -1 -1 0022002222000002202000000000200000000000000000000000000000000000000010000000001000000000001000000000001000100000011100110 2
1 0 593166 599768 12 8 8 8 -1 -1 0022002022000002202000000000220000000000000000000000000000000000000010000000001000000000001000000000001000100000011100110 2
2 0 593166 599767 3 15 5 9 -1 -1 0022002022000002202000000000220000000000000000000000000000100000000010000000001000000000001000000000000000100000011100110 2
1 0 591203 599767 11 9 7 9 -1 -1 0022002020000002202000000002220000000000000000000000000000100000000010000000001000000000001000000000000000100000011100110 2
2 0 591203 595531 4 10 8 10 -1 -1 0022002020000002202000000002220000000000000000000100000000100000000010000000001000000000000000000000000000100000011100110 2
1 0 589004 595531 15 13 14 14 -1 -1 0022002020000000202000000002220000000000000000000100000000120000000010000000001000000000000000000000000000100000011100110 2
2 0 589004 592654 2 10 6 10 -1 -1 0022002020000000202000000002220000000000000000000100000000120000000010000000001000000000000000000000000000100000011101100 2
1 0 587402 592654 15 11 13 9 -1 -1 0020002020000000202000000002220000000002000000000100000000120000000010000000001000000000000000000000000000100000011101100 2
2 0 587402 590369 1 13 2 12 -1 -1 0020002020000000202000000002220000000002000000000100000000120000000010000000001000000000000000000000000000100001011101000 2
1 0 585967 590369 14 10 13 11 -1 -1 0000202020000000202000000002220000000002000000000100000000120000000010000000001000000000000000000000000000100001011101000 2
2 0 585967 586242 4 12 6 14 -1 -1 0000202020000000202000000002220000000002000000000100000000120000000010000000001000000000000000000000000000100001111001000 2
1 0 584797 586242 7 9 6 8 -1 -1 0000202020000000002000000002220000000002020000000100000000120000000010000000001000000000000000000000000000100001111001000 2
2 0 584797 577996 5 11 9 7 -1 -1 0000202020000000002000000002220000000012020000000000000000120000000010000000001000000000000000000000000000100001111001000 2
1 0 583252 577996 9 9 7 11 -1 -1 0000202020000000002000000002020000000012020000000000000000120000000210000000001000000000000000000000000000100001111001000 2
2 0 583252 571633 5 9 11 7 -1 -1 0000202020000000002000000002020000000012020000000010000000120000000200000000001000000000000000000000000000100001111001000 2
1 0 581227 571633 14 14 12 8 -1 -1 0000202020000000002000000000020000000012020000000010000000120000000200000000001000000000020000000000000000100001111001000 2
2 0 581227 565673 6 10 8 12 -1 -1 0000202020000000002000000000020000000012020000000010000000120000000200000000001000000000020000000000001000100001111000000 2
1 0 578648 565673 10 8 9 9 -1 -1 0000202020000000002000000000020000000010020000000010000000122000000200000000001000000000020000000000001000100001111000000 2
2 0 578648 558447 8 10 14 12 -1 -1 0000202020000000002000000000020000000010020000000010000000122000000210000000000000000000020000000000001000100001111000000 2
1 0 574606 558447 9 9 5 9 -1 -1 0000202020000000002000000000020000000010020000000010000000102000000210000000000000000000020000000000001000100001111020000 2
2 0 574606 552042 2 12 12 10 -1 -1 0000202020000000002000000001020000000010020000000010000000102000000200000000000000000000020000000000001000100001111020000 2
1 0 571564 552042 13 15 11 17 -1 -1 0000002020000000002000000001020000000010020000000010000000102000000200000000000000000000020000000000001200100001111020000 2
2 0 571564 537704 4 16 4 14 -1 -1 0000002020000000002000000001020000000010020000000010000000102000000200000000000000000000020000100000001200100001110020000 2
1 0 568975 537704 11 17 10 16 -1 -1 0000002020000000020000000001020000000010020000000010000000102000000200000000000000000000020000100000001200100001110020000 2
2 0 568975 531124 3 13 9 11 -1 -1 0000002020000000020000000001020000000010020000000010000000102000000200000000000000100000020000000000001200100001110020000 2
1 0 565617 531124 13 11 9 15 -1 -1 0000002000000000020000000001020000000010020000000010000000102000000202000000000000100000020000000000001200100001110020000 2
2 0 565617 520723 4 14 10 8 -1 -1 0000002000000000020000000001020000000010020000000010000000102000000202010000000000100000020000000000001200100001010020000 2
1 0 562136 520723 10 16 4 14 -1 -1 0000002000000000000000000001020000000010020000000010000000102000000202010000002000100000020000000000001200100001010020000 2
2 0 562136 507428 9 7 15 13 -1 -1 0000002000000000010000000001020000000010020000000010000000102000000202010000002000000000020000000000001200100001010020000 2
1 0 558096 507428 13 9 11 11 -1 -1 0000002000000000010000000001020000000010020000000010000000102000000002010000002000000000020000000000001200100001010020020 2
2 0 558096 489697 5 13 7 15 -1 -1 0000002000000000010000000001020000000010020000000010000000102000000002010000002000000000020100000000001200100000010020020 2
1 0 552245 489697 13 13 12 12 -1 -1 0000002000000000010000000001000000000010020000000010200000102000000002010000002000000000020100000000001200100000010020020 2
2 0 552245 475255 9 11 13 11 -1 -1 0000002000000000010000000001000000000010020000000010200000102000000002010000002000000000020100000000001210100000000020020 2
1 0 549264 475255 12 12 11 13 -1 -1 0000002000000000010000000001000000000010020000000010200000102000000000010000002000000000020100000000001210100000200020020 2
2 0 549264 467034 6 14 16 12 -1 -1 0000002000000000010000000001000000000010020000000010200000102000000000010000002000000000020110000000001200100000200020020 2
1 0 545515 467034 12 8 6 14 -1 -1 0000002000000000010000000001000000000010000000000010200000102000000000010000002000000000020110000000001200100000200020022 2
2 0 545515 458714 10 8 12 6 -1 -1 0000002000000000010000000001000000000010010000000010200000102000000000010000002000000000020110000000000200100000200020022 2
1 0 542060 458714 11 13 11 15 -1 -1 0000002000000000010000000001000000000010010000000010200000102000000000010000000000000000020110000000020200100000200020022 2
2 0 542060 454548 12 6 12 8 -1 -1 0000002000000000010000000001000000000010010000000010200000102000000000010000000000000000020101000000020200100000200020022 2
1 0 539229 454548 12 16 8 16 -1 -1 0000002000000000010000000001000000000010010000000010200000102000000000010000000000000000020101000000002200100000200020022 2
2 0 539229 448744 7 15 9 17 -1 -1 0000002000000000010000000001000000000010010000000010200000102010000000010000000000000000020101000000002200000000200020022 2
1 0 536580 448744 6 14 6 16 -1 -1 0000002000000000010000000001000000000010010000000010000000102010000000012000000000000000020101000000002200000000200020022 2
2 0 536580 442807 11 7 13 13 -1 -1 0000002000000000010000000001000000000010001000000010000000102010000000012000000000000000020101000000002200000000200020022 2
1 0 531537 442807 11 15 10 16 -1 -1 0000002000000000010000000001000000000010001000000010000000102010000000012000000000000000000101000000002200000000220020022 2
2 0 531537 438479 8 12 9 13 -1 -1 0000002000000000010000000001000000000010001000000010000000102010000000012000000000100000000100000000002200000000220020022 2
1 0 529417 438479 11 11 10 10 -1 -1 0000002000000000010000000001000000000010001000000010000000100010000000212000000000100000000100000000002200000000220020022 2
2 0 529417 433133 12 8 14 14 -1 -1 0000002000000000010000000001000000000010001000000010000000100010000000212000000100100000000000000000002200000000220020022 2
1 0 527604 433133 10 16 8 14 -1 -1 0000002000000000010000000001000000000010001000000010000000100010000000212000000100100000000000000000000200000000220022022 2
2 0 527604 429939 3 9 4 8 -1 -1 0000002000000000010000000001000000000010001000000010000000100110000000212000000100000000000000000000000200000000220022022 2
1 0 525051 429939 9 15 3 9 -1 -1 0000000000000020010000000001000000000010001000000010000000100110000000212000000100000000000000000000000200000000220022022 2
2 0 525051 426935 4 8 10 14 -1 -1 0000001000000020010000000001000000000010001000000010000000100110000000202000000100000000000000000000000200000000220022022 2
1 0 522496 426935 10 10 9 11 -1 -1 0000001000000000010000000001000000000010001000000010000000100110000000202000000102000000000000000000000200000000220022022 2
2 0 522496 425117 9 13 11 15 -1 -1 0000001000000000010000000001000000000010001000000010000000100110000001202000000002000000000000000000000200000000220022022 2
1 0 520847 425117 9 11 8 12 -1 -1 0000001000000000010000000001000000000010001000000010000000100110000001002000000002000000000002000000000200000000220022022 2
2 0 520847 422585 11 15 11 13 -1 -1 0000001000000000010000000001000000000010001000000010000000101110000000002000000002000000000002000000000200000000220022022 2
1 0 519015 422585 8 12 2 10 -1 -1 0000001000000000010000000001000000000010001000000010000000101110000000002000000002000000000020000000000200000000220022022 2
2 0 519015 420236 9 17 13 9 -1 -1 0001001000000000010000000001000000000010001000000010000000100110000000002000000002000000000020000000000200000000220022022 2
1 0 516774 420236 2 10 1 11 -1 -1 0001001000000000010000000001000000000010001000000010000000100110000000000000000002000000000020000000000200000002220022022 2
2 0 516774 418309 10 14 14 10 -1 -1 0100001000000000010000000001000000000010001000000010000000100110000000000000000002000000000020000000000200000002220022022 2
1 0 515862 418309 8 16 0 12 -1 -1 0100001000000000010000000001000000000010001000000010000000100110000000000000000000000000000020000000000200000002220222022 2
2 0 515862 417521 11 13 12 14 -1 -1 1100001000000000010000000001000000000010001000000010000000100100000000000000000000000000000020000000000200000002220222022 2
1 0 515296 417521 8 14 8 12 -1 -1 1100001000000000010000000001000000000010001000000010000000100100000000000000000000000000000000000000000202000002220222022 2
2 0 515296 416866 12 14 13 15 -1 -1 1100001000000000010000000001000000000010001000000010000000101000000000000000000000000000000000000000000202000002220222022 2
1 0 514835 416866 8 12 2 10 -1 -1 1100001000000000010000000001000000000010001000000010000000101000000000000000000000000000000000000000000200000002222222022 2
2 0 514835 416538 12 10 12 12 -1 -1 1101001000000000010000000001000000000010001000000010000000100000000000000000000000000000000000000000000200000002222222022 2
1 0 514575 416538 7 11 7 9 -1 -1 1101001000000000010000000001000000000010001000000010000000100000000000000000000000000000000000000000000020000002222222022 2
2 0 514575 416168 13 9 15 11 -1 -1 1101001000000000010000000001000000000010001000000100000000100000000000000000000000000000000000000000000020000002222222022 2
1 0 514111 416168 8 8 4 8 -1 -1 1101001000000000010000000001000000000010001000000100000000100000000000000000000000000000000000000000000020000000222222222 2
2 0 514111 415974 14 10 13 9 -1 -1 1101001000000010010000000001000000000010001000000100000000000000000000000000000000000000000000000000000020000000222222222 2
1 0 513663 415974 7 9 5 7 -1 -1 1101001000000010010000000001000000000010001000000100000000000000000000000000000000000000000000000000000020000002222022222 2
2 0 513663 415735 12 12 14 10 -1 -1 1101001000000010010000000011000000000010001000000000000000000000000000000000000000000000000000000000000020000002222022222 2
