1322296018000
robotdowneyjr
kingfish
1 0 599997 600000 14 14 12 12 -1 -1 2222222222000000000000000000000000000000000000000000000000000000000000000000000000000000000000000000000000000001111111111 2
2 0 599997 599825 2 14 4 12 -1 -1 2222222222000000000000000000000000000000000000000000000000000000000000000000000000000000000000000000000010000001111110111 2
1 0 599997 599825 16 12 12 16 -1 -1 2222202222000000200000000000000000000000000000000000000000000000000000000000000000000000000000000000000010000001111110111 2
2 0 599997 599824 0 12 4 16 -1 -1 2222202222000000200000000000000000000000000000000000000000000000000000000000000000000000000000000000000010100001111110110 2
1 0 599997 599824 14 12 12 14 -1 -1 0222202222000000202000000000000000000000000000000000000000000000000000000000000000000000000000000000000010100001111110110 2
2 0 599997 599823 3 11 5 13 -1 -1 0222202222000000202000000000000000000000000000000000000000000000000000000000000000000000000000000000000011100001111100110 2
1 0 599997 599823 14 10 12 8 -1 -1 0222202022000000202000000000020000000000000000000000000000000000000000000000000000000000000000000000000011100001111100110 2
2 0 599997 599822 2 12 6 12 -1 -1 0222202022000000202000000000020000000000000000000000000000000000000000000000000000000000000000000000001011100001111000110 2
1 0 599997 599822 13 15 11 13 -1 -1 0222002022000000202000000000020000000000200000000000000000000000000000000000000000000000000000000000001011100001111000110 2
2 0 599997 599821 3 13 7 13 -1 -1 0222002022000000202000000000020000000000200000000000000000000000000000000000000000000000000010000000001011100001110000110 2
1 0 599997 599821 13 13 11 11 -1 -1 0222002002000000202000000000020000000000200000000002000000000000000000000000000000000000000010000000001011100001110000110 2
2 0 599997 599635 4 12 8 12 -1 -1 0222002002000000202000000000020000000000200000000002000000000000000000000000000000000000000110000000001011100001100000110 2
1 0 599996 599635 13 9 11 15 -1 -1 0222002002000000002000000000020000000000200000000002000000002000000000000000000000000000000110000000001011100001100000110 2
2 0 599996 599634 5 13 9 13 -1 -1 0222002002000000002000000000020000000000200000000002000000002000000000000000000000000000000111000000001011100000100000110 2
1 0 599996 599634 12 14 8 10 -1 -1 0222002002000000002000000000000000000000200000000002000000002000000000200000000000000000000111000000001011100000100000110 2
2 0 599996 592384 6 12 14 12 -1 -1 0222002002000000002000000000000000000000200000000002000000012000000000200000000000000000000111000000001010100000100000110 2
1 0 599994 592384 15 11 11 7 -1 -1 0222002002000000002000000000000000000000000000000002000000012000000000200000000000000000000111000000001010100000100020110 2
2 0 599994 587293 3 9 4 10 -1 -1 0222002002000000002000000000000000000000000000000002000000012000000000200000000000000000010111000000001010100000100020010 2
1 0 599994 587293 12 12 10 14 -1 -1 0222000002000002002000000000000000000000000000000002000000012000000000200000000000000000010111000000001010100000100020010 2
2 0 599994 584334 1 11 5 11 -1 -1 0222000002000002002000000000000000000000000000000002000000012000000000200000000001000000010111000000001000100000100020010 2
1 0 599994 584334 11 13 7 9 -1 -1 0022000002000002002000000000200000000000000000000002000000012000000000200000000001000000010111000000001000100000100020010 2
2 0 599994 572947 4 10 12 14 -1 -1 0022000002000002002000000000200000000000000000000102000000012000000000200000000001000000010101000000001000100000100020010 2
1 0 599993 572947 8 10 4 10 -1 -1 0022000002000000002000000000200000000000000000000102000000012000000000200000000001000000010101000000001002100000100020010 2
2 0 599993 560237 3 15 4 14 -1 -1 0022000002000001002000000000200000000000000000000102000000002000000000200000000001000000010101000000001002100000100020010 2
1 0 599993 560237 12 16 10 10 -1 -1 0022000000000001022000000000200000000000000000000102000000002000000000200000000001000000010101000000001002100000100020010 2
2 0 599993 547840 4 16 8 8 -1 -1 0022000000000001022000000000200000000000000000000102000000002000000000200000000101000000010101000000001002000000100020010 2
1 0 599993 547840 11 11 7 11 -1 -1 0022000000000001020000000000200000000000000000000102000000202000000000200000000101000000010101000000001002000000100020010 2
2 0 599993 535228 2 10 2 12 -1 -1 0022000000000001020000000000200000000000000000000112000000202000000000200000000101000000010001000000001002000000100020010 2
1 0 599993 535228 12 8 10 6 -1 -1 0020200000000001020000000000200000000000000000000112000000202000000000200000000101000000010001000000001002000000100020010 2
2 0 599993 527730 1 13 5 13 -1 -1 0020200000000001020000000000200000000000000000000112000000202000000000200000010101000000010001000000000002000000100020010 2
1 0 599993 527730 11 7 9 5 -1 -1 0000200000000001020000000000220000000000000000000112000000202000000000200000010101000000010001000000000002000000100020010 2
2 0 599993 512213 7 13 13 15 -1 -1 0000200000000001020000000000220000000000000000000112000000202000001000200000010101000000000001000000000002000000100020010 2
1 0 599993 512213 10 6 8 4 -1 -1 0000200000000001020000000000220000000000000000000110000000202000001000200000010101000000000001000000000002000000102020010 2
2 0 599993 496548 4 14 10 12 -1 -1 0000200000000001020000000000220000000000000000000110000010202000001000200000000101000000000001000000000002000000102020010 2
1 0 599993 496548 9 5 7 3 -1 -1 0000200000000001000000000000220000000000000000000110000010202000001000200000000121000000000001000000000002000000102020010 2
2 0 599993 488051 5 13 6 12 -1 -1 0000200000000001000000000000220000000000000000100110000010202000000000200000000121000000000001000000000002000000102020010 2
1 0 599993 488051 7 11 1 13 -1 -1 0000200000000001000000000000200000000000200000100110000010202000000000200000000121000000000001000000000002000000102020010 2
2 0 599993 482755 5 11 11 9 -1 -1 0010200000000001000000000000200000000000200000100100000010202000000000200000000121000000000001000000000002000000102020010 2
1 0 599993 482755 8 4 6 2 -1 -1 0010200000000001000000000000000000000000200000100100000010202000000000200000000121000000002001000000000002000000102020010 2
2 0 599993 477252 6 12 7 13 -1 -1 0010200000000001000000000000000000010000200000100100000000202000000000200000000121000000002001000000000002000000102020010 2
1 0 599992 477252 7 3 5 1 -1 -1 0010200000000001000000000000000000010000000000100102000000202000000000200000000121000000002001000000000002000000102020010 2
2 0 599992 471088 12 14 13 13 -1 -1 0010200000000001000000010000000000010000000000000102000000202000000000200000000121000000002001000000000002000000102020010 2
1 0 599991 471088 6 2 4 0 -1 -1 0010200000000001000000010000000000010000000000000102000000202000000000200000000121000000002001000000000000000000122020010 2
2 0 599991 465207 10 12 12 10 -1 -1 0010200000100001000000010000000000000000000000000102000000202000000000200000000121000000002001000000000000000000122020010 2
1 0 599991 465207 15 13 14 14 -1 -1 0010200000100001000000010000000000000000000000000102000000202000000000200000000101000000002001000000000200000000122020010 2
2 0 599991 460473 7 13 11 13 -1 -1 0010200000100001000000010000000000000000000000000102000000202000000000200000000101000000002001000000000200000000122021000 2
1 0 599990 460473 11 15 7 11 -1 -1 0010200000100001000000010000000000000000000000000100000000202000000000200000000101000000002021000000000200000000122021000 2
2 0 599990 454988 9 13 13 9 -1 -1 0010200000100001000000010000000000000000000000000110000000202000000000200000000101000000002020000000000200000000122021000 2
1 0 599990 454988 14 14 12 12 -1 -1 0010200000100001000000010000000000000000000000000110000000202000000000000000000101000000002020000000000200000002122021000 2
2 0 599990 451704 2 12 3 11 -1 -1 0010200000100001000000010000000000000000000000000110000000202000000000000000000101000000002020000000000210000002122020000 2
1 0 599990 451704 4 10 2 12 -1 -1 0010000200100001000000010000000000000000000000000110000000202000000000000000000101000000002020000000000210000002122020000 2
2 0 599990 448444 3 11 4 12 -1 -1 0010100200100000000000010000000000000000000000000110000000202000000000000000000101000000002020000000000210000002122020000 2
1 0 599990 448444 12 12 11 11 -1 -1 0010100000100000200000010000000000000000000000000110000000202000000000000000000101000000002020000000000210000002122020000 2
2 0 599990 443270 8 12 8 10 -1 -1 0010100000100000200000010000000000000000000000000110000000202000000000000000000101000000002120000000000200000002122020000 2
1 0 599990 443270 11 11 7 7 -1 -1 0010100000100000200000010000000000000000000000000110000000220000000000000000000101000000002120000000000200000002122020000 2
2 0 599990 439020 8 10 9 9 -1 -1 0010100000100000200000010000000000000000000000001110000000220000000000000000000101000000002020000000000200000002122020000 2
1 0 599990 439020 13 11 12 12 -1 -1 0010100000100000200000010000000000000000000000001110000000200000000020000000000101000000002020000000000200000002122020000 2
2 0 599990 432793 11 9 15 13 -1 -1 0010100000100000200000010000000000000000000000001110000000200000000020000000000101000000002020000000000210000002022020000 2
1 0 599990 432793 12 12 11 11 -1 -1 0010100000100000200000010000000000000000000000001110000000200000000020000000000101000000000020000000000210000002022020020 2
2 0 599990 428527 11 13 13 11 -1 -1 0010100000100000200000010000000000000000000000001110000000200000000020000000000101000000000120000000000200000002022020020 2
1 0 599990 428527 11 11 10 12 -1 -1 0010100000100000200000010000000000000000000000001110000000200000000020000000000101000000000100000000000200000002222020020 2
2 0 599990 424801 9 9 11 11 -1 -1 0010100000100000200000010000000000000000000000001110000000200000000020000000000111000000000000000000000200000002222020020 2
1 0 599990 424801 10 12 9 13 -1 -1 0010100000100000200000010000000000000000000000001110000000200000000000000000000111000000000200000000000200000002222020020 2
2 0 599990 423057 11 11 12 12 -1 -1 0010100000100000200000010000000000000000000000001110000000200000000000100000000101000000000200000000000200000002222020020 2
1 0 599989 423057 10 14 6 10 -1 -1 0010100000100000200000010000000000000000000000001110000000200000000000100000000101000000000000000000000220000002222020020 2
2 0 599989 421853 4 12 5 11 -1 -1 0010100000100000200000010000000000000001000000001110000000200000000000100000000100000000000000000000000220000002222020020 2
1 0 599989 421853 7 11 5 13 -1 -1 0010100000100000000000010000200000000001000000001110000000200000000000100000000100000000000000000000000220000002222020020 2
2 0 599989 419796 5 11 5 9 -1 -1 0010100000100000000000010000210000000001000000001100000000200000000000100000000100000000000000000000000220000002222020020 2
1 0 599988 419796 7 9 5 11 -1 -1 0010100000100000000000010002010000000001000000001100000000200000000000100000000100000000000000000000000220000002222020020 2
2 0 599988 418682 5 9 7 11 -1 -1 0010100000100000000000010002110000000001000000001000000000200000000000100000000100000000000000000000000220000002222020020 2
1 0 599988 418682 6 10 4 12 -1 -1 0010100000100000000000010000110000000001000000001020000000200000000000100000000100000000000000000000000220000002222020020 2
2 0 599988 416629 8 8 8 10 -1 -1 0010100000100000100000010000110000000000000000001020000000200000000000100000000100000000000000000000000220000002222020020 2
1 0 599988 416629 5 11 1 11 -1 -1 0010100000100000100000010000110000000000000000001020000000020000000000100000000100000000000000000000000220000002222020020 2
2 0 599988 414756 7 11 11 11 -1 -1 0110100000100000100000010000010000000000000000001020000000020000000000100000000100000000000000000000000220000002222020020 2
1 0 599987 414756 5 13 3 11 -1 -1 0110100000100000100000010000010000000000000000001000000000020000000000100000000100000000000200000000000220000002222020020 2
2 0 599987 412678 12 12 16 12 -1 -1 0110100100100000100000010000000000000000000000001000000000020000000000100000000100000000000200000000000220000002222020020 2
1 0 599987 412678 4 12 0 12 -1 -1 0110100100100000100000010000000000000000000000001000000000020000000000100000000100000000000200000000000200000002222020022 2
2 0 599987 410989 13 9 14 10 -1 -1 1110100100100000000000010000000000000000000000001000000000020000000000100000000100000000000200000000000200000002222020022 2
1 0 599986 410989 10 10 9 11 -1 -1 1110100100100000000000010000000000000000000000001000000000020000000000100000000100000000000200000000000200000000222220022 2
2 0 599986 409532 8 10 10 12 -1 -1 1110100100100000000000010000000000000000000000001000000000020000000001100000000000000000000200000000000200000000222220022 2
1 0 599985 409532 9 11 8 12 -1 -1 1110100100100000000000010000000000000000000000001000000000000000000001100000000020000000000200000000000200000000222220022 2
2 0 599985 408503 10 12 10 10 -1 -1 1110100100100000000000010000000000000000000000001000000000001000000000100000000020000000000200000000000200000000222220022 2
1 0 599985 408503 9 13 7 11 -1 -1 1110100100100000000000010000000000000000000000001000000000001000000000100000000200000000000200000000000200000000222220022 2
2 0 599985 407410 10 10 14 14 -1 -1 1110100100100000000000010000000000000000000000001010000000001000000000000000000200000000000200000000000200000000222220022 2
1 0 599985 407410 8 12 6 10 -1 -1 1110100100100000000000010000000000000000000000001010000000001000000000000000000000000000000200000000000200000000222222022 2
2 0 599985 407014 11 11 15 11 -1 -1 1110100100100000000000010000000000000001000000001010000000000000000000000000000000000000000200000000000200000000222222022 2
1 0 599984 407014 7 11 5 9 -1 -1 1110100100100000000000010000000000000001000000001010000000000000000000000000000000000000000000000000000200000000222222222 2
2 0 599984 406872 12 10 13 9 -1 -1 1110100100100000000000010001000000000001000000001000000000000000000000000000000000000000000000000000000200000000222222222 2
