1322287243000
googolhex
kingfish
1 0 599337 600000 14 10 12 12 -1 -1 2222222222000000000000000000000000000000000000000000000000000000000000000000000000000000000000000000000000000001111111111 2
2 0 599337 599909 2 14 4 12 -1 -1 2222222222000000000000000000000000000000000000000000000000000000000000000000000000000000000000000000000010000001111011111 2
1 0 598071 599909 16 12 12 8 -1 -1 2222202222000000200000000000000000000000000000000000000000000000000000000000000000000000000000000000000010000001111011111 2
2 0 598071 599908 0 12 4 16 -1 -1 2222202222000000200000000000000000000000000000000000000000000000000000000000000000000000000000000000001010000001111011110 2
1 0 596422 599908 13 15 12 14 -1 -1 0222202222000000202000000000000000000000000000000000000000000000000000000000000000000000000000000000001010000001111011110 2
2 0 596422 599907 3 11 5 13 -1 -1 0222202222000000202000000000000000000000000000000000000000000000000000000000000000000000000000000000001011000001110011110 2
1 0 593584 599907 15 13 11 13 -1 -1 0222202022000000202000000000020000000000000000000000000000000000000000000000000000000000000000000000001011000001110011110 2
2 0 593584 599906 2 12 6 12 -1 -1 0222202022000000202000000000020000000000000000000000000000000000000000000000000000000000000010000000001011000001110011100 2
1 0 588389 599906 13 13 11 11 -1 -1 0222002022000000202000000000020000000000200000000000000000000000000000000000000000000000000010000000001011000001110011100 2
2 0 588389 599905 3 13 7 13 -1 -1 0222002022000000202000000000020000000000200000000000000000000000000000000000000000000000000110000000001011000001100011100 2
1 0 577544 599905 15 11 14 10 -1 -1 0222002002000000202000000000020000000000200000000002000000000000000000000000000000000000000110000000001011000001100011100 2
2 0 577544 599737 4 12 8 12 -1 -1 0222002002000000202000000000020000000000200000000002000000000000000000000000000000000000000110000000001011000001100111000 2
1 0 570961 599737 14 14 13 13 -1 -1 0222002002000000002000000000020000000000200000000002000000002000000000000000000000000000000110000000001011000001100111000 2
2 0 570961 599736 5 13 9 13 -1 -1 0222002002000000002000000000020000000000200000000002000000002000000000000000000000000000000110000000001011000001110110000 2
1 0 564173 599736 14 12 8 10 -1 -1 0222002002000000002000000000000000000000200000000002000000002000000000200000000000000000000110000000001011000001110110000 2
2 0 564173 596836 6 12 14 12 -1 -1 0222002002000000002000000000000000000000200000000002000000012000000000200000000000000000000110000000001011000001110100000 2
1 0 555741 596836 12 14 6 12 -1 -1 0222002002000000002000000000000000000000000000000002000000012000000000200000000000000000000110000000001011000001110120000 2
2 0 555741 594600 7 13 9 11 -1 -1 0222002002000000002000000000000000000000100000000002000000012000000000200000000000000000000110000000001010000001110120000 2
1 0 548521 594600 11 11 10 10 -1 -1 0222002002000000002000000000000000000000100000000000000000012000000002200000000000000000000110000000001010000001110120000 2
2 0 548521 584719 9 13 9 9 -1 -1 0222002002000000002000000000000000000000100000000000000000012000000002200000000100000000000010000000001010000001110120000 2
1 0 540548 584719 11 13 10 12 -1 -1 0222002002000000002000000000000000000000100000000000000000012000000022000000000100000000000010000000001010000001110120000 2
2 0 540548 578632 8 12 9 13 -1 -1 0222002002000000002000000000000000000000100000000000000000012000000022000000000110000000000000000000001010000001110120000 2
1 0 533269 578632 13 13 11 11 -1 -1 0222002002000000002000000000000000000000100000000000000000010000000022200000000110000000000000000000001010000001110120000 2
2 0 533269 577821 3 9 4 10 -1 -1 0222002002000000002000000000000000000000100000000000000000010000000022200000000110000000000100000000001010000001100120000 2
1 0 525333 577821 12 12 12 10 -1 -1 0222000002000002002000000000000000000000100000000000000000010000000022200000000110000000000100000000001010000001100120000 2
2 0 525333 576715 9 13 10 14 -1 -1 0222000002000002002000000000000000000000100000000000000000010000000022200000000110000000000100000000001100000001100120000 2
1 0 518816 576715 10 10 10 8 -1 -1 0222000002000002002000000000000000000000100000000000000000010000000022000000000112000000000100000000001100000001100120000 2
2 0 518816 572035 10 14 12 12 -1 -1 0222000002000002002000000000000000000000100000000000000000010000000022000000001012000000000100000000001100000001100120000 2
1 0 513555 572035 12 8 11 9 -1 -1 0222000002000002002000000000000000000000100000000000000000010000000022000000001010000000000100000000001120000001100120000 2
2 0 513555 570388 9 11 10 10 -1 -1 0222000002000002002000000000000000000000100000000000000000010000000022000000001010000000001100000000000120000001100120000 2
1 0 508546 570388 14 10 12 8 -1 -1 0222000002000002002000000000000000000000100000000000000000010000000020000000001210000000001100000000000120000001100120000 2
2 0 508546 569809 1 11 7 13 -1 -1 0222000002000002002000000000000000000000100000000000000000010000000020000000001210000000001100000000001120000001100020000 2
1 0 502846 569809 13 11 7 9 -1 -1 0022000002000002002000000000000000000000100000000002000000010000000020000000001210000000001100000000001120000001100020000 2
2 0 502846 568519 12 12 13 13 -1 -1 0022000002000002002000000000000000000000100000000102000000010000000020000000001210000000001100000000001120000001000020000 2
1 0 495235 568519 7 9 6 10 -1 -1 0022000002000002002000000000000000000000100000000102000000010000000020000000001210000000001100000000001100000001020020000 2
2 0 495235 566037 7 13 9 11 -1 -1 0022000002000002002000000000000000000001100000000002000000010000000020000000001210000000001100000000001100000001020020000 2
1 0 488992 566037 8 10 8 8 -1 -1 0022000002000002002000000000000000000001100000000000000000010000000022000000001210000000001100000000001100000001020020000 2
2 0 488992 563189 4 10 5 11 -1 -1 0022000002000002002000000000000000000001100000000000000000100000000022000000001210000000001100000000001100000001020020000 2
1 0 483505 563189 6 12 4 10 -1 -1 0022000002000000002000000000200000000001100000000000000000100000000022000000001210000000001100000000001100000001020020000 2
2 0 483505 561666 5 11 9 7 -1 -1 0022000002000001002000000000200000000001000000000000000000100000000022000000001210000000001100000000001100000001020020000 2
1 0 479103 561666 8 8 7 9 -1 -1 0022000002000001002000000000000000000001000000000000000000100000000222000000001210000000001100000000001100000001020020000 2
2 0 479103 558666 2 10 2 12 -1 -1 0022000002000001002000000000000000000001000000000100000000000000000222000000001210000000001100000000001100000001020020000 2
1 0 472117 558666 7 9 3 9 -1 -1 0020200002000001002000000000000000000001000000000100000000000000000222000000001210000000001100000000001100000001020020000 2
2 0 472117 557754 10 10 12 12 -1 -1 0020201002000001002000000000000000000001000000000000000000000000000222000000001210000000001100000000001100000001020020000 2
1 0 463551 557754 4 10 3 11 -1 -1 0020201002000001002000000000000000000001000000000000000000000000000222000000001010000000001100000000001120000001020020000 2
2 0 463551 551246 9 11 15 13 -1 -1 0020201102000000002000000000000000000001000000000000000000000000000222000000001010000000001100000000001120000001020020000 2
1 0 457579 551246 11 11 9 13 -1 -1 0020201102000000002000000000000000000001000000000000000000000000000220000000001010000000001100000000001120000001020020020 2
2 0 457579 544520 2 12 4 10 -1 -1 0020201102000000002000000000000000000001000000000000000000000000000220100000001010000000001000000000001120000001020020020 2
1 0 444974 544520 12 8 8 12 -1 -1 0020001102000002002000000000000000000001000000000000000000000000000220100000001010000000001000000000001120000001020020020 2
2 0 444974 536779 9 7 13 11 -1 -1 0020001102000002002000000000000000000001000000000000000000001000000220100000001010000000001000000000000120000001020020020 2
1 0 427194 536779 12 10 12 8 -1 -1 0020001102000002002000000000000000000001000000000000000000001000000020100000001010000000001000000000000120000001220020020 2
2 0 427194 528154 9 9 11 7 -1 -1 0020001102000002002000000000000000000001000000000000000000001000000020100000001010000000001000000000001020000001220020020 2
1 0 413165 528154 12 8 10 10 -1 -1 0020001102000002002000000000000000000001000000000000000000001000000000100000001010000000021000000000001020000001220020020 2
2 0 413165 522051 3 15 5 17 -1 -1 0020001102000002002000000000000000000001000000000000000000001000000000100000001110000000021000000000000020000001220020020 2
1 0 393836 522051 13 9 12 8 -1 -1 0020001100000002002000000000000200000001000000000000000000001000000000100000001110000000021000000000000020000001220020020 2
2 0 393836 517554 11 7 13 9 -1 -1 0020001100000002002000000000000200000001000000000000000000001000000000100000001110000000021000000000001020000000220020020 2
1 0 377767 517554 10 12 8 10 -1 -1 0020001100000002002000000000000200000001000000000000000000001000000000100000001110000000001000000000001020000002220020020 2
2 0 377767 510617 4 10 5 9 -1 -1 0020001100000002002000000000000200000001000000000000000000011000000000100000001100000000001000000000001020000002220020020 2
1 0 359477 510617 9 13 7 11 -1 -1 0020001100000000002000000002000200000001000000000000000000011000000000100000001100000000001000000000001020000002220020020 2
2 0 359477 504720 5 9 5 11 -1 -1 0020001100000000002000000002000200000001000000000010000000011000000000000000001100000000001000000000001020000002220020020 2
1 0 342984 504720 8 10 2 12 -1 -1 0020001100000000002000000000200200000001000000000010000000011000000000000000001100000000001000000000001020000002220020020 2
2 0 342984 502091 5 11 9 11 -1 -1 0020101100000000002000000000200200000001000000000010000000001000000000000000001100000000001000000000001020000002220020020 2
1 0 342982 502091 10 8 6 8 -1 -1 0020101100000000002000000000000200000001000000000010000000001000000002000000001100000000001000000000001020000002220020020 2
2 0 342982 497866 1 13 2 14 -1 -1 0020101100000000002000000000000200000011000000000010000000001000000002000000000100000000001000000000001020000002220020020 2
1 0 342981 497866 7 11 5 9 -1 -1 0000121100000000002000000000000200000011000000000010000000001000000002000000000100000000001000000000001020000002220020020 2
2 0 342981 496668 2 14 4 8 -1 -1 0000121100000000002000000001000200000011000000000000000000001000000002000000000100000000001000000000001020000002220020020 2
1 0 342981 496668 6 8 4 10 -1 -1 0000101100000020002000000001000200000011000000000000000000001000000002000000000100000000001000000000001020000002220020020 2
2 0 342981 494392 4 16 6 18 -1 -1 0000101100000021002000000001000200000001000000000000000000001000000002000000000100000000001000000000001020000002220020020 2
1 0 342980 494392 3 11 1 13 -1 -1 0000101100000021000000000001000200000001000200000000000000001000000002000000000100000000001000000000001020000002220020020 2
2 0 342980 491199 5 17 7 19 -1 -1 0010101000000021000000000001000200000001000200000000000000001000000002000000000100000000001000000000001020000002220020020 2
1 0 342980 491199 5 9 3 11 4 12 0010101000000021000000000001000000000001000200000000002000001000000002000000000100000000001000000000001020000002220020020 2
2 0 342980 487744 6 18 8 20 -1 -1 0010101100000021300000000000000000000001000200000000002000001000000002000000000100000000001000000000001020000002220020020 2
1 0 342980 487744 3 9 1 11 -1 -1 0010101100000021300000000000000000000001000000000000002000001000200002000000000100000000001000000000001020000002220020020 2
2 0 342980 484777 4 8 5 9 -1 -1 0110100100000021300000000000000000000001000000000000002000001000200002000000000100000000001000000000001020000002220020020 2
1 0 342979 484777 6 10 4 8 -1 -1 0110100100000001300000000002000000000001000000000000002000001000200002000000000100000000001000000000001020000002220020020 2
2 0 342979 482248 7 19 9 21 -1 -1 0110100100000011300000000002000000000000000000000000002000001000200002000000000100000000001000000000001020000002220020020 2
1 0 342978 482248 12 8 11 7 5 11 0110100100000011300000000002000000000000000000000000000000001000200002000020000100000000001000000000001020000002220020020 2
2 0 342978 479613 8 20 10 22 -1 -1 0110100100000011300000000002300000000000000000000000000000001000200002000020000100000000011000000000000020000002220020020 2
1 0 342977 479613 11 7 7 11 -1 -1 0110100100000011300000000002300000000000000000000000000000001000000002000020000100000200011000000000000020000002220020020 2
2 0 342977 477947 12 12 16 12 -1 -1 0110100100000011300000000002300000000000000000000010000000001000000002000020000100000200001000000000000020000002220020020 2
1 0 342976 477947 8 12 6 10 -1 -1 0110100100000011300000000002300000000000000000000010000000001000000002000020000100000200001000000000000000000002220020022 2
2 0 342976 476762 5 9 6 8 -1 -1 0110100100000011300000000002300000000001000000000010000000000000000002000020000100000200001000000000000000000002220020022 2
1 0 342975 476762 10 10 8 12 -1 -1 0110100100000011300000000000300000000021000000000010000000000000000002000020000100000200001000000000000000000002220020022 2
2 0 342975 476204 6 8 10 12 -1 -1 0110100100000011300000000000300000000021000000000010000000001000000002000020000000000200001000000000000000000002220020022 2
1 0 342974 476204 7 11 5 13 -1 -1 0110100100000011300000000000300000000001000000000010000000001000000002000020000020000200001000000000000000000002220020022 2
2 0 342974 475300 9 11 11 13 -1 -1 0110100100000011300000000000310000000001000000000000000000001000000002000020000020000200001000000000000000000002220020022 2
1 0 342973 475300 11 9 10 10 -1 -1 0110100100000011300000000000310000000001000000000000000000001000000000000020000020000200001020000000000000000002220020022 2
2 0 342973 474536 10 12 12 14 -1 -1 0110100100000011300000000000310000000001000000000000000000001000000000000020000120000200000020000000000000000002220020022 2
1 0 342972 474536 10 10 9 11 -1 -1 0110100100000011300000000000310000000001000000000000000000001000000000000020000100000200000020000000000002000002220020022 2
2 0 342972 473891 9 21 11 23 -1 -1 0110100100000011300000000000310000000001000000000000000000001000000001000020000000000200000020000000000002000002220020022 2
1 0 342972 473891 9 11 7 13 -1 -1 0110100100000011300000000000310000000001000000000000000000001000000001000000000000000200000020000200000002000002220020022 2
2 0 342972 473424 10 22 12 24 -1 -1 0110100100000011300000000000310000000001000000000001000000001000000000000000000000000200000020000200000002000002220020022 2
1 0 342972 473424 8 12 6 14 -1 -1 0110100100000011300000000000310000000001000000000001000000001000000000000000000000000000000020000200000002000022220020022 2
2 0 342972 472070 11 13 13 15 -1 -1 0110100100000011300000000000310000000001010000000001000000000000000000000000000000000000000020000200000002000022220020022 2
1 0 342971 472070 7 13 5 15 -1 -1 0110100100000011300000000000310000000001010000000001000000000000000000000000000000000000000000000200000002000022222020022 2
2 0 342971 470945 13 13 15 11 -1 -1 0110100100000011300000000000311000000001010000000000000000000000000000000000000000000000000000000200000002000022222020022 2
1 0 342970 470945 6 14 4 16 -1 -1 0110100100000011300000000000311000000001010000000000000000000000000000000000000000000000000000000200000002000022202020222 2
2 0 342970 470172 11 23 12 22 -1 -1 0110100100000011301000000000311000000001000000000000000000000000000000000000000000000000000000000200000002000022202020222 2
1 0 342970 470172 5 13 3 15 -1 -1 0110100100000011301000000000311000000001000000000000000000000000000000000000000000000000000000000000000002000222202020222 2
2 0 342970 469285 12 14 13 13 -1 -1 0110100101000011301000000000301000000001000000000000000000000000000000000000000000000000000000000000000002000222202020222 2
1 0 342969 469285 4 16 0 12 -1 -1 0110100101000011301000000000301000000001000000000000000000000000000000000000000000000000000000000000000000000222222020222 2
2 0 342969 468138 12 24 12 20 -1 -1 1110100101000011300000000000301000000001000000000000000000000000000000000000000000000000000000000000000000000222222020222 2
1 0 342968 468138 6 10 5 9 -1 -1 1110100101000011300000000000301000000001000000000000000000000000000000000000000000000000000000000000000000002202222020222 2
2 0 342968 467540 12 22 12 18 -1 -1 1110100101000011300000000001301000000000000000000000000000000000000000000000000000000000000000000000000000002202222020222 2
1 0 342968 467540 5 15 4 14 -1 -1 1110100101000011300000000001301000000000000000000000000000000000000000000000000000000000000000000000000000022002222020222 2
2 0 342968 466743 12 20 14 14 -1 -1 1110100101000011310000000001300000000000000000000000000000000000000000000000000000000000000000000000000000022002222020222 2
1 0 342968 466743 4 8 3 9 -1 -1 1110100101000011310000000001300000000000000000000000000000000000000000000000000000000000000000000000000000020002222022222 2
2 0 342968 466053 12 18 12 16 -1 -1 1110101101000001310000000001300000000000000000000000000000000000000000000000000000000000000000000000000000020002222022222 2
1 0 342968 466053 5 9 4 8 -1 -1 1110101101000001310000000001300000000000000000000000000000000000000000000000000000000000000000000000000000200002222022222 2
2 0 342968 465392 14 14 14 10 -1 -1 1110101101000011310000000000300000000000000000000000000000000000000000000000000000000000000000000000000000200002222022222 2
1 0 342967 465392 4 8 2 10 -1 -1 1110101101000011310000000000300000000000000000000000000000000000000000000000000000000000000000000000000000200002222220222 2
2 0 342967 465323 12 16 14 14 -1 -1 1111101101000001310000000000300000000000000000000000000000000000000000000000000000000000000000000000000000200002222220222 2
