1322289720000
kingfish
progamers
1 0 599812 600000 14 10 12 12 -1 -1 2222222222000000000000000000000000000000000000000000000000000000000000000000000000000000000000000000000000000001111111111 2
2 0 599812 599487 3 9 4 10 -1 -1 2222222222000000000000000000000000000000000000000000000000000000000000000000000000000000000000000000000010000001111011111 2
1 0 599810 599487 16 12 12 8 -1 -1 2222220222000002000000000000000000000000000000000000000000000000000000000000000000000000000000000000000010000001111011111 2
2 0 599810 598502 1 11 5 11 -1 -1 2222220222000002000000000000000000000000000000000000000000000000000000000000000000000000000000000000001010000001111011110 2
1 0 599809 598502 13 13 11 11 -1 -1 2022220222000002000000000000200000000000000000000000000000000000000000000000000000000000000000000000001010000001111011110 2
2 0 599809 595742 2 14 6 10 -1 -1 2022220222000002000000000000200000000000000000000000000000000000000000000000000000000000000100000000001010000001101011110 2
1 0 599808 595742 14 12 10 12 -1 -1 2022200222000002000000000000200000000002000000000000000000000000000000000000000000000000000100000000001010000001101011110 2
2 0 599808 595583 3 11 5 13 -1 -1 2022200222000002000000000000200000000002000000000000000000000000000000000000000010000000000100000000001010000001101001110 2
1 0 599807 595583 13 11 9 11 -1 -1 2022200022000002000000000000220000000002000000000000000000000000000000000000000010000000000100000000001010000001101001110 2
2 0 599807 595259 0 12 6 14 -1 -1 2022200022000002000000000000220000000002000000000000000000000000000001000000000010000000000100000000001010000001001001110 2
1 0 599630 595259 12 12 8 12 -1 -1 0022200022000002000000000000220000000002020000000000000000000000000001000000000010000000000100000000001010000001001001110 2
2 0 599630 594728 1 13 9 9 -1 -1 0022200022000002000000000000220000000002020000000000000000001000000001000000000010000000000100000000001000000001001001110 2
1 0 592970 594728 11 11 3 11 -1 -1 0002200022000002000000000000220000000002020000000000000000001000000021000000000010000000000100000000001000000001001001110 2
2 0 592970 594097 2 12 6 12 -1 -1 0002200122000002000000000000220000000002020000000000000000001000000021000000000010000000000000000000001000000001001001110 2
1 0 589898 594097 9 11 5 15 -1 -1 0002000122000002000000000000220000000002220000000000000000001000000021000000000010000000000000000000001000000001001001110 2
2 0 589898 593489 5 11 11 13 -1 -1 0002000122000002000000000000221000000002220000000000000000001000000020000000000010000000000000000000001000000001001001110 2
1 0 587985 593489 5 15 1 11 -1 -1 0002000122000002000000000000021000000002220000000000000000001000000020000000000010000000000020000000001000000001001001110 2
2 0 587985 593031 3 13 9 11 -1 -1 0102000122000002000000000000020000000002220000000000000000001000000020000000000010000000000020000000001000000001001001110 2
1 0 583874 593031 10 12 8 14 -1 -1 0102000102000002000000000000020000000002220000000000000000001000000022000000000010000000000020000000001000000001001001110 2
2 0 583874 592431 5 13 9 13 -1 -1 0102000102000002000000000000020000000002220000000000000000001100000022000000000000000000000020000000001000000001001001110 2
1 0 576825 592431 13 9 11 7 -1 -1 0102000102000002000000000000000000000002220000000000000000001100000022200000000000000000000020000000001000000001001001110 2
2 0 576825 592148 2 10 3 9 -1 -1 0102000102000002000000000000000000000002220000000000000000001100000022200000000000000000010020000000001000000000001001110 2
1 0 572333 592148 12 8 10 6 -1 -1 0100002102000002000000000000000000000002220000000000000000001100000022200000000000000000010020000000001000000000001001110 2
2 0 572333 591845 3 9 7 9 -1 -1 0100002102000002000000000000000000000002220000000000000000001100000022200000010000000000010020000000000000000000001001110 2
1 0 567552 591845 8 14 6 8 -1 -1 0100000102000002000000000000000000000002220000000200000000001100000022200000010000000000010020000000000000000000001001110 2
2 0 567552 591048 6 10 7 11 -1 -1 0100000102000002000000000000000000000012220000000200000000001000000022200000010000000000010020000000000000000000001001110 2
1 0 563197 591048 8 12 6 10 -1 -1 0100000102000002000000000000000000000010220000000220000000001000000022200000010000000000010020000000000000000000001001110 2
2 0 563197 590031 6 12 10 12 -1 -1 0100000102000002000000000000000000000011220000000220000000000000000022200000010000000000010020000000000000000000001001110 2
1 0 555420 590031 11 7 10 8 -1 -1 0100000102000002000000000000000000000011020000000220000000000000000022200000010020000000010020000000000000000000001001110 2
2 0 555420 588599 7 11 8 12 -1 -1 0100000102000002000000000000000000000011020000000220000000000000000022200000011020000000000020000000000000000000001001110 2
1 0 550986 588599 10 8 9 7 -1 -1 0100000102000002000000000000000000000011020000000200000000002000000022200000011020000000000020000000000000000000001001110 2
2 0 550986 587860 8 12 12 12 -1 -1 0100000102000002000000000000000000000011020000000200000000002000000122200000010020000000000020000000000000000000001001110 2
1 0 547404 587860 6 10 5 11 -1 -1 0100000102000002000000000000000000000011020000000200000000000000000122200000010020000000000020000000000020000000001001110 2
2 0 547404 586619 7 9 8 8 -1 -1 0100000102000002000000000000100000000010020000000200000000000000000122200000010020000000000020000000000020000000001001110 2
1 0 544786 586619 5 11 5 9 -1 -1 0100000102000002000000000000100000000010020000000000000000200000000122200000010020000000000020000000000020000000001001110 2
2 0 544786 585784 4 10 5 11 -1 -1 0100000102000002000000000001000000000010020000000000000000200000000122200000010020000000000020000000000020000000001001110 2
1 0 542893 585784 9 7 5 7 -1 -1 0100000102000000000000000001200000000010020000000000000000200000000122200000010020000000000020000000000020000000001001110 2
2 0 542893 585164 8 8 10 10 -1 -1 0100000102000000000000000011200000000010020000000000000000200000000022200000010020000000000020000000000020000000001001110 2
1 0 540632 585164 14 14 13 13 -1 -1 0100000102000000000000000011200000000010020000000000000000000000000022200000010220000000000020000000000020000000001001110 2
2 0 540632 584494 9 9 11 11 -1 -1 0100000102000000000000000011200000000010020000000000000000000000000022200000010220000000000020000000000020000000011000110 2
1 0 538964 584494 6 8 2 12 -1 -1 0100000102000000000000000011200000000010020000000000000000000000000002200000010220000000000220000000000020000000011000110 2
2 0 538964 583516 3 15 2 14 -1 -1 0100100102000000000000000011200000000000020000000000000000000000000002200000010220000000000220000000000020000000011000110 2
1 0 536533 583516 5 9 4 8 -1 -1 0100120100000000000000000011200000000000020000000000000000000000000002200000010220000000000220000000000020000000011000110 2
2 0 536533 583412 2 14 6 10 -1 -1 0100120100000010000000000010200000000000020000000000000000000000000002200000010220000000000220000000000020000000011000110 2
1 0 534448 583412 5 7 3 13 -1 -1 0100100100000010000000000010200000000002020000000000000000000000000002200000010220000000000220000000000020000000011000110 2
2 0 534448 582518 5 11 7 9 -1 -1 0100100110000010000000000000200000000002020000000000000000000000000002200000010220000000000220000000000020000000011000110 2
1 0 532272 582518 4 8 3 9 -1 -1 0100100110000010000000000000000000000002020000000200000000000000000002200000010220000000000220000000000020000000011000110 2
2 0 532272 582049 7 9 7 11 -1 -1 0100101110000000000000000000000000000002020000000200000000000000000002200000010220000000000220000000000020000000011000110 2
1 0 529943 582049 15 13 14 12 -1 -1 0100101110000000000000000000000000000002020000000020000000000000000002200000010220000000000220000000000020000000011000110 2
2 0 529943 581725 6 10 10 14 -1 -1 0100101110000000000000000000000000000002020000000020000000000000000002200000010220000000000220000000000020000000011010100 2
1 0 527621 581725 14 12 12 14 -1 -1 0100101110000000000000000000000000000000020000000020000000000000000002200000010222000000000220000000000020000000011010100 2
2 0 527621 581493 9 13 11 15 -1 -1 0100101110000000000000000000000000000000020000000020000000000000000002200000010222000000000220000000000021000000011000100 2
1 0 525333 581493 13 15 13 11 -1 -1 0100101110000000000000000000000000000000020000000020000000000000000002000000010222000000000222000000000021000000011000100 2
2 0 525333 580761 12 12 16 12 -1 -1 0100101110000000000000000000000000000000020000000020000000000000000002000000010222000000000222000000000021000000110000100 2
1 0 521110 580761 15 11 14 10 -1 -1 0100101110000000000000000000000000000000020000000020000000000000000002000000010222000000000222000000000001000000110000102 2
2 0 521110 579600 10 10 12 12 -1 -1 0100101110000000000000000000000000000000020000000020000000000000000002000000010222000000000222000000000001000000110100002 2
1 0 517690 579600 14 10 13 9 -1 -1 0100101110000000000000000000000000000000020000000020000000000000000002000000010022000000000222000000000021000000110100002 2
2 0 517690 579421 7 11 7 13 -1 -1 0100101110000000000000000000000000000000020000000020000000000000000002000000010022000000000222000000000021000001110000002 2
1 0 515765 579421 13 9 12 8 -1 -1 0100101110000000000000000000000000000000020000000002000000000000000002000000010022000000000222000000000021000001110000002 2
2 0 515765 579170 12 12 14 14 -1 -1 0100101110000000000000000000000000000000020000000002000000000000000002000000010022000000000222000000001021000000110000002 2
1 0 512840 579170 12 14 12 12 -1 -1 0100101110000000000000000000000000000000020000000002000000000000000002000000010022000000000222000000001001000000110002002 2
2 0 512840 579017 6 14 10 10 -1 -1 0100101110000000000000000000000000000000020000000002000000000000000002000000010022000000000222000000001010000000110002002 2
1 0 511498 579017 13 13 9 5 -1 -1 0100101110000000000000000000000000000000000000000002000000000000000002000000010222000000000222000000001010000000110002002 2
2 0 511498 578395 10 12 14 12 -1 -1 0100101110000000000000000000000000000000000000000002000000000000001002000000010222000000000222000000001010000000100002002 2
1 0 508888 578395 10 6 8 4 -1 -1 0100101110000000000000000000000000000000000000000002000000000000001002000000010202000000000222000000001010000000100022002 2
2 0 508888 577645 11 11 15 11 -1 -1 0100101110000000000000000000000000000000000000000002000010000000001002000000000202000000000222000000001010000000100022002 2
1 0 507183 577645 13 11 13 13 -1 -1 0100101110000000000000000000000000000000000000000002000010000000001002000000000202000000000022000000001010000000100022202 2
2 0 507183 575268 11 13 11 11 -1 -1 0100101110000000000000000000000000000000000000000002000010000000001002000000000202000000000022000000001010000000010022202 2
1 0 505351 575268 12 8 11 9 -1 -1 0100101110000000000000000000000000000000000000000002000010000000001002000000000202000000000202000000001010000000010022202 2
2 0 505351 574683 10 14 10 12 -1 -1 0100101110000000000000000000000000000000000000000002000010000000001002000000000202000000001202000000000010000000010022202 2
1 0 503598 574683 12 12 11 13 -1 -1 0100101110000000000000000000000000000000000000000002000010000000001002000000000220000000001202000000000010000000010022202 2
2 0 503598 574117 7 13 8 12 -1 -1 0100101110000000000000000000000000000000000000000002000010000000001002000000000220000000001212000000000000000000010022202 2
1 0 502429 574117 9 5 7 3 -1 -1 0100101110000000000000000000000000000000000000000000000010002000001002000000000220000000001212000000000000000000010022202 2
2 0 502429 573653 10 10 12 12 -1 -1 0100101110000000000000000000000000000000000000100000000010002000000002000000000220000000001212000000000000000000010022202 2
1 0 500330 573653 11 9 10 10 -1 -1 0100101110000000000000000000000000000000000000100000000010002000000002000000000020000000001212000000000020000000010022202 2
2 0 500330 573502 8 12 9 13 -1 -1 0100101110000000000000000000000000000000000000100000000010002000000002000000000120000000000212000000000020000000010022202 2
1 0 498521 573502 10 10 8 12 -1 -1 0100101110000000000000000000000000000000000000100000000010000000000002200000000120000000000212000000000020000000010022202 2
2 0 498521 573364 11 11 12 10 -1 -1 0100101110000000000000000000000000000000000000100000000010001000000002200000000020000000000212000000000020000000010022202 2
1 0 495866 573364 13 13 11 11 -1 -1 0100101110000000000000000000000000000000000000100000000010001000000002200000000020000000000012000000000220000000010022202 2
2 0 495866 573214 9 11 10 10 -1 -1 0100101110000000000000000000000000000000000000100000000010001000000002200000000020000000000112000000000220000000000022202 2
1 0 493159 573214 8 4 6 2 -1 -1 0100101110000000000000000000000000000000000000100000000010001000000000200000000220000000000112000000000220000000000022202 2
2 0 493159 573059 9 13 9 11 -1 -1 0100101110000000000000000000000000010000000000100000000000001000000000200000000220000000000112000000000220000000000022202 2
1 0 490147 573059 7 3 5 1 -1 -1 0100101110000000000000000000000000010000000000100000000000001000000002000000000220000000000112000000000220000000000022202 2
2 0 490147 572894 9 11 15 13 -1 -1 0100101110000000000000010000000000010000000000000000000000001000000002000000000220000000000112000000000220000000000022202 2
1 0 487939 572894 11 11 7 11 -1 -1 0100101110000000000000010000000000010000000000000000000000001000000000000000000220000000000112000000000220000000000022222 2
2 0 487939 572669 11 15 13 13 -1 -1 0100101110000000000000010000000000010000000000000010000000001000000000000000000220000000000012000000000220000000000022222 2
1 0 484070 572669 11 13 7 9 -1 -1 0100101110000000000000010000000000010000000000000010000000001000000000000000000220000000000010000000000220000000020022222 2
2 0 484070 572539 10 12 11 11 -1 -1 0100101110000000000000010000000000010000000000000110000000001000000000000000000220000000000000000000000220000000020022222 2
1 0 482337 572539 7 9 6 10 -1 -1 0100101110000000000000010000000000010000000000000110000000001000000000000000000200000000000200000000000220000000020022222 2
2 0 482337 572427 12 12 13 11 -1 -1 0100101110000000000000010000000000010001000000000010000000001000000000000000000200000000000200000000000220000000020022222 2
1 0 481488 572427 6 2 4 0 -1 -1 0100101110000000000000010000000000010001000000000010000000001000000000000000000200000000000200000000000200000000220022222 2
2 0 481488 572297 10 10 14 10 -1 -1 0100101110100000000000010000000000000001000000000010000000001000000000000000000200000000000200000000000200000000220022222 2
1 0 480934 572297 5 1 4 2 -1 -1 0100101110100000000000010000000000000001000000000010000000001000000000000000000000000000000200000000000200000000220222222 2
2 0 480934 572243 11 11 13 9 -1 -1 0100101110110000000000000000000000000001000000000010000000001000000000000000000000000000000200000000000200000000220222222 2
1 0 480200 572243 6 10 5 9 -1 -1 0100101110110000000000000000000000000001000000000010000000001000000000000000000000000000000000000000000200000002220222222 2
2 0 480200 572242 13 11 13 15 -1 -1 0100101110110000000000000001000000000000000000000010000000001000000000000000000000000000000000000000000200000002220222222 2
1 0 479992 572242 8 12 0 12 -1 -1 0100101110110000000000000001000000000000000000000010000000001000000000000000000000000000000000000000000200000002022222222 2
2 0 479992 572241 12 10 13 11 -1 -1 1100101110110000000000000001000000000000000000000010000000000000000000000000000000000000000000000000000200000002022222222 2
