1322294529000
kingfish
skynet
1 0 599822 600000 14 10 12 12 -1 -1 2222222222000000000000000000000000000000000000000000000000000000000000000000000000000000000000000000000000000001111111111 1
2 0 599822 599988 2 10 4 12 -1 -1 2222222222000000000000000000000000000000000000000000000000000000000000000000000000000000000000000000000010000001111011111 1
1 0 599820 599988 16 12 12 8 -1 -1 2220222222000000200000000000000000000000000000000000000000000000000000000000000000000000000000000000000010000001111011111 1
2 0 599820 599976 3 13 5 11 -1 -1 2220222222000000200000000000000000000000000000000000000000000000000000000000000000000000000000000000001010000001111011110 1
1 0 599819 599976 13 13 11 11 -1 -1 2220222202000000200000000000200000000000000000000000000000000000000000000000000000000000000000000000001010000001111011110 1
2 0 599819 599963 2 12 6 12 -1 -1 2220222202000000200000000000200000000000000000000000000000000000000000000000000000000000000100000000001010000001101011110 1
1 0 599816 599963 14 12 10 12 -1 -1 2220022202000000200000000000200000000000200000000000000000000000000000000000000000000000000100000000001010000001101011110 1
2 0 599816 599952 3 11 7 11 -1 -1 2220022202000000200000000000200000000000200000000000000000000000000000000000000010000000000100000000001010000001101001110 1
1 0 599815 599952 13 11 9 11 -1 -1 2220022002000000200000000000200000000000200000000020000000000000000000000000000010000000000100000000001010000001101001110 1
2 0 599815 599940 0 12 4 8 -1 -1 2220022002000000200000000000200000000000200000000020000000000000000001000000000010000000000100000000001010000001001001110 1
1 0 593898 599940 12 12 6 10 -1 -1 0220022002000020200000000000200000000000200000000020000000000000000001000000000010000000000100000000001010000001001001110 1
2 0 593898 599931 3 9 5 7 -1 -1 0220022002000020200000000000200000000001200000000020000000000000000001000000000010000000000100000000001000000001001001110 1
1 0 586381 599931 12 8 11 9 -1 -1 0220020002000020200000000020200000000001200000000020000000000000000001000000000010000000000100000000001000000001001001110 1
2 0 586381 599925 3 15 4 14 -1 -1 0220020002000020200000000020200000000001200000000020000000000000000001000000000010000000001100000000000000000001001001110 1
1 0 578799 599925 14 14 8 12 -1 -1 0220020000000020220000000020200000000001200000000020000000000000000001000000000010000000001100000000000000000001001001110 1
2 0 578799 599918 1 13 5 9 -1 -1 0220020000000020220000000020200000000001200000000020000000001000000001000000000010000000001100000000000000000001001000110 1
1 0 570300 599918 15 11 14 10 -1 -1 0200020000000020220000000022200000000001200000000020000000001000000001000000000010000000001100000000000000000001001000110 1
2 0 570300 599911 2 14 3 13 -1 -1 0200020000000020220000000022200000000001200000000020000000001000000001000000000010000000001100000000000000000001001100010 1
1 0 564673 599911 8 12 7 13 -1 -1 0200000020000020220000000022200000000001200000000020000000001000000001000000000010000000001100000000000000000001001100010 1
2 0 564673 599904 1 11 2 12 -1 -1 0200000020000020220000000022200000000001200000000021000000000000000001000000000010000000001100000000000000000001001100010 1
1 0 554676 599904 14 10 6 14 -1 -1 0000200020000020220000000022200000000001200000000021000000000000000001000000000010000000001100000000000000000001001100010 1
2 0 554676 599897 4 12 5 13 -1 -1 0000200020000020220000000022200000000001210000000021000000000000000001000000000010000000001100000000000000000001001000010 1
1 0 549634 599897 6 14 2 10 -1 -1 0000200020000020020000000022220000000001210000000021000000000000000001000000000010000000001100000000000000000001001000010 1
2 0 549634 599890 5 11 7 9 -1 -1 0001200020000020020000000022220000000001200000000021000000000000000001000000000010000000001100000000000000000001001000010 1
1 0 539909 599890 13 9 12 8 -1 -1 0001200020000020020000000022020000000001200000000221000000000000000001000000000010000000001100000000000000000001001000010 1
2 0 539909 599886 6 12 8 14 -1 -1 0001200020000020020000000022020000000001200000000221000000000000000001000000000010000000001100000000001000000000001000010 1
1 0 526729 599886 12 8 2 14 -1 -1 0001200020000020020000000022020000000001000000000221000000000200000001000000000010000000001100000000001000000000001000010 1
2 0 526729 599883 7 11 9 13 -1 -1 0001210020000020020000000022020000000001000000000221000000000200000001000000000010000000001100000000000000000000001000010 1
1 0 518590 599883 10 12 6 12 -1 -1 0001210020000020020000000022020000000001000000000201000000000200000001200000000010000000001100000000000000000000001000010 1
2 0 518590 599880 4 8 6 6 -1 -1 0001210020000020020000000022020000000001100000000201000000000200000001200000000000000000001100000000000000000000001000010 1
1 0 508580 599880 11 11 10 12 -1 -1 0001210020000000020000000022020000000201100000000201000000000200000001200000000000000000001100000000000000000000001000010 1
2 0 508580 599877 5 7 7 5 -1 -1 0001210020000000020000000022020000000201100000000201000000000200000001200000000010000000001000000000000000000000001000010 1
1 0 497977 599877 10 12 4 10 -1 -1 0001210020000000020000000002020000000201100000020201000000000200000001200000000010000000001000000000000000000000001000010 1
2 0 497977 599873 4 14 4 12 -1 -1 0001210020000001020000000002020000000201100000020201000000000200000001200000000000000000001000000000000000000000001000010 1
1 0 486055 599873 11 9 10 10 -1 -1 0001210020000001200000000002020000000201100000020201000000000200000001200000000000000000001000000000000000000000001000010 1
2 0 486055 599869 5 9 7 11 -1 -1 0001210020000001200000000002020000000201100000020201000000000200000001200000000100000000000000000000000000000000001000010 1
1 0 477171 599869 10 10 6 14 -1 -1 0001210020000001200000000000020000000201100000020221000000000200000001200000000100000000000000000000000000000000001000010 1
2 0 477171 599866 3 13 5 11 -1 -1 0001210020000001200000000000020000000201110000020221000000000200000001200000000000000000000000000000000000000000001000010 1
1 0 472446 599866 6 12 4 14 -1 -1 0001210000000001200000000000220000000201110000020221000000000200000001200000000000000000000000000000000000000000001000010 1
2 0 472446 599863 2 12 3 11 -1 -1 0001210000000001210000000000220000000201010000020221000000000200000001200000000000000000000000000000000000000000001000010 1
1 0 463942 599863 7 13 1 11 -1 -1 0001010200000001210000000000220000000201010000020221000000000200000001200000000000000000000000000000000000000000001000010 1
2 0 463942 599859 5 13 6 12 -1 -1 0101010200000001210000000000220000000201010000020220000000000200000001200000000000000000000000000000000000000000001000010 1
1 0 455637 599859 9 11 3 13 -1 -1 0101010200000001210000000000200000000201210000020220000000000200000001200000000000000000000000000000000000000000001000010 1
2 0 455637 599855 7 9 9 11 -1 -1 0101010210000001210000000000200000000201210000020220000000000200000000200000000000000000000000000000000000000000001000010 1
1 0 451696 599855 6 14 5 13 -1 -1 0101010210000001210000000000200000000201210000020020000000000200000002200000000000000000000000000000000000000000001000010 1
2 0 451696 599851 8 14 10 12 -1 -1 0101010210000001210000000000210000000201200000020020000000000200000002200000000000000000000000000000000000000000001000010 1
1 0 446068 599851 4 10 2 12 -1 -1 0101010210000001210000000000210000000201200000020020000000000000000002200000000020000000000000000000000000000000001000010 1
2 0 446068 599847 9 13 11 11 -1 -1 0101110210000000210000000000210000000201200000020020000000000000000002200000000020000000000000000000000000000000001000010 1
1 0 442171 599847 5 13 1 13 -1 -1 0101110210000000210000000000210000000201200000020020000000000000000002000000000020000000000200000000000000000000001000010 1
2 0 442171 599843 6 6 8 4 -1 -1 0111110210000000210000000000200000000201200000020020000000000000000002000000000020000000000200000000000000000000001000010 1
1 0 439709 599843 4 14 3 15 -1 -1 0111110210000000210000000000200000000001200000020020000020000000000002000000000020000000000200000000000000000000001000010 1
2 0 439709 599839 7 5 8 6 -1 -1 0111110211000000200000000000200000000001200000020020000020000000000002000000000020000000000200000000000000000000001000010 1
1 0 437171 599839 13 15 12 14 -1 -1 0111110211000000200000000000200000000001200000000020000022000000000002000000000020000000000200000000000000000000001000010 1
2 0 437171 599835 4 12 5 13 -1 -1 0111110211000000200000000000200000000001200000000020000022000000000002000000000020000000000200000000000001000000000000010 1
1 0 435338 599835 2 10 3 9 -1 -1 0111110211000000000000000000220000000001200000000020000022000000000002000000000020000000000200000000000001000000000000010 1
2 0 435338 599831 7 11 8 12 -1 -1 0110111211000000000000000000220000000001200000000020000022000000000002000000000020000000000200000000000001000000000000010 1
1 0 433226 599831 6 10 0 12 -1 -1 0110111211000000000000000000220000000001200000000000000022002000000002000000000020000000000200000000000001000000000000010 1
2 0 433226 599827 5 11 7 13 -1 -1 1110111211000000000000000000220000000000200000000000000022002000000002000000000020000000000200000000000001000000000000010 1
1 0 430805 599827 12 14 11 13 -1 -1 1110111211000000000000000000020000000000200000000002000022002000000002000000000020000000000200000000000001000000000000010 1
2 0 430805 599823 3 11 4 12 -1 -1 1110111211000000000000000000020000000000200000000002000022002000000002000000000020000000000210000000000000000000000000010 1
1 0 427941 599823 15 13 14 12 -1 -1 1110111011000000200000000000020000000000200000000002000022002000000002000000000020000000000210000000000000000000000000010 1
2 0 427941 599819 6 12 8 14 -1 -1 1110111011000000200000000000020000000000200000000002000022002000000002000000000020000000000210000000000000000000000010000 1
1 0 425576 599819 11 13 10 14 -1 -1 1110111011000000200000000000020000000000000000000002000022002200000002000000000020000000000210000000000000000000000010000 1
2 0 425576 599815 9 11 11 13 -1 -1 1110111011000000200000000000020000000000000000000002000022002200000002000000000021000000000200000000000000000000000010000 1
1 0 423216 599815 10 14 9 13 -1 -1 1110111011000000200000000000020000000000000000000002000022002200000000000000000021000000000220000000000000000000000010000 1
2 0 423216 599812 10 12 12 14 -1 -1 1110111011000000200000000000020000000000000000000002000022002200000000100000000020000000000220000000000000000000000010000 1
1 0 421179 599812 9 13 7 11 -1 -1 1110111011000000200000000000020000000000000000000002000022002200000000100000000000000000000220000000000002000000000010000 1
2 0 421179 599809 11 11 15 11 -1 -1 1110111011000000200000000000020000000000000000000012000022002200000000000000000000000000000220000000000002000000000010000 1
1 0 418422 599809 7 11 6 12 -1 -1 1110111011000000200000000000020000000000000000000012000022002200000000000000000000000000000020000000000002000000000010200 1
2 0 418422 599805 8 4 9 5 -1 -1 1110111011000000200000000000020000000000100000000002000022002200000000000000000000000000000020000000000002000000000010200 1
1 0 416947 599805 6 12 4 14 -1 -1 1110111011000000200000000000020000000000100000000002000002002200002000000000000000000000000020000000000002000000000010200 1
2 0 416947 599801 8 6 9 7 -1 -1 1110111011000000210000000000020000000000000000000002000002002200002000000000000000000000000020000000000002000000000010200 1
1 0 415064 599801 14 12 13 13 -1 -1 1110111011000000210000000000020000000000000000000002000000002200002200000000000000000000000020000000000002000000000010200 1
2 0 415064 599798 5 13 6 12 -1 -1 1110111011000000210000000000020000000000000000000002000000002200002200000000000000000000000020000000000002000000010000200 1
1 0 412952 599798 13 13 11 11 -1 -1 1110111011000000210000000000000000000000200000000002000000002200002200000000000000000000000020000000000002000000010000200 1
2 0 412952 599795 8 12 9 13 -1 -1 1110111011000000210000000000000000000000200000000002000000002200002200000000000000000000000120000000000002000000000000200 1
1 0 410724 599795 11 11 10 12 -1 -1 1110111011000000210000000000000000000000200000000002000000000200002200200000000000000000000120000000000002000000000000200 1
2 0 410724 599789 7 13 9 11 -1 -1 1110111011000000210000000000000000000000200000000002000000000200002200200000000010000000000020000000000002000000000000200 1
1 0 409055 599789 10 12 8 10 -1 -1 1110111011000000210000000000000000000000200000000000000000000200002202200000000010000000000020000000000002000000000000200 1
2 0 409055 599786 4 12 4 16 -1 -1 1110111011000000210000000000000000000000200000000000000000010200002202200000000000000000000020000000000002000000000000200 1
1 0 406607 599786 8 10 7 11 -1 -1 1110111011000000012000000000000000000000200000000000000000010200002202200000000000000000000020000000000002000000000000200 1
2 0 406607 599783 8 14 10 12 -1 -1 1110111011000000012000000000000000000000200000000010000000000200002202200000000000000000000020000000000002000000000000200 1
1 0 404842 599783 7 11 5 13 -1 -1 1110111011000000012000000000000000000000200000000010000000000000002202200000000020000000000020000000000002000000000000200 1
2 0 404842 599780 11 13 12 12 -1 -1 1110111011000000012000000000010000000000200000000000000000000000002202200000000020000000000020000000000002000000000000200 1
1 0 403724 599780 5 13 4 12 -1 -1 1110111011000000012000000000010000000000200000000000000000000000002202200000000020000000000000000000000022000000000000200 1
2 0 403724 599777 12 14 13 13 -1 -1 1110111011000000112000000000000000000000200000000000000000000000002202200000000020000000000000000000000022000000000000200 1
1 0 402811 599777 4 12 3 11 -1 -1 1110111011000000112000000000000000000000200000000000000000000000002202200000000020000000000000000000000020000000020000200 1
2 0 402811 599774 15 11 16 12 -1 -1 1110111111000000012000000000000000000000200000000000000000000000002202200000000020000000000000000000000020000000020000200 1
1 0 402327 599774 4 14 4 12 -1 -1 1110111111000000012000000000000000000000200000000000000000000000002202200000000020000000000000000000000020000000020000002 1
2 0 402327 599771 9 5 10 6 -1 -1 1110111111000000102000000000000000000000200000000000000000000000002202200000000020000000000000000000000020000000020000002 1
1 0 401902 599771 4 12 2 10 -1 -1 1110111111000000102000000000000000000000200000000000000000000000000202200000020020000000000000000000000020000000020000002 1
