1322289629000
skynet
kingfish
1 0 599908 600000 14 10 12 12 -1 -1 2222222222000000000000000000000000000000000000000000000000000000000000000000000000000000000000000000000000000001111111111 2
2 0 599908 599907 2 14 4 12 -1 -1 2222222222000000000000000000000000000000000000000000000000000000000000000000000000000000000000000000000010000001111011111 2
1 0 599900 599907 13 11 11 13 -1 -1 2222202222000000200000000000000000000000000000000000000000000000000000000000000000000000000000000000000010000001111011111 2
2 0 599900 599906 0 12 4 16 -1 -1 2222202222000000200000000000000000000000000000000000000000000000000000000000000000000000000010000000000010000001011011111 2
1 0 599887 599906 14 12 10 12 -1 -1 0222202222000000202000000000000000000000000000000000000000000000000000000000000000000000000010000000000010000001011011111 2
2 0 599887 599905 3 11 5 13 -1 -1 0222202222000000202000000000000000000000000000000000000000000000000000000000000010000000000010000000000010000001011001111 2
1 0 599873 599905 13 13 9 13 -1 -1 0222202022000000202000000000020000000000000000000000000000000000000000000000000010000000000010000000000010000001011001111 2
2 0 599873 599904 2 12 6 12 -1 -1 0222202022000000202000000000020000000000000000000000000000000000000000100000000010000000000010000000000010000001001001111 2
1 0 599861 599904 16 12 12 8 -1 -1 0222002022000000202000000000020000000000200000000000000000000000000000100000000010000000000010000000000010000001001001111 2
2 0 599861 599903 3 13 7 13 -1 -1 0222002022000000202000000000020000000000200000000000000000000000000000100000000010000000000010000000001010000001001001110 2
1 0 599849 599903 13 9 11 7 -1 -1 0222002002000000202000000000020000000000200000000002000000000000000000100000000010000000000010000000001010000001001001110 2
2 0 599849 594026 4 12 10 14 -1 -1 0222002002000000202000000000020000000000200000000002000000000000000000100000000010000000010010000000001010000000001001110 2
1 0 599841 594026 13 15 12 14 -1 -1 0222002002000000002000000000020000000000200000000002000000000000000000100000000012000000010010000000001010000000001001110 2
2 0 599841 590837 1 11 2 12 -1 -1 0222002002000000002000000000020000000000200000000002000000000000000000100000000012000000010010000000001011000000000001110 2
1 0 599834 590837 15 13 13 15 -1 -1 0022202002000000002000000000020000000000200000000002000000000000000000100000000012000000010010000000001011000000000001110 2
2 0 599834 588434 1 13 3 11 -1 -1 0022202002000000002000000000020000000000200000000002000000000000000000100000000012000000010010000000001011000000001001100 2
1 0 599827 588434 14 14 12 16 -1 -1 0002202202000000002000000000020000000000200000000002000000000000000000100000000012000000010010000000001011000000001001100 2
2 0 599827 585165 2 10 8 12 -1 -1 0002202202000000002000000000020000000000200000000002000000000000000000100000000012000000010010000000001011100000001000100 2
1 0 599820 585165 15 11 14 12 -1 -1 0000202202000000002000000000020000000000200000000002000000002000000000100000000012000000010010000000001011100000001000100 2
2 0 599820 577945 8 12 9 11 -1 -1 0000202202000000002000000000020000000000200000000002000000002000000000100000000012000000010010000000001011100000001010000 2
1 0 599813 577945 12 12 11 11 -1 -1 0000202202000000002000000000020000000000200000000002000000000000000002100000000012000000010010000000001011100000001010000 2
2 0 599813 571507 4 16 12 12 -1 -1 0000202202000000002000000000020000000000200000000002000000000000000002100000000012000000010110000000001001100000001010000 2
1 0 599807 571507 11 13 9 15 -1 -1 0000202202000000000000000000020000000000200000000002000000000000000002100000000012000000010110000000001021100000001010000 2
2 0 599807 565377 2 12 2 10 -1 -1 0000202202000000000000000000020000000000200000000002000000000000000002110000000012000000010100000000001021100000001010000 2
1 0 599803 565377 10 12 8 14 -1 -1 0002002202000000000000000000020000000000200000000002000000000000000002110000000012000000010100000000001021100000001010000 2
2 0 599803 561028 2 10 10 10 -1 -1 0002002202000000000000000000020000000000200000000002000000000100000002110000000002000000010100000000001021100000001010000 2
1 0 599799 561028 9 13 7 11 -1 -1 0000002202000000000000000000020000000000200000000002000000000100000002110000000202000000010100000000001021100000001010000 2
2 0 599799 553883 6 12 12 10 -1 -1 0000002202000000000000000000020000000000200000000012000000000100000002010000000202000000010100000000001021100000001010000 2
1 0 599795 553883 12 8 10 6 -1 -1 0000002202000000000000000000020000000000000000000012000000000100000002010000000202000000010100000000001221100000001010000 2
2 0 599795 545357 12 12 13 13 -1 -1 0000002202000000000000000000020000000000000000000012000000000100000002010000010202000000010100000000000221100000001010000 2
1 0 599791 545357 11 7 9 5 -1 -1 0000002202000000000000000000020000000000000000000012000000000100000002010000010202000000010100000000000201100000021010000 2
2 0 599791 537634 3 15 4 14 -1 -1 0000002202000000000000000000020000000000000000000012000000000100001002010000010202000000000100000000000201100000021010000 2
1 0 599788 537634 12 14 11 13 -1 -1 0000002200000000020000000000020000000000000000000012000000000100001002010000010202000000000100000000000201100000021010000 2
2 0 599788 526435 4 14 12 14 -1 -1 0000002200000000020000000000020000000000000000000012000000000100001002010000010202000000000110000000000200100000021010000 2
1 0 599784 526435 13 15 11 9 -1 -1 0000002200000000000000000000020000000000000000000012000000000100001002010000010202000000000110000000000202100000021010000 2
2 0 599784 516046 3 11 4 12 -1 -1 0000002200000000000000000000020000000000000000000012000000000100001002010000010202000000001110000000000202100000020010000 2
1 0 599780 516046 12 16 12 12 -1 -1 0000002000000000200000000000020000000000000000000012000000000100001002010000010202000000001110000000000202100000020010000 2
2 0 599780 506939 12 10 13 9 -1 -1 0000002000000000200000000000020000000000000000000012000000000100001002010000010202000000001110000000000212000000020010000 2
1 0 599776 506939 14 12 13 11 -1 -1 0000002000000000200000000000020000000000000000000012000000000100001002010000010202000000001110000000000012000002020010000 2
2 0 599776 500151 4 12 8 12 -1 -1 0000002000000000200000000000020000000000000000000012000000000100001002010000010202000000001110000000000012000002120000000 2
1 0 599773 500151 11 11 7 15 -1 -1 0000002000000000000000000000020000000000000000000012000000002100001002010000010202000000001110000000000012000002120000000 2
2 0 599773 494341 10 10 14 10 -1 -1 0000002000000000000000000000020000000000000000000012100000002100001002010000010202000000001010000000000012000002120000000 2
1 0 599766 494341 9 15 8 16 -1 -1 0000002000000000000000000000020000000000000000000012100000002100001002010000010002000000001010000000000012000002120200000 2
2 0 599766 488765 5 13 6 14 -1 -1 0000002000000000000000000000020000000000000000000012100000002110001002000000010002000000001010000000000012000002120200000 2
1 0 599762 488765 8 14 6 12 -1 -1 0000002000000000000000000000000000000000020000000012100000002110001002000000010002000000001010000000000012000002120200000 2
2 0 599762 483623 8 12 12 8 -1 -1 0000002000000000000000000000000000000000120000000012100000002010001002000000010002000000001010000000000012000002120200000 2
1 0 599750 483623 7 11 5 13 -1 -1 0000002000000000000000000000000000000000120000000012100000000010001002000000010002000000001010000000002012000002120200000 2
2 0 599750 478955 10 14 11 15 -1 -1 0000002000000000000000000000010000000000120000000002100000000010001002000000010002000000001010000000002012000002120200000 2
1 0 599747 478955 10 6 8 4 -1 -1 0000002000000000000000000000010000000000120000000002100000000010001002000000010000000000001012000000002012000002120200000 2
2 0 599747 473822 12 14 14 12 -1 -1 0000002000000000000000000000010000000000120000000002100010000010001002000000000000000000001012000000002012000002120200000 2
1 0 599744 473822 9 5 8 6 -1 -1 0000002000000000000000000000010000000000120000000002100010000010001002000000000000000000001012000000002010000002120220000 2
2 0 599744 468636 13 9 15 11 -1 -1 0000002000000000000000000000010000000000120000000002100011000010000002000000000000000000001012000000002010000002120220000 2
1 0 599740 468636 11 13 10 12 -1 -1 0000002000000000000000000000010000000000120000000002100011000010000002000000000000000000001012000000002010000000120220200 2
2 0 599740 464092 6 14 12 16 -1 -1 0000002000000000000000000000010000000000120000000002100011000010000002000000000010000000001002000000002010000000120220200 2
1 0 599736 464092 11 9 10 10 -1 -1 0000002000000000000000000000010000000000100000000002100011000010000002000000000010000000001002000000002010200000120220200 2
2 0 599736 459040 9 11 13 15 -1 -1 0000002000000000000000000000010000000000100000000002100011000010000002000000000110000000000002000000002010200000120220200 2
1 0 599732 459040 12 12 11 13 -1 -1 0000002000000000000000000000010000000000100000000002100011000010000000000000000110000000000002000000002010200000122220200 2
2 0 599732 455882 12 8 13 9 -1 -1 0000002000000000000000000000010000000000100000000002100011000010000000000000000110000000000012000000002000200000122220200 2
1 0 599728 455882 13 11 12 12 -1 -1 0000002000000000000000000000010000000000100000000002100011000010000000000000000110000000000012000000000000200002122220200 2
2 0 599728 452754 11 15 12 14 -1 -1 0000002000000000000000000000010000000000100000000002100011000010000000000000000110000000000012000000000010200002022220200 2
1 0 599724 452754 7 15 6 14 -1 -1 0000002000000000000000000000010000000000100000000002100011000010000000000000000110000000000010000000000012200002022220200 2
2 0 599724 450353 7 13 8 14 -1 -1 0000002000000000000000000000010000000000110000000002000011000010000000000000000110000000000010000000000012200002022220200 2
1 0 599720 450353 8 16 8 12 -1 -1 0000002000000000000000000000010000000000110000000000000011000210000000000000000110000000000010000000000012200002022220200 2
2 0 599720 447284 8 14 7 13 -1 -1 0000002000000000000000000000010000000000110000000000000011001200000000000000000110000000000010000000000012200002022220200 2
1 0 599716 447284 6 12 4 14 -1 -1 0000002000000000000000000000010000000000110000000002000011001000000000000000000110000000000010000000000012200002022220200 2
2 0 599716 444090 7 13 9 11 -1 -1 0000002000000000010000000000010000000000010000000002000011001000000000000000000110000000000010000000000012200002022220200 2
1 0 599713 444090 5 13 4 12 -1 -1 0000002000000000010000000000010000000000010000000000000011001000000002000000000110000000000010000000000012200002022220200 2
2 0 599713 441487 12 16 14 14 -1 -1 0000002000000000110000000000000000000000010000000000000011001000000002000000000110000000000010000000000012200002022220200 2
1 0 599710 441487 8 4 7 5 -1 -1 0000002000000000110000000000000000000000010000000000000011001000000002000000000110000000000010000000000012000002022222200 2
2 0 599710 437212 3 9 3 11 -1 -1 0000002000000000110000000000000000000000010000010000000001001000000002000000000110000000000010000000000012000002022222200 2
1 0 599706 437212 8 6 7 7 -1 -1 0000000200000000110000000000000000000000010000010000000001001000000002000000000110000000000010000000000012000002022222200 2
2 0 599706 435298 3 11 7 15 -1 -1 0000000200000000110000000000000000000000010000011000000000001000000002000000000110000000000010000000000012000002022222200 2
1 0 599703 435298 10 12 8 10 -1 -1 0000000000000000110000000000000000000000010000011000200000001000000002000000000110000000000010000000000012000002022222200 2
2 0 599703 432456 9 11 11 9 -1 -1 0000000000000000110000000000000000000000010000011000200000011000000002000000000100000000000010000000000012000002022222200 2
1 0 599700 432456 10 10 9 11 -1 -1 0000000000000000110000000000000000000000010000011000200000011000000000000000000100000000002010000000000012000002022222200 2
2 0 599700 430486 7 15 8 14 -1 -1 0000000000000000110000000000000000000000010000011000200000011000000001000000000000000000002010000000000012000002022222200 2
1 0 599697 430486 11 13 10 12 -1 -1 0000000000000000110000000000000000000000010000011000000000011200000001000000000000000000002010000000000012000002022222200 2
2 0 599697 428128 12 14 12 10 -1 -1 0000000000000000110000000000000000000000010000011000000000011200000001000000000010000000002000000000000012000002022222200 2
1 0 599694 428128 12 12 10 10 -1 -1 0000000000000000110000000000000000000000010000011000000000011200000001000000000010000000002000000000000210000002022222200 2
2 0 599694 426388 11 9 13 11 -1 -1 0000000000000000110000000000000000000000010000011000000000011200000001000000000110000000002000000000000200000002022222200 2
1 0 599691 426388 6 14 5 13 -1 -1 0000000000000000110000000000000000000000010000011000000000011200000001000000000110000000000000000000000200000002222222200 2
2 0 599691 425256 13 15 15 13 -1 -1 0000000000000000110000000000010000000000000000011000000000011200000001000000000110000000000000000000000200000002222222200 2
1 0 599688 425256 8 12 7 13 -1 -1 0000000000000000110000000000010000000000000000011000000000011200000001000000000110000000000000000000000200000002220222220 2
2 0 599688 424363 8 14 9 13 -1 -1 0000000000000000110000000000010000000000000000011001000000010200000001000000000110000000000000000000000200000002220222220 2
1 0 599685 424363 4 14 3 13 -1 -1 0000000000000000110000000000010000000000000000011001000000010000000001200000000110000000000000000000000200000002220222220 2
2 0 599685 423160 9 13 11 11 -1 -1 0000000010000000100000000000010000000000000000011001000000010000000001200000000110000000000000000000000200000002220222220 2
1 0 599682 423160 4 12 2 14 -1 -1 0000000010000000100000000000010000000000000000011001000000010000000001000000000110000000000200000000000200000002220222220 2
2 0 599682 422267 11 11 12 12 -1 -1 0000010010000000000000000000010000000000000000011001000000010000000001000000000110000000000200000000000200000002220222220 2
1 0 599679 422267 7 5 6 6 -1 -1 0000010010000000000000000000010000000000000000011001000000010000000001000000000110000000000000000000000220000002220222220 2
2 0 599679 421499 14 10 16 12 -1 -1 0000010010000000000000000000010000000100000000001001000000010000000001000000000110000000000000000000000220000002220222220 2
1 0 599676 421499 7 7 6 8 -1 -1 0000010010000000000000000000010000000100000000001001000000010000000001000000000110000000000000000000000220000002220022222 2
2 0 599676 420580 12 10 12 14 -1 -1 0000010010000000000000000000010000000110000000000001000000010000000001000000000110000000000000000000000220000002220022222 2
1 0 599673 420580 8 10 7 11 -1 -1 0000010010000000000000000000010000000110000000000001000000010000000001000000000110000000000000000000000022000002220022222 2
2 0 599673 419582 12 14 13 15 -1 -1 0000010010000000000000000000010000000110000000000011000000000000000001000000000110000000000000000000000022000002220022222 2
1 0 599670 419582 9 11 8 12 -1 -1 0000010010000000000000000000010000000110000000000011000000000000000001000000000110000000000000000000000020000002222022222 2
2 0 599670 418994 12 12 14 10 -1 -1 0000010010000000000000000000010000000110000000000011000000001000000000000000000110000000000000000000000020000002222022222 2
