1322293683000
ccplus
kingfish
1 0 599869 600000 14 10 12 8 -1 -1 2222222222000000000000000000000000000000000000000000000000000000000000000000000000000000000000000000000000000001111111111 2
2 0 599869 599905 2 14 4 12 -1 -1 2222222222000000000000000000000000000000000000000000000000000000000000000000000000000000000000000000001000000001111011111 2
1 0 599826 599905 16 12 12 12 10 14 2222202222000000200000000000000000000000000000000000000000000000000000000000000000000000000000000000001000000001111011111 2
2 0 599826 599904 0 12 4 16 -1 -1 2222202222000000200000000000000000000000000000000000000000000000000000000000000003000000000000000000001010000001111011110 2
1 0 599792 599904 13 9 9 9 10 8 0222202222000000202000000000000000000000000000000000000000000000000000000000000003000000000000000000001010000001111011110 2
2 0 599792 599903 3 11 5 13 -1 -1 0222202222000000202000000000000000000000000000000000000000000000000010000000003003000000000000000000001010000000111011110 2
1 0 599763 599903 13 11 9 15 -1 -1 0222202022000000202000000000020000000000000000000000000000000000000010000000003003000000000000000000001010000000111011110 2
2 0 599763 599902 2 12 6 12 -1 -1 0222202022000000202000000000020000000000000000000000000000000000000010010000003003000000000000000000001010000000011011110 2
1 0 599725 599902 15 11 14 10 -1 -1 0222002022000000202000000000020000000000200000000000000000000000000010010000003003000000000000000000001010000000011011110 2
2 0 599725 599901 3 13 7 13 -1 -1 0222002022000000202000000000020000000000200000000000000000000000000010010000003003000000000000000000001010000000011111010 2
1 0 599693 599901 15 13 11 13 -1 -1 0222002002000000202000000000020000000000200000000002000000000000000010010000003003000000000000000000001010000000011111010 2
2 0 599693 593836 6 12 12 14 -1 -1 0222002002000000202000000000020000000000200000000002000000000000000010010000003003000000000010000000001010000000011111000 2
1 0 599649 593836 9 9 8 10 -1 -1 0222002002000000202000000000020000000000000000000002000000000000000010010000003003000000000010000000001012000000011111000 2
2 0 599649 590252 4 12 4 14 -1 -1 0222002002000000202000000000020000000000000000000002000000010000000000010000003003000000000010000000001012000000011111000 2
1 0 599621 590252 13 13 7 11 -1 -1 0222002002000000022000000000020000000000000000000002000000010000000000010000003003000000000010000000001012000000011111000 2
2 0 599621 584520 4 16 8 8 -1 -1 0222002002000000022000000000020000000000000000000012000000010000000000010000003003000000000010000000001012000000001111000 2
1 0 599582 584520 8 10 8 12 -1 -1 0222002002000000020000000000020000000000000000000012000000210000000000010000003003000000000010000000001012000000001111000 2
2 0 599582 579697 2 10 6 14 -1 -1 0222002002000000020000000000020000000000000000000012000000201000000000010000003003000000000010000000001012000000001111000 2
1 0 599537 579697 11 13 11 11 -1 -1 0220002002000000020000000000020000000000020000000012000000201000000000010000003003000000000010000000001012000000001111000 2
2 0 599537 571820 7 13 11 13 -1 -1 0220002002000000020000000000020000000000020000000012000000201000000000010000003003000000000100000000001012000000001111000 2
1 0 599474 571820 12 8 12 10 -1 -1 0220002002000000020000000000020000000000020000000010000000201000000000010000003003000000000120000000001012000000001111000 2
2 0 599474 564978 4 14 8 14 -1 -1 0220002002000000020000000000020000000000020000000010000000201000000000010000003003000000000120000000000112000000001111000 2
1 0 599415 564978 9 15 5 11 -1 -1 0220002002000000000000000000020000000000020000000010000000201200000000010000003003000000000120000000000112000000001111000 2
2 0 599415 560518 5 13 13 13 -1 -1 0220002002000000000000000000120000000000020000000010000000201200000000000000003003000000000120000000000112000000001111000 2
1 0 599371 560518 11 11 5 13 -1 -1 0220002002000000000000000000100000000000020000000010000000201200000000000000003003000000000120000000000112000000021111000 2
2 0 599371 555349 8 8 9 7 -1 -1 0220002002000000000000000000110000000000020000000010000000201200000000000000003003000000000020000000000112000000021111000 2
1 0 599332 555349 5 13 4 14 -1 -1 0220002002000000000000000000110000000000020000000010000000001200000200000000003003000000000020000000000112000000021111000 2
2 0 599332 548975 3 15 15 11 -1 -1 0220002002000000010000000000100000000000020000000010000000001200000200000000003003000000000020000000000112000000021111000 2
1 0 599284 548975 14 10 13 9 -1 -1 0220002000000000010000000000100000000000020000000010000000001200000200000000003003000000000020000000000112000000021111200 2
2 0 599284 544487 6 14 7 15 -1 -1 0220002000000000010000000000100000000000020000000010000000001200000200000000003003000000000020000000000112000001021011200 2
1 0 599226 544487 14 12 13 11 -1 -1 0220002000000000010000000000100000000000000000000010200000001200000200000000003003000000000020000000000112000001021011200 2
2 0 599226 541509 7 15 11 11 -1 -1 0220002000000000010000000000100000000000000000000010200000001200000200000000003003000000000020000000000112000001121001200 2
1 0 599196 541509 12 12 8 8 -1 -1 0220002000000000010000000000100000000000000000000010000000001200000200000000003003000000000220000000000112000001121001200 2
2 0 599196 537068 3 9 4 10 -1 -1 0220002000000000010000000000100000000000000000000010000000101200000200000000003003000000000220000000000102000001121001200 2
1 0 599150 537068 8 8 7 9 -1 -1 0220000000000002010000000000100000000000000000000010000000101200000200000000003003000000000220000000000102000001121001200 2
2 0 599150 532255 9 7 11 9 -1 -1 0220000000000002010000000000100000000000000000000110000000001200000200000000003003000000000220000000000102000001121001200 2
1 0 599111 532255 8 12 9 11 -1 -1 0220000000000002010000000000100000000000000000000110000000001200000000000000003003000000002220000000000102000001121001200 2
2 0 599111 528289 11 11 12 12 -1 -1 0220000000000002010000000000100000000000000000000110000000000200000001000000003003000000002220000000000102000001121001200 2
1 0 599080 528289 13 9 7 15 -1 -1 0220000000000002010000000000100000000000000000000110000000000200000001000000003003000000002020000000000122000001121001200 2
2 0 599080 523896 4 10 10 12 -1 -1 0220000000000002010000000000100000000000000000000110100000000200000001000000003003000000002020000000000122000000121001200 2
1 0 599046 523896 4 14 3 13 -1 -1 0220000000000000010000000000100000000000000000000110100000000200000001000000003023000000002020000000000122000000121001200 2
2 0 599046 519616 1 13 2 14 -1 -1 0220000010000000000000000000100000000000000000000110100000000200000001000000003023000000002020000000000122000000121001200 2
1 0 599014 519616 3 13 2 12 -1 -1 0200020010000000000000000000100000000000000000000110100000000200000001000000003023000000002020000000000122000000121001200 2
2 0 599014 515680 1 11 3 13 -1 -1 0200120000000000000000000000100000000000000000000110100000000200000001000000003023000000002020000000000122000000121001200 2
1 0 598981 515680 2 12 1 13 -1 -1 0000120020000000000000000000100000000000000000000110100000000200000001000000003023000000002020000000000122000000121001200 2
2 0 598981 512465 2 14 12 8 -1 -1 0010020020000000000000000000100000000000000000000110100000000200000001000000003023000000002020000000000122000000121001200 2
1 0 598946 512465 1 13 0 12 -1 -1 0010000020000000000000000000100000000000000000000110100000000200000001000000003023000000002020000000002122000000121001200 2
2 0 598946 507990 8 14 9 13 -1 -1 1000000020000000000000000000100000000000000000000110100000000200000001000000003023000000002020000000002122000000121001200 2
1 0 598923 507990 5 11 4 12 -1 -1 1000000020000000000000000000100000000000000000000110100000000000000001200000003023000000002020000000002122000000121001200 2
2 0 598923 505960 9 13 13 9 -1 -1 1000000020000000100000000000000000000000000000000110100000000000000001200000003023000000002020000000002122000000121001200 2
1 0 598902 505960 4 12 2 14 -1 -1 1000000020000000100000000000000000000000000000000110100000000000000001000000003023000000002020000000002122000002121001200 2
2 0 598902 503438 12 14 14 12 -1 -1 1000010020000000000000000000000000000000000000000110100000000000000001000000003023000000002020000000002122000002121001200 2
1 0 598881 503438 2 14 1 13 -1 -1 1000010020000000000000000000000000000000000000000110100000000000000001000000003023000000002020000000002120000002121021200 2
2 0 598881 500286 10 12 12 14 -1 -1 1010000020000000000000000000000000000000000000000110100000000000000001000000003023000000002020000000002120000002121021200 2
1 0 598860 500286 7 9 6 8 -1 -1 1010000020000000000000000000000000000000000000000110100000000000000001000000003003000000002020000000002122000002121021200 2
2 0 598860 497652 14 12 15 13 -1 -1 1010000020000000000000000000000000000010000000000010100000000000000001000000003003000000002020000000002122000002121021200 2
1 0 598840 497652 6 8 5 9 -1 -1 1010000020000000000000000000000000000010000000000010100000000000000001000000003003000000002020000000002122000002121001220 2
2 0 598840 494861 12 12 16 12 -1 -1 1010000020000000000000000001000000000000000000000010100000000000000001000000003003000000002020000000002122000002121001220 2
1 0 598818 494861 12 10 11 11 -1 -1 1010000020000000000000000001000000000000000000000010100000000000000001000000003003000000002020000000002102000002121001222 2
2 0 598818 491674 11 13 12 12 -1 -1 1010000020000000000000000001000000000000000000000010100000000000000001000000003003000000002120000000002002000002121001222 2
1 0 598791 491674 14 14 14 12 -1 -1 1010000020000000000000000001000000000000000000000010100000000000000001000000003003000000002100000000002022000002121001222 2
2 0 598791 488833 11 9 12 10 -1 -1 1010000020000000000000000001000000000000000000000010100000000000000001000000003003000000002100000000002022000002121010222 2
1 0 598765 488833 13 11 9 15 -1 -1 1010000020000000000000000001000000000000000000000010100000000000000001000000003003000000000100000000002222000002121010222 2
2 0 598765 484833 12 12 13 11 -1 -1 1010000020000000000000000001000000000000000000000010100000000000000001010000003003000000000100000000002222000002021010222 2
1 0 598734 484833 14 12 14 14 -1 -1 1010000020000000000000000001000000000000000000000010100000000000000001010000003003000000000100000000002202000002221010222 2
2 0 598734 481121 12 8 12 12 -1 -1 1010000020000000000000000001000000000000000000000010100000000000000001010000003003000000000100000000002202000002221001222 2
1 0 598706 481121 14 14 12 16 -1 -1 1010000020000000000000000001000000000000000000000010100000000000000001010000003003000000000100000000000222000002221001222 2
2 0 598706 478367 3 13 4 12 -1 -1 1010000020000000000000000001000000000000000000000010100000000000000001010000003003000000000100000000000222100002221000222 2
1 0 598676 478367 12 16 11 15 -1 -1 1010000000000000200000000001000000000000000000000010100000000000000001010000003003000000000100000000000222100002221000222 2
2 0 598676 475981 4 12 5 11 -1 -1 1010000000000000200000000001000000000000000000000010100000000000000001010000003003000000000101000000000222000002221000222 2
1 0 598641 475981 9 15 8 16 -1 -1 1010000000000000000000000001200000000000000000000010100000000000000001010000003003000000000101000000000222000002221000222 2
2 0 598641 471835 12 14 14 12 -1 -1 1010000000000000000000000001200000000000000000000010100000000010000001000000003003000000000101000000000222000002221000222 2
1 0 598610 471835 13 15 12 14 -1 -1 1010000000000000000000000001200000000000000000000010100000000010000001000000003003000000000101000000000220000002221020222 2
2 0 598610 469084 12 12 14 14 -1 -1 1010000000000000000000000001200000000000000000000010100000000010000001000000003003000000000101000000000221000002220020222 2
1 0 598572 469084 8 16 6 14 -1 -1 1010000000000000000000000001200000000000000000000010100000000010000001000000003003000000000101000000000201000002220022222 2
2 0 598572 466547 5 11 6 12 -1 -1 1010000000000000000000000001200000000000010000000010100000000000000001000000003003000000000101000000000201000002220022222 2
1 0 598529 466547 7 11 7 9 -1 -1 1010000000000000000000000001000000000000210000000010100000000000000001000000003003000000000101000000000201000002220022222 2
2 0 598529 463541 12 10 12 12 -1 -1 1010000000000000000000000001000000000000210000000100100000000000000001000000003003000000000101000000000201000002220022222 2
1 0 598488 463541 6 14 4 8 -1 -1 1010000000000000000000000001000000000000210000000100100000000000000001000000003003000000000101000000000021000002220022222 2
2 0 598488 461748 14 14 13 15 -1 -1 1010000000000010000000000001000000000000200000000100100000000000000001000000003003000000000101000000000021000002220022222 2
1 0 598450 461748 11 15 9 13 -1 -1 1010000000000010000000000001000000000000200000000100100000000000000001000000003003000000000101000000000021000002222020222 2
2 0 598450 459448 12 12 14 10 -1 -1 1010000000000010000000000001000000000000200000000100100000000000000001100000003003000000000100000000000021000002222020222 2
1 0 598413 459448 11 11 11 13 -1 -1 1010000000000010000000000001000000000000200000000100100000000000000001100000003003000000000100000000000001000002222220222 2
2 0 598413 458777 6 12 7 11 -1 -1 1010000000000010000000000001000000000000200000000100100000000000000001100000003003000000000010000000000001000002222220222 2
1 0 598369 458777 12 14 4 10 -1 -1 1010000000000010000000000001000000000000000000000120100000000000000001100000003003000000000010000000000001000002222220222 2
2 0 598369 457923 7 11 8 12 -1 -1 1010000000000011000000000001000000000000000000000120100000000000000001100000003003000000000010000000000000000002222220222 2
1 0 598325 457923 9 11 8 10 -1 -1 1010000000000011000000000001000000000000000000000100100000002000000001100000003003000000000010000000000000000002222220222 2
2 0 598325 457198 8 12 9 11 -1 -1 1010000000000011000000000001000000000000000000000100100000012000000000100000003003000000000010000000000000000002222220222 2
1 0 598281 457198 9 13 8 14 -1 -1 1010000000000011000000000001000000000000000000000100100000010000000002100000003003000000000010000000000000000002222220222 2
2 0 598281 456239 9 11 10 12 -1 -1 1010000000000011000000000001000000000000000000000100100000010100000002000000003003000000000010000000000000000002222220222 2
1 0 598240 456239 7 9 6 8 -1 -1 1010000000000011000000000001000000000000000000000100100000010100000000000000003023000000000010000000000000000002222220222 2
2 0 598240 455301 10 12 12 14 -1 -1 1010000000000011000000000001000000000010000000000000100000010100000000000000003023000000000010000000000000000002222220222 2
1 0 598222 455301 11 13 7 13 -1 -1 1010000000000011000000000001000000000010000000000000100000010100000000000000003003000000000010000000000002000002222220222 2
2 0 598222 454851 12 14 12 12 -1 -1 1010000000000011000000000001000000000010000000000001100000010100000000000000003003000000000000000000000002000002222220222 2
1 0 598203 454851 5 9 3 11 -1 -1 1010000000000011000000000001000000000010000000000001100000010100000000000000003003000000000000000000000020000002222220222 2
2 0 598203 454414 12 12 14 14 -1 -1 1010000100000011000000000000000000000010000000000001100000010100000000000000003003000000000000000000000020000002222220222 2
