1322290908000
droptable
kingfish
1 0 595799 600000 13 15 12 14 -1 -1 2222222222000000000000000000000000000000000000000000000000000000000000000000000000000000000000000000000000000001111111111 1
2 0 595799 599901 2 14 4 12 -1 -1 2222222222000000000000000000000000000000000000000000000000000000000000000000000000000000000000000000000001000001110111111 1
1 0 587976 599901 15 13 11 13 -1 -1 2222202222000000200000000000000000000000000000000000000000000000000000000000000000000000000000000000000001000001110111111 1
2 0 587976 599900 0 12 4 16 -1 -1 2222202222000000200000000000000000000000000000000000000000000000000000000000000000000000000010000000000001000001110111101 1
1 0 579727 599900 14 14 12 16 -1 -1 0222202222000000202000000000000000000000000000000000000000000000000000000000000000000000000010000000000001000001110111101 1
2 0 579727 599899 2 12 4 10 -1 -1 0222202222000000202000000000000000000000000000000000000000000000000000000000000000000000000010000000000001100001110110101 1
1 0 570772 599899 12 16 11 17 -1 -1 0222002222000002202000000000000000000000000000000000000000000000000000000000000000000000000010000000000001100001110110101 1
2 0 570772 599898 3 9 5 11 -1 -1 0222002222000002202000000000000000000000000000000000000000000000000000000000000000000000000010100000000001000001110110101 1
1 0 557554 599898 14 10 10 14 -1 -1 0222000222000002202000000000200000000000000000000000000000000000000000000000000000000000000010100000000001000001110110101 1
2 0 557554 599897 1 11 3 9 -1 -1 0222000222000002202000000000200000000000000000000000000000000000000000000000000001000000000010100000000001000001110010101 1
1 0 552668 599897 16 12 10 18 -1 -1 0022002222000002202000000000200000000000000000000000000000000000000000000000000001000000000010100000000001000001110010101 1
2 0 552668 599752 3 11 5 13 -1 -1 0022002222000002202000000000200000000000000000000000000000000000000000000000000001010000000010100000000001000001110010100 1
1 0 539164 599752 13 13 9 17 -1 -1 0022002022000002202000000000220000000000000000000000000000000000000000000000000001010000000010100000000001000001110010100 1
2 0 539164 599751 4 10 6 12 -1 -1 0022002022000002202000000000220000000000000000000000000000000000000000001000000001010000000010100000000001000001100010100 1
1 0 529249 599751 15 11 11 11 -1 -1 0022002022000000202000000000220000000000200000000000000000000000000000001000000001010000000010100000000001000001100010100 1
2 0 529249 599750 4 12 6 10 -1 -1 0022002022000000202000000000220000000000200000000000000000000000000000001000000001010000000110100000000001000001100010000 1
1 0 522153 599750 11 17 9 15 -1 -1 0022002022000000002000000000220000000002200000000000000000000000000000001000000001010000000110100000000001000001100010000 1
2 0 522153 599749 4 16 6 14 -1 -1 0022002022000000002000000000220000000002200000000000000000000000000000011000000001010000000110000000000001000001100010000 1
1 0 507513 599749 14 12 8 14 -1 -1 0022002022000000000000000000220000000002220000000000000000000000000000011000000001010000000110000000000001000001100010000 1
2 0 507513 593233 5 13 13 13 -1 -1 0022002022000000000000000000220000000002220000000000000000000100000000011000000001010000000110000000000001000001100000000 1
1 0 502535 593233 13 9 12 10 -1 -1 0022002022000000000000000000200000000002220000000000000000000100000000011000000001010000000110000000000001000001120000000 1
2 0 502535 585702 6 14 7 15 -1 -1 0022002022000000000000000000200000000002220000000000000000000100000000011000000001010000000110000000000101000000120000000 1
1 0 484826 585702 10 18 8 16 -1 -1 0022002022000000000000000000200000000002200000000000200000000100000000011000000001010000000110000000000101000000120000000 1
2 0 484826 580771 2 10 4 8 -1 -1 0022002022000000000000000000200000000002200000000000200000000110000000011000000001000000000110000000000101000000120000000 1
1 0 472185 580771 9 15 7 13 -1 -1 0020002022000020000000000000200000000002200000000000200000000110000000011000000001000000000110000000000101000000120000000 1
2 0 472185 576170 3 9 4 10 -1 -1 0020002022000020000000000000200000000002200000000001200000000110000000001000000001000000000110000000000101000000120000000 1
1 0 462302 576170 11 13 7 17 -1 -1 0020000022000022000000000000200000000002200000000001200000000110000000001000000001000000000110000000000101000000120000000 1
2 0 462302 568561 6 10 8 12 -1 -1 0020000022000022000000000000200000000002200000000001210000000110000000001000000001000000000100000000000101000000120000000 1
1 0 454417 568561 12 10 10 12 -1 -1 0020000022000022000000000000200000000000200000000001210000002110000000001000000001000000000100000000000101000000120000000 1
2 0 454417 559493 3 15 9 13 -1 -1 0020000022000022000000000000200000000000200000000001210000002110000000001000000011000000000100000000000001000000120000000 1
1 0 448502 559493 13 11 9 11 -1 -1 0020000020000022000000000000200000000000200000000001210000002110000000201000000011000000000100000000000001000000120000000 1
2 0 448502 551210 4 8 6 14 -1 -1 0020000020000022000000000000200000000000200000000001210000002110000001201000000011000000000100000000000001000000020000000 1
1 0 445112 551210 9 17 8 18 -1 -1 0020000020000002000000000000200000000000220000000001210000002110000001201000000011000000000100000000000001000000020000000 1
2 0 445112 545471 8 12 14 14 -1 -1 0020000020000002000000000000200000000000220000000001210000002111000001200000000011000000000100000000000001000000020000000 1
1 0 440936 545471 12 14 11 13 -1 -1 0020000020000002000000000000200000000000220000000001210000000111000001200000000011000000000100000000000001000000020002000 1
2 0 440936 541092 3 13 2 12 -1 -1 0020000020000002000000000000200000000000220000000001210000000111000001200000000011000000000110000000000000000000020002000 1
1 0 438134 541092 11 13 9 15 -1 -1 0020200000000002000000000000200000000000220000000001210000000111000001200000000011000000000110000000000000000000020002000 1
2 0 438134 537365 7 15 9 17 -1 -1 0020200000000002000000000000200000000000220000000001210000000111000001210000000011000000000100000000000000000000020002000 1
1 0 433309 537365 8 16 7 15 -1 -1 0020200000000002000000000000200000000000220000000001010000000111000001212000000011000000000100000000000000000000020002000 1
2 0 433309 533349 1 13 5 13 -1 -1 0020200000000002000000000000200000000000220000000001110000000101000001212000000011000000000100000000000000000000020002000 1
1 0 425966 533349 9 15 8 16 -1 -1 0000200000000002000000000000220000000000220000000001110000000101000001212000000011000000000100000000000000000000020002000 1
2 0 425966 528760 6 14 12 12 -1 -1 0000200000000002000000000000220000000000220000000001110000000111000001202000000011000000000100000000000000000000020002000 1
1 0 418160 528760 8 16 4 8 -1 -1 0000200000000002000000000000220000000000200000000001110000000111000001202000000011000000000100000000000020000000020002000 1
2 0 418160 523590 6 12 6 14 -1 -1 0000200000000012000000000000220000000000200000000001110000000101000001202000000011000000000100000000000020000000020002000 1
1 0 408244 523590 10 14 6 18 -1 -1 0000200000000012000000000000220000000000020000000001110000000101000001202000000011000000000100000000000020000000020002000 1
2 0 408244 514391 12 12 13 11 -1 -1 0000200000000012000000000000220000000000020100000001110000000101000001202000000010000000000100000000000020000000020002000 1
1 0 400741 514391 11 11 10 10 -1 -1 0000200000000012000000000000220000000000020100000001110000000101000001202000000010000000000100000000000000000000220002000 1
2 0 400741 506489 4 10 6 12 -1 -1 0000200000000012000000000000220000000000020100000001110000000101000001202000000110000000000000000000000000000000220002000 1
1 0 395263 506489 8 18 6 16 -1 -1 0000200000000010000000000000220000000000220100000001110000000101000001202000000110000000000000000000000000000000220002000 1
2 0 395263 500832 9 13 11 11 -1 -1 0000200000000010000000000000220000000000221100000001110000000100000001202000000110000000000000000000000000000000220002000 1
1 0 389196 500832 4 8 3 9 -1 -1 0000200000000010000000000000220000000000221100000001110000000100000001002000000110000000000200000000000000000000220002000 1
2 0 389196 495642 11 11 12 10 -1 -1 0000201000000000000000000000220000000000221100000001110000000100000001002000000110000000000200000000000000000000220002000 1
1 0 385340 495642 10 12 9 13 -1 -1 0000201000000000000000000000220000000000221100000001110000000100000001002000000110000000000000000000000200000000220002000 1
2 0 385340 490040 6 14 8 12 -1 -1 0000201000000000000000000000220000000000221100000001110000000100000001102000000100000000000000000000000200000000220002000 1
1 0 377289 490040 9 13 7 11 -1 -1 0000201000000000000000000000220000000000201100000001110000002100000001102000000100000000000000000000000200000000220002000 1
2 0 377289 484372 12 10 14 12 -1 -1 0000201000000000000000000000220000000000201100000011110000002100000001002000000100000000000000000000000200000000220002000 1
1 0 370841 484372 3 9 2 10 -1 -1 0000201000000000000000000000220000000000201100000011110000002100000001002000000100000000000000000000000000000000220022000 1
2 0 370841 481527 2 12 3 11 -1 -1 0001200000000000000000000000220000000000201100000011110000002100000001002000000100000000000000000000000000000000220022000 1
1 0 368386 481527 6 18 4 12 -1 -1 0001000200000000000000000000220000000000201100000011110000002100000001002000000100000000000000000000000000000000220022000 1
2 0 368386 477523 5 13 6 14 -1 -1 0001000200000000100000000000220000000000201000000011110000002100000001002000000100000000000000000000000000000000220022000 1
1 0 357175 477523 7 17 5 15 -1 -1 0001000200000000100000000000200000000000221000000011110000002100000001002000000100000000000000000000000000000000220022000 1
2 0 357175 474550 3 11 5 13 -1 -1 0001000200000000100000000000201000000000221000000011100000002100000001002000000100000000000000000000000000000000220022000 1
1 0 351001 474550 4 12 3 11 -1 -1 0001000000000000100000000000221000000000221000000011100000002100000001002000000100000000000000000000000000000000220022000 1
2 0 351001 470789 6 14 10 18 -1 -1 0001000100000000000000000000221000000000221000000011100000002100000001002000000100000000000000000000000000000000220022000 1
1 0 348865 470789 9 11 8 10 -1 -1 0001000100000000000000000000221000000000201000000011100000002100000001002000000100020000000000000000000000000000220022000 1
2 0 348865 467194 10 18 11 17 -1 -1 0001000100000000000000000000221000000000201000000011100000012100000000002000000100020000000000000000000000000000220022000 1
1 0 347327 467194 10 10 9 11 -1 -1 0001000100000000000000000000221000000000201000000011100000012100000000002000000100000000000000200000000000000000220022000 1
2 0 347327 463588 8 12 12 16 -1 -1 0001000100000000000000000000221000000000201000000011100000012100000001002000000000000000000000200000000000000000220022000 1
1 0 344353 463588 9 11 8 12 -1 -1 0001000100000000000000000000221000000000201000000011100000010100000001002000000000000000000000200000000000200000220022000 1
2 0 344353 460355 5 13 6 14 -1 -1 0001000100000000000000000000221000000000201000000011100000011100000000002000000000000000000000200000000000200000220022000 1
1 0 338443 460355 8 12 4 12 -1 -1 0001000100000000000000000000201000000000221000000011100000011100000000002000000000000000000000200000000000200000220022000 1
2 0 338443 454716 12 16 13 15 -1 -1 0001000100000000100000000000201000000000221000000011100000010100000000002000000000000000000000200000000000200000220022000 1
1 0 331830 454716 6 16 2 12 -1 -1 0001000100000000100000000000201000000000221000000011100000010100000000002000000000000000000000200000000000000000222022000 1
2 0 331830 450854 6 14 12 16 -1 -1 0001100100000000100000000000201000000000220000000011100000010100000000002000000000000000000000200000000000000000222022000 1
1 0 326623 450854 3 11 1 13 -1 -1 0001100100000000100000000000201000000000200000000011100000010100000000002000000000000000000000200000000000200000222022000 1
2 0 326623 447591 9 17 10 16 -1 -1 0011100000000000100000000000201000000000200000000011100000010100000000002000000000000000000000200000000000200000222022000 1
1 0 321615 447591 8 14 4 10 -1 -1 0011100000000000100000000000201000000000200000000011100000010100000000000000000000200000000000200000000000200000222022000 1
2 0 321615 445125 10 16 12 14 -1 -1 0011100000000001100000000000201000000000200000000011100000010000000000000000000000200000000000200000000000200000222022000 1
1 0 316503 445125 7 15 6 14 -1 -1 0011100000000001100000000000201000000000200000000011100000010000000000000000000000000000000000200000000002200000222022000 1
2 0 316503 442881 12 16 14 10 -1 -1 0011100000000001100000000000201000000000210000000011000000010000000000000000000000000000000000200000000002200000222022000 1
1 0 313380 442881 7 11 3 11 -1 -1 0011100000000001100000000000201000000000210000000011000000010000000000000000000000000000000000200000000002000000222222000 1
2 0 313380 440891 6 12 8 14 -1 -1 0011100100000001100000000000201000000000210000000001000000010000000000000000000000000000000000200000000002000000222222000 1
1 0 311365 440891 8 10 7 11 -1 -1 0011100100000001100000000000201000000000010000000001000000010200000000000000000000000000000000200000000002000000222222000 1
2 0 311365 439322 5 11 6 12 -1 -1 0011100100000001100000000000201000000000010000000011000000000200000000000000000000000000000000200000000002000000222222000 1
1 0 299248 439322 7 11 5 13 -1 -1 0011100100000001100000000000001000000000210000000011000000000200000000000000000000000000000000200000000002000000222222000 1
2 0 299248 438302 8 14 9 13 -1 -1 0011100100000001100000000000011000000000210000000001000000000200000000000000000000000000000000200000000002000000222222000 1
1 0 269254 438302 7 13 1 11 -1 -1 0011100100000001100000000000011000000000210000000001000000000000000000200000000000000000000000200000000002000000222222000 1
2 0 269254 436893 6 12 7 13 -1 -1 0111100100000001100000000000011000000000210000000000000000000000000000200000000000000000000000200000000002000000222222000 1
1 0 269252 436893 2 10 0 12 7 15 0111100100000001100000000000011000000000010000000002000000000000000000200000000000000000000000200000000002000000222222000 1
2 0 269252 435837 7 13 8 12 -1 -1 1110100100000001100000000000011000000000010000000002300000000000000000200000000000000000000000200000000002000000222222000 1
1 0 269250 435837 5 15 3 13 -1 -1 1110100100000001100000000000011000000000010000000000300000002000000000200000000000000000000000200000000002000000222222000 1
2 0 269250 434546 8 12 10 14 -1 -1 1110100110000001100000000000010000000000010000000000300000002000000000200000000000000000000000200000000002000000222222000 1
1 0 269248 434546 4 12 2 14 -1 -1 1110100110000001100000000000010000000000010000000000300000000000000000200000000002000000000000200000000002000000222222000 1
2 0 269248 433430 13 13 13 9 -1 -1 1110110110000001000000000000010000000000010000000000300000000000000000200000000002000000000000200000000002000000222222000 1
1 0 269247 433430 6 14 2 10 -1 -1 1110110110000001000000000000010000000000010000000000300000000000000000200000000002000000000000200000000002000002202222000 1
2 0 269247 432393 9 13 15 11 -1 -1 1111110110000001000000000000010000000000000000000000300000000000000000200000000002000000000000200000000002000002202222000 1
1 0 269246 432393 5 13 4 12 -1 -1 1111110110000001000000000000010000000000000000000000300000000000000000000000000002000000000000200000000002000002202222200 1
2 0 269246 431715 10 14 11 15 -1 -1 1111110110000001100000000000000000000000000000000000300000000000000000000000000002000000000000200000000002000002202222200 1
1 0 269245 431715 4 10 3 9 -1 -1 1111110110000001100000000000000000000000000000000000300000000000000000000000000000000000000002200000000002000002202222200 1
2 0 269245 431532 11 15 13 13 -1 -1 1111111110000000100000000000000000000000000000000000300000000000000000000000000000000000000002200000000002000002202222200 1
1 0 269244 431532 3 11 3 15 -1 -1 1111111110000000100000000000000000000000000000000000300000000000000000000000000000000000000000200000000002000002222222200 1
2 0 269244 431489 11 17 12 16 -1 -1 1111111011000000100000000000000000000000000000000000300000000000000000000000000000000000000000200000000002000002222222200 1
1 0 269244 431489 4 12 3 11 -1 -1 1111111011000000100000000000000000000000000000000000300000000000000000000000000000000000000000000000000002200002222222200 1
