1322295181000
kingfish
benny
1 0 599811 600000 14 10 12 12 -1 -1 2222222222000000000000000000000000000000000000000000000000000000000000000000000000000000000000000000000000000001111111111 1
2 0 599811 599997 2 14 4 16 -1 -1 2222222222000000000000000000000000000000000000000000000000000000000000000000000000000000000000000000000010000001111011111 1
1 0 599809 599997 16 12 12 8 -1 -1 2222202222000000002000000000000000000000000000000000000000000000000000000000000000000000000000000000000010000001111011111 1
2 0 599809 599997 0 12 4 12 -1 -1 2222202222000000002000000000000000000000000000000000000000000000000000000000000000000000000000000000001010000001111011110 1
1 0 599808 599997 13 13 11 11 -1 -1 0222202222000000202000000000000000000000000000000000000000000000000000000000000000000000000000000000001010000001111011110 1
2 0 599808 599997 3 15 5 17 -1 -1 0222202222000000202000000000000000000000000000000000000000000000000000000000000000000000000100000000001010000001101011110 1
1 0 599807 599997 14 12 10 12 -1 -1 0222202220000000202000000000000200000000000000000000000000000000000000000000000000000000000100000000001010000001101011110 1
2 0 599807 599996 3 11 7 15 6 14 0222202220000000202000000000000200000000000000000000000000000000000000000000000010000000000100000000001010000001101001110 1
1 0 599806 599996 13 11 9 11 -1 -1 0222202020000000202000000000000200000000030000000000200000000000000000000000000010000000000100000000001010000001101001110 1
2 0 599806 599995 2 12 8 14 7 13 0222202020000000202000000000000200000000030000000000200000000000000001000000000010000000000100000000001010000001001001110 1
1 0 594049 599995 12 8 11 9 -1 -1 0222002020000000202000000000000200000000030000000003200000000200000001000000000010000000000100000000001010000001001001110 1
2 0 594049 599993 7 15 9 13 -1 -1 0222002020000000202000000000000200000000030000000003200000000200000001000000000010000000001100000000000010000001001001110 1
1 0 586513 599993 14 14 8 12 -1 -1 0222002020000000202000000000000200000000030000000003000000000200000001200000000010000000001100000000000010000001001001110 1
2 0 586513 599992 5 17 7 15 -1 -1 0222002020000000202000000000000200000000030000000003000000001200000001200000000010000000001100000000000010000001001000110 1
1 0 584740 599992 8 12 7 11 -1 -1 0222002020000000202000000000000000000000030000000003200000001200000001200000000010000000001100000000000010000001001000110 1
2 0 584740 599992 3 13 5 11 -1 -1 0222002020000000202000000000000000000000030000000013200000000200000001200000000010000000001100000000000010000001001000110 1
1 0 580990 599992 12 12 6 10 -1 -1 0222002000000000202000000000200000000000030000000013200000000200000001200000000010000000001100000000000010000001001000110 1
2 0 580990 599991 5 11 7 9 -1 -1 0222002000000000202000000000200000000001030000000013200000000200000001200000000010000000001100000000000000000001001000110 1
1 0 575112 599991 15 11 14 10 -1 -1 0222002000000000202000000000000000000001030000000213200000000200000001200000000010000000001100000000000000000001001000110 1
2 0 575112 599990 2 10 4 8 -1 -1 0222002000000000202000000000000000000001030000000213200000000200000001200000000010000000001100000000000000000001001100010 1
1 0 569436 599990 14 10 8 12 -1 -1 0220002000000020202000000000000000000001030000000213200000000200000001200000000010000000001100000000000000000001001100010 1
2 0 569436 599989 3 9 5 7 -1 -1 0220002000000020202000000000000000000001030000000213200000001200000001200000000010000000001100000000000000000001001000010 1
1 0 566258 599989 10 12 4 10 -1 -1 0220000000000020202000000020000000000001030000000213200000001200000001200000000010000000001100000000000000000001001000010 1
2 0 566258 599988 8 14 12 10 -1 -1 0220000000000021202000000020000000000001030000000213200000001200000001200000000000000000001100000000000000000001001000010 1
1 0 561155 599988 11 11 10 12 -1 -1 0220000000000021202000000020000000000001030000000213200000001000000001200000000000000000001100000000000200000001001000010 1
2 0 561155 599988 9 13 11 11 -1 -1 0220000000000021202000000020000000000001030000000213200000001000000001200000000010000000001000000000000200000001001000010 1
1 0 554260 599988 10 12 4 6 -1 -1 0220000000000021202000000020000000000001030000000213200000001000000001000000000010000000001200000000000200000001001000010 1
2 0 554260 599987 4 8 6 6 -1 -1 0220000000000121202000000020000000000001030000000213200000001000000001000000000000000000001200000000000200000001001000010 1
1 0 547217 599987 7 11 3 11 -1 -1 0220000000000101202000000020000000000201030000000213200000001000000001000000000000000000001200000000000200000001001000010 1
2 0 547217 599986 7 15 9 9 -1 -1 0220000100000101202000000020000000000201030000000203200000001000000001000000000000000000001200000000000200000001001000010 1
1 0 541031 599986 4 10 2 12 -1 -1 0220000100000101202000000020000000000201030000000203000000001000000021000000000000000000001200000000000200000001001000010 1
2 0 541031 599985 1 11 5 11 -1 -1 0220100100000100202000000020000000000201030000000203000000001000000021000000000000000000001200000000000200000001001000010 1
1 0 525682 599985 13 9 12 8 -1 -1 0020100100000100202000000020200000000201030000000203000000001000000021000000000000000000001200000000000200000001001000010 1
2 0 525682 599984 11 11 13 9 -1 -1 0020100100000100202000000020200000000201030000000203000000001000000021000000000000000000001200000000001200000000001000010 1
1 0 514954 599984 12 8 8 8 -1 -1 0020100100000100202000000020200000000201030000000203000000001000000021000000000000000000001000000000001200000002001000010 1
2 0 514954 599984 7 9 9 7 -1 -1 0020100100000100202000000020200000000201030000000203000000101000000021000000000000000000001000000000000200000002001000010 1
1 0 504939 599984 8 8 7 9 -1 -1 0020100100000100202000000020200000000201030000000003000000101000000221000000000000000000001000000000000200000002001000010 1
2 0 504939 599983 5 7 7 5 -1 -1 0020100100000100202000000020200000000201030000000103000000001000000221000000000000000000001000000000000200000002001000010 1
1 0 492140 599983 9 11 8 10 -1 -1 0020100100000100202000000000200000000201030000020103000000001000000221000000000000000000001000000000000200000002001000010 1
2 0 492140 599982 6 6 8 4 -1 -1 0020100100000100202000000000200000000201030000020103000000011000000220000000000000000000001000000000000200000002001000010 1
1 0 485379 599982 8 10 4 10 -1 -1 0020100100000100202000000000200000000001030000020103000020011000000220000000000000000000001000000000000200000002001000010 1
2 0 485379 599981 13 9 14 10 -1 -1 0020100100000101202000000000200000000001030000020103000020001000000220000000000000000000001000000000000200000002001000010 1
1 0 477316 599981 4 10 3 9 -1 -1 0020100100000101202000000000200000000001030000020103000020001000000220000000000000000000001000000000000200000000001200010 1
2 0 477316 599980 14 10 15 11 -1 -1 0020101100000100202000000000200000000001030000020103000020001000000220000000000000000000001000000000000200000000001200010 1
1 0 464555 599980 11 9 10 8 -1 -1 0020101100000100202000000000200000000001030000020103000020001000000220000000000000000000001000000000000200000000001000210 1
2 0 464555 599980 9 7 13 11 -1 -1 0020101100000100202000000000200000000001030000020103000020001000000220000000001000000000000000000000000200000000001000210 1
1 0 458116 599980 10 8 4 10 -1 -1 0020101100000100202000000000200000000001030000020103000020001000000020000000001000000000000000000000000200000000201000210 1
2 0 458116 599979 12 10 14 12 -1 -1 0020101100000101202000000000200000000001030000020103000020001000000020000000000000000000000000000000000200000000201000210 1
1 0 453217 599979 8 12 7 11 -1 -1 0020101100000101202000000000200000000001030000020103000020001000000020000000000000000000000000000000000000000000201020210 1
2 0 453217 599978 15 11 16 12 -1 -1 0020101100000101202000000000200000000001030000020113000020000000000020000000000000000000000000000000000000000000201020210 1
1 0 448757 599978 13 15 12 14 -1 -1 0020101100000101202000000000200000000001030000020113000020000000000020000000000000000000000000000000000000000000201020012 1
2 0 448757 599977 14 12 15 11 -1 -1 0020101100000101202000000000200000000001030000020113000020000000000020000000000000000000000000000000000001000000200020012 1
1 0 444481 599977 12 14 11 13 -1 -1 0020101100000101202000000000200000000001030000020113000020000000000020000000000000000000000000000000000001000000200000212 1
2 0 444481 599977 13 11 14 12 -1 -1 0020101100000101202000000000200000000001030000020113000020000000000020000000000000000000000010000000000000000000200000212 1
1 0 440455 599977 15 13 13 11 -1 -1 0020101100000101202000000000200000000001030000020113000020000000000020000000000000000000000010000000000000000000000020212 1
2 0 440455 599976 14 12 15 13 -1 -1 0020101100000101202000000000200000000001030000020113000020000000000020000000000000000000000010000000000000000000100020202 1
1 0 435589 599976 13 11 12 12 -1 -1 0020101100000101202000000000200000000001030000020113000020000000000020000000000000000000000010000000000000000000100000222 1
2 0 435589 599973 9 9 10 8 -1 -1 0020101100000101202000000000200000000001030000020113000020000000000020000000000000000000000010000000000010000000000000222 1
1 0 431312 599973 12 12 10 14 -1 -1 0020101100000101202000000000200000000001030000020113000020000000000000000000002000000000000010000000000010000000000000222 1
2 0 431312 599973 10 8 11 7 -1 -1 0020101100000101202000000000200000000001030000020113000020000000000000000000002001000000000010000000000000000000000000222 1
1 0 426946 599973 11 13 9 15 -1 -1 0020101100000101202000000000200000000001030000020113000020000000000000000000000001000000020010000000000000000000000000222 1
2 0 426946 599972 11 7 12 8 -1 -1 0020101100000101202000000000200000000001030000020113000020000000000000010000000001000000020000000000000000000000000000222 1
1 0 423759 599972 7 11 5 13 -1 -1 0020101100000101202000000000200000000001030000020113000020000000000000010000000001000000000000000000002000000000000000222 1
2 0 423759 599972 12 8 13 9 -1 -1 0020101100000101202000000000210000000001030000020103000020000000000000010000000001000000000000000000002000000000000000222 1
1 0 420143 599972 10 14 10 16 -1 -1 0020101100000101202000000000210000000001030000020103000020000000000000010000000001000000000000000000000000000002000000222 1
2 0 420143 599971 13 9 14 10 -1 -1 0020101100000101202000000000210000000001030000020103000020000000000000010000000000100000000000000000000000000002000000222 1
1 0 416368 599971 10 16 4 18 -1 -1 0020101100000101202000000000210000000001030000020103000020000000000000010000000000100000000000000000000000000000000200222 1
2 0 416368 599971 8 4 9 5 -1 -1 0020101100000101202100000000210000000001030000020103000020000000000000010000000000000000000000000000000000000000000200222 1
1 0 411717 599971 3 9 1 11 -1 -1 0020101100000101202100000000210000000001030000020103000000000000002000010000000000000000000000000000000000000000000200222 1
2 0 411717 599970 9 5 10 6 -1 -1 0120100100000101202100000000210000000001030000020103000000000000002000010000000000000000000000000000000000000000000200222 1
1 0 407063 599970 9 15 8 14 -1 -1 0120100100000101202100000000210000000001030000020103000000000000000000010000020000000000000000000000000000000000000200222 1
2 0 407063 599970 10 6 11 7 -1 -1 0120100100000101202100000000210000000001030000020103000000000100000000000000020000000000000000000000000000000000000200222 1
1 0 403190 599970 8 14 4 14 -1 -1 0120100100000101202100000000210000000001030000020103000000000100000000000000000000000000020000000000000000000000000200222 1
2 0 403190 599969 11 7 12 8 -1 -1 0120100100000101212100000000210000000001030000020103000000000000000000000000000000000000020000000000000000000000000200222 1
1 0 400918 599969 4 10 3 9 -1 -1 0120100100000101212100000000210000000001030000020103000000000000000000000000000000000000000000000000002000000000000200222 1
2 0 400918 599968 12 8 13 9 -1 -1 0120101100000100212100000000210000000001030000020103000000000000000000000000000000000000000000000000002000000000000200222 1
1 0 397551 599968 7 9 6 8 -1 -1 0120101100000100212100000000210000000001030000020103000000000000000000000000000000000000000000000000000000000002000200222 1
2 0 397551 599967 5 11 7 9 -1 -1 0120101100000100212100000000210000000011030000020003000000000000000000000000000000000000000000000000000000000002000200222 1
1 0 394057 599967 6 8 5 9 -1 -1 0120101100000100212100000000010000000011030000020203000000000000000000000000000000000000000000000000000000000002000200222 1
2 0 394057 599966 7 5 8 6 -1 -1 0120101100000100212100000001010000000001030000020203000000000000000000000000000000000000000000000000000000000002000200222 1
1 0 388478 599966 5 13 3 15 -1 -1 0120101100000100212100000001010000000001030000000203000002000000000000000000000000000000000000000000000000000002000200222 1
2 0 388478 599966 8 6 9 7 -1 -1 0120101101000100212100000001000000000001030000000203000002000000000000000000000000000000000000000000000000000002000200222 1
1 0 383780 599966 6 10 0 12 -1 -1 0120101101000100212100000001000000000001030000000203000000000000000200000000000000000000000000000000000000000002000200222 1
2 0 383780 599965 4 12 10 6 -1 -1 1120101101000100212100000001000000000000030000000203000000000000000200000000000000000000000000000000000000000002000200222 1
1 0 381785 599965 4 14 3 13 -1 -1 1120101101000100012100000001000000000000030000000203000000000000000200000000020000000000000000000000000000000002000200222 1
2 0 381785 599965 4 16 8 8 -1 -1 1120101111000100002100000001000000000000030000000203000000000000000200000000020000000000000000000000000000000002000200222 1
1 0 379957 599965 5 9 4 10 -1 -1 1120101111000100000100000001000000000000030000000203000000200000000200000000020000000000000000000000000000000002000200222 1
2 0 379957 599964 10 6 11 7 -1 -1 1120101111000101000100000000000000000000030000000203000000200000000200000000020000000000000000000000000000000002000200222 1
1 0 379112 599964 4 6 4 8 -1 -1 1120101111000101000100000000000000000000030000000203000000200000000200000000000000000000020000000000000000000002000200222 1
2 0 379112 599963 8 8 12 8 -1 -1 1120101111000011000100000000000000000000030000000203000000200000000200000000000000000000020000000000000000000002000200222 1
1 0 378505 599963 4 8 2 14 -1 -1 1120101111000011000100000000000000000000030000000203000000000000000200000000000000000000020000000000002000000002000200222 1
2 0 378505 599963 9 7 10 6 -1 -1 1120111111000001000100000000000000000000030000000203000000000000000200000000000000000000020000000000002000000002000200222 1
1 0 377958 599963 3 9 2 10 -1 -1 1120111111000001000100000000000000000000030000000203000000000000000000000000020000000000020000000000002000000002000200222 1
2 0 377958 599963 7 9 8 10 -1 -1 1121110111000001000100000000000000000000030000000203000000000000000000000000020000000000020000000000002000000002000200222 1
1 0 377556 599963 4 10 3 9 -1 -1 1121110111000001000100000000000000000000030000000003000000020000000000000000020000000000020000000000002000000002000200222 1
