1322288629000
droptable
kingfish
1 0 595857 600000 13 11 12 10 -1 -1 2222222222000000000000000000000000000000000000000000000000000000000000000000000000000000000000000000000000000001111111111 2
2 0 595857 599901 2 14 4 12 -1 -1 2222222222000000000000000000000000000000000000000000000000000000000000000000000000000000000000000000000100000001011111111 2
1 0 583659 599901 14 14 12 8 -1 -1 2222202222000000200000000000000000000000000000000000000000000000000000000000000000000000000000000000000100000001011111111 2
2 0 583659 599900 0 12 4 16 -1 -1 2222202222000000200000000000000000000000000000000000000000000000000000000000000000000000000000000000001100000001011110111 2
1 0 580281 599900 12 10 11 11 -1 -1 0222202222000000202000000000000000000000000000000000000000000000000000000000000000000000000000000000001100000001011110111 2
2 0 580281 599899 3 11 5 13 -1 -1 0222202222000000202000000000000000000000000000000000000000000000000000000000000000000000000100000000001000000001011110111 2
1 0 568319 599899 13 9 12 10 -1 -1 0222202022000000202000000000020000000000000000000000000000000000000000000000000000000000000100000000001000000001011110111 2
2 0 568319 599898 2 12 6 12 -1 -1 0222202022000000202000000000020000000000000000000000000000000000000000000000000000000000000100000000001100000000011110111 2
1 0 555350 599898 13 15 11 9 -1 -1 0222002022000000202000000000020000000000200000000000000000000000000000000000000000000000000100000000001100000000011110111 2
2 0 555350 599897 3 13 7 13 -1 -1 0222002022000000202000000000020000000000200000000000000000000000000000000000000000000000001100000000001100000000010110111 2
1 0 544874 599897 16 12 14 14 -1 -1 0222002002000000202000000000020000000000200000000002000000000000000000000000000000000000001100000000001100000000010110111 2
2 0 544874 599734 4 12 8 12 -1 -1 0222002002000000202000000000020000000000200000000002000000000000000000000000000000000000001100000000001100000000010111110 2
1 0 525990 599734 15 11 13 9 -1 -1 0222002002000000002000000000020000000000200000000002000000002000000000000000000000000000001100000000001100000000010111110 2
2 0 525990 599732 5 13 9 13 -1 -1 0222002002000000002000000000020000000000200000000002000000002000000000000000000000000000001100000000001100000001010111010 2
1 0 516844 599732 15 13 13 11 -1 -1 0222002002000000002000000000000000000000200000000002000000002000000000200000000000000000001100000000001100000001010111010 2
2 0 516844 596436 3 9 4 10 -1 -1 0222002002000000002000000000000000000000200000000002000000002000000000200000000000000000001100000000001100000001110111000 2
1 0 505474 596436 12 10 10 8 -1 -1 0222000002000002002000000000000000000000200000000002000000002000000000200000000000000000001100000000001100000001110111000 2
2 0 505474 592623 6 12 10 12 -1 -1 0222000002000002002000000000000000000000200000000002000000002000000000200000001000000000001100000000001000000001110111000 2
1 0 492685 592623 10 8 9 7 -1 -1 0222000002000002002000000000000000000000000000000002000000002000000000200000001020000000001100000000001000000001110111000 2
2 0 492685 590366 10 12 12 10 -1 -1 0222000002000002002000000000000000000000000000000002000000002000000100200000000020000000001100000000001000000001110111000 2
1 0 483659 590366 11 9 10 8 -1 -1 0222000002000002002000000000000000000000000000000002000000002000000100200000000000000000001100000000001200000001110111000 2
2 0 483659 588788 1 11 5 11 -1 -1 0222000002000002002000000000000000000000000000000002000000002000000100200000001000000000000100000000001200000001110111000 2
1 0 473795 588788 14 14 8 8 -1 -1 0022000002000002002000000000200000000000000000000002000000002000000100200000001000000000000100000000001200000001110111000 2
2 0 473795 583601 4 10 10 12 -1 -1 0022000002000002002000000000200000000000000000000002000000102000000100200000001000000000000100000000001200000001110110000 2
1 0 465727 583601 9 7 7 9 -1 -1 0022000002000000002000000000200000000000000000000002000000102000000100200000001020000000000100000000001200000001110110000 2
2 0 465727 576922 9 13 11 7 -1 -1 0022000002000000002000000000200000000000000000000102000000102000000000200000001020000000000100000000001200000001110110000 2
1 0 455775 576922 8 8 7 7 -1 -1 0022000002000000002000000000200000000000000000000102000000102000000000000000001020000000020100000000001200000001110110000 2
2 0 455775 571496 7 13 11 9 -1 -1 0022000002000000002000000000200000000000000000001102000000002000000000000000001020000000020100000000001200000001110110000 2
1 0 447191 571496 14 10 10 6 -1 -1 0022000002000000002000000000200000000000000000001100000000002000000000000000001020000000022100000000001200000001110110000 2
2 0 447191 568492 3 15 4 14 -1 -1 0022000002000000002000000000200000000000000000001100000000002000000000000000011020000000022100000000001200000001110010000 2
1 0 444801 568492 12 8 10 10 -1 -1 0022000000000000022000000000200000000000000000001100000000002000000000000000011020000000022100000000001200000001110010000 2
2 0 444801 564986 8 12 9 13 -1 -1 0022000000000000022000000000200000000000000000001100000000002000000000000000011120000000022100000000000200000001110010000 2
1 0 437961 564986 13 9 12 8 -1 -1 0022000000000000022000000000200000000000000000001100000000000000000000200000011120000000022100000000000200000001110010000 2
2 0 437961 561457 4 16 8 8 -1 -1 0022000000000000022000000000200000000000000000001100000000000000000000200000011120000000022100000000001200000000110010000 2
1 0 433618 561457 10 10 8 12 -1 -1 0022000000000000020000000000200000000000000000001100000000200000000000200000011120000000022100000000001200000000110010000 2
2 0 433618 555585 11 7 13 9 -1 -1 0022000000000000020000000000200000000000000000001100000000201000000000200000011020000000022100000000001200000000110010000 2
1 0 431428 555585 8 12 7 11 -1 -1 0022000000000000020000000000200000000000000000001100000000201000000000200000011020000000002100000000001200000002110010000 2
2 0 431428 549538 8 8 14 14 -1 -1 0022000000000000020000000000200000000000000000001110000000200000000000200000011020000000002100000000001200000002110010000 2
1 0 428390 549538 7 11 6 10 -1 -1 0022000000000000020000000000200000000000000000001110000000000000000000200000011020000000002100000000001200000002110012000 2
2 0 428390 546084 4 14 5 13 -1 -1 0022000000000000020000000000200000000001000000001100000000000000000000200000011020000000002100000000001200000002110012000 2
1 0 424091 546084 11 11 9 9 -1 -1 0022000000000000000000000000220000000001000000001100000000000000000000200000011020000000002100000000001200000002110012000 2
2 0 424091 540947 5 11 6 12 -1 -1 0022000000000000000000000000220000000001000000001100000000000000000010200000011020000000002000000000001200000002110012000 2
1 0 415378 540947 6 10 4 12 -1 -1 0022000000000000000000000000020000000001200000001100000000000000000010200000011020000000002000000000001200000002110012000 2
2 0 415378 535515 9 13 8 12 -1 -1 0022000000000000100000000000020000000000200000001100000000000000000010200000011020000000002000000000001200000002110012000 2
1 0 410344 535515 10 6 6 10 -1 -1 0022000000000000100000000000020000000000200000001100000000002000000010000000011020000000002000000000001200000002110012000 2
2 0 410344 529806 2 10 3 11 -1 -1 0022000000000000100000000000020000000001200000001100000000002000000010000000001020000000002000000000001200000002110012000 2
1 0 402976 529806 14 12 12 14 -1 -1 0020000200000000100000000000020000000001200000001100000000002000000010000000001020000000002000000000001200000002110012000 2
2 0 402976 519600 5 13 11 7 -1 -1 0020000200000000100000000000020000000001200000001100000000002000000010000000001020000000002000000000001201000002110002000 2
1 0 400075 519600 10 8 8 10 -1 -1 0020000200000000100000000000000000000001200000001100000000002000000010000000001020000000022000000000001201000002110002000 2
2 0 400075 512458 3 11 11 11 -1 -1 0020000200000000100000000000000000000001200000001100000000012000000010000000000020000000022000000000001201000002110002000 2
1 0 393160 512458 12 8 8 8 -1 -1 0020000000000000100000000000000000000001200000001100000000012000000010000000000020000000022200000000001201000002110002000 2
2 0 393160 506137 6 12 7 13 -1 -1 0020000000000000100000000000000000000001200000001100000000112000000010000000000020000000022200000000000201000002110002000 2
1 0 390959 506137 12 14 11 13 -1 -1 0020000000000000100000000000000000000001000000001102000000112000000010000000000020000000022200000000000201000002110002000 2
2 0 390959 502516 7 13 9 11 -1 -1 0020000000000000100000000000000000000001000000001102000000112000000010000000000020000000022210000000000200000002110002000 2
1 0 388346 502516 7 7 6 8 -1 -1 0020000000000000100000000000000000000001000000001100000000112000000012000000000020000000022210000000000200000002110002000 2
2 0 388346 500148 1 13 2 12 -1 -1 0020000000000000100000000000000000000011000000000100000000112000000012000000000020000000022210000000000200000002110002000 2
1 0 384308 500148 7 9 5 7 -1 -1 0000200000000000100000000000000000000011000000000100000000112000000012000000000020000000022210000000000200000002110002000 2
2 0 384308 496253 8 12 14 10 -1 -1 0000200000000000100000000010000000000011000000000000000000112000000012000000000020000000022210000000000200000002110002000 2
1 0 381981 496253 9 9 5 5 -1 -1 0000200000000000100000000010000000000011000000000000000000110000000012000000000020000000022210000000000200000002110202000 2
2 0 381981 491877 10 12 14 12 -1 -1 0000200000000000100000000110000000000011000000000000000000110000000002000000000020000000022210000000000200000002110202000 2
1 0 379199 491877 8 8 7 9 -1 -1 0000200000000000100000000110000000000011000000000000000000110000000002000000000000000000022210000000000200000002110222000 2
2 0 379199 489356 2 12 3 13 -1 -1 0000200000000000100000000110000000000011000000000100000000010000000002000000000000000000022210000000000200000002110222000 2
1 0 376016 489356 13 11 12 12 -1 -1 0000000020000000100000000110000000000011000000000100000000010000000002000000000000000000022210000000000200000002110222000 2
2 0 376016 485421 11 9 15 13 -1 -1 0000000020000000100000000110000000000011000000000100000000010000000002000000000000000000022210000000000210000002010222000 2
1 0 373004 485421 12 12 10 14 -1 -1 0000000020000000100000000110000000000011000000000100000000010000000002000000000000000000020210000000000210000002010222020 2
2 0 373004 481658 11 11 10 10 -1 -1 0000000020000000100000000110000000000011000000000100000000010000000002000000000001000000020210000000000200000002010222020 2
1 0 370196 481658 13 13 12 12 -1 -1 0000000020000000100000000110000000000011000000000100000000010000000002000000000201000000020010000000000200000002010222020 2
2 0 370196 478658 9 11 13 11 -1 -1 0000000020000000100000000110000000000011000000000100000000010000000002000000000201000000020010000000000210000002000222020 2
1 0 369063 478658 12 12 11 11 -1 -1 0000000020000000100000000110000000000011000000000100000000010000000000000000000201000000020010000000000210000002200222020 2
2 0 369063 475255 10 10 12 8 -1 -1 0000000020000000100000000110000000000011000000000100000000010000000000000000000201000000020110000000000200000002200222020 2
1 0 368224 475255 6 8 4 6 -1 -1 0000000020000000100000000110000000000011000000000100000000010000000000000000000001000000020110000000002200000002200222020 2
2 0 368224 470671 13 9 13 13 -1 -1 0000000020000100100000000110000000000001000000000100000000010000000000000000000001000000020110000000002200000002200222020 2
1 0 367429 470671 5 7 4 8 -1 -1 0000000020000100100000000110000000000001000000000100000000010000000000000000000001000000020110000000002200000000220222020 2
2 0 367429 468466 11 7 15 11 -1 -1 0000000020000110100000000100000000000001000000000100000000010000000000000000000001000000020110000000002200000000220222020 2
1 0 367107 468466 7 9 5 11 -1 -1 0000000020000110100000000100000000000001000000000100000000010000000000000000000001000000000110000000002200000000220222220 2
2 0 367107 466476 3 13 3 11 -1 -1 0000000020000110100000000100100000000001000000000000000000010000000000000000000001000000000110000000002200000000220222220 2
1 0 366612 466476 8 10 7 11 -1 -1 0000000200000110100000000100100000000001000000000000000000010000000000000000000001000000000110000000002200000000220222220 2
2 0 366612 465054 12 8 13 9 -1 -1 0000000200000110100000000100100000000001000000000010000000000000000000000000000001000000000110000000002200000000220222220 2
1 0 365797 465054 5 11 3 9 -1 -1 0000000200000110100000000100100000000001000000000010000000000000000000000000000001000000000110000000000200000002220222220 2
2 0 365797 463891 3 11 5 13 -1 -1 0000001200000110100000000100000000000001000000000010000000000000000000000000000001000000000110000000000200000002220222220 2
1 0 364964 463891 7 11 6 12 -1 -1 0000001000000110100000000100020000000001000000000010000000000000000000000000000001000000000110000000000200000002220222220 2
2 0 364964 462850 5 13 7 11 -1 -1 0000001000000110100000000100020000000001100000000000000000000000000000000000000001000000000110000000000200000002220222220 2
1 0 364598 462850 5 5 4 4 -1 -1 0000001000000110100000000100000000000001100000000020000000000000000000000000000001000000000110000000000200000002220222220 2
2 0 364598 462154 7 11 8 10 -1 -1 0000001000001110100000000000000000000001100000000020000000000000000000000000000001000000000110000000000200000002220222220 2
1 0 364179 462154 11 13 10 12 -1 -1 0000001000001110100000000000000000000001100000000000000000020000000000000000000001000000000110000000000200000002220222220 2
2 0 364179 461135 8 10 9 11 -1 -1 0000001000001110100000000000000000000001100000000000000000020000000000000000000011000000000100000000000200000002220222220 2
1 0 363428 461135 6 10 5 9 -1 -1 0000001000001110100000000000000000000001100000000000000000000000000002000000000011000000000100000000000200000002220222220 2
2 0 363428 460183 9 11 11 13 -1 -1 0000001000001110100000000001000000000000100000000000000000000000000002000000000011000000000100000000000200000002220222220 2
1 0 362720 460183 11 11 9 13 -1 -1 0000001000001110100000000001000000000000100000000000000000000000000000000000000011000000000120000000000200000002220222220 2
2 0 362720 459290 11 13 12 14 -1 -1 0000001000001110100000000001000000000000100000000000000000000000000000100000000011000000000020000000000200000002220222220 2
1 0 357859 459290 6 12 5 11 -1 -1 0000001000001110100000000001000000000000100000000000000000000000000000100000000011000000000000000000000202000002220222220 2
2 0 357859 458665 12 14 13 15 -1 -1 0000001000001110100000000001100000000000000000000000000000000000000000100000000011000000000000000000000202000002220222220 2
1 0 357199 458665 5 11 3 13 -1 -1 0000001000001110100000000001100000000000000000000000000000000000000000100000000011000000000000000000000200000002222222220 2
2 0 357199 458258 12 10 12 12 -1 -1 0000001010001110100000000001000000000000000000000000000000000000000000100000000011000000000000000000000200000002222222220 2
1 0 351045 458258 4 12 2 14 -1 -1 0000001010001110100000000001000000000000000000000000000000000000000000100000000011000000000000000000000020000002222222220 2
2 0 351045 457928 14 10 16 12 -1 -1 0000011010001110000000000001000000000000000000000000000000000000000000100000000011000000000000000000000020000002222222220 2
1 0 316059 457928 10 14 9 15 -1 -1 0000011010001110000000000001000000000000000000000000000000000000000000100000000011000000000000000000000020000002222022222 2
2 0 316059 457551 12 12 14 10 -1 -1 0000011010001110000000000001000000000000000000000000000000000000000000110000000010000000000000000000000020000002222022222 2
