1322293956000
kingfish
benny
1 0 599809 600000 14 10 12 12 -1 -1 2222222222000000000000000000000000000000000000000000000000000000000000000000000000000000000000000000000000000001111111111 1
2 0 599809 599997 2 10 4 12 -1 -1 2222222222000000000000000000000000000000000000000000000000000000000000000000000000000000000000000000000010000001111011111 1
1 0 599807 599997 16 12 12 8 -1 -1 2220222222000000200000000000000000000000000000000000000000000000000000000000000000000000000000000000000010000001111011111 1
2 0 599807 599997 0 12 4 8 11 11 2220222222000000200000000000000000000000000000000000000000000000000000000000000000000000000000000000001010000001111011110 1
1 0 599664 599997 14 12 10 12 -1 -1 0220222222000020200000000000000000000000000000000000000000000000000000000000000000000000000300000000001010000001111011110 1
2 0 599664 599996 3 11 5 13 -1 -1 0220222222000020200000000000000000000000000000000000000000000000000000000000000010000000000300000000001010000001111001110 1
1 0 599663 599996 13 11 9 11 -1 -1 0220222022000020200000000000020000000000000000000000000000000000000000000000000010000000000300000000001010000001111001110 1
2 0 599663 599995 2 12 6 12 -1 -1 0220222022000020200000000000020000000000000000000000000000000000000001000000000010000000000300000000001010000001011001110 1
1 0 599662 599995 12 12 8 12 -1 -1 0220022022000020200000000000020000000000200000000000000000000000000001000000000010000000000300000000001010000001011001110 1
2 0 599662 599994 5 13 9 9 4 10 0220022022000020200000000000020000000000200000000000000000001000000001000000000010000000000300000000001000000001011001110 1
1 0 596379 599994 8 12 7 11 -1 -1 0220022022000023200000000000000000000000200000000000000000001000000021000000000010000000000300000000001000000001011001110 1
2 0 596379 599993 6 12 10 8 -1 -1 0220022022000023200000000000000000000000200000000010000000000000000021000000000010000000000300000000001000000001011001110 1
1 0 590178 599993 14 14 6 10 -1 -1 0220022022000023200000000000000000000000000000000010000000000000000021000000002010000000000300000000001000000001011001110 1
2 0 590178 599992 3 9 7 13 -1 -1 0220022022000023200000000000000000000001000000000010000000000000000021000000002010000000000300000000001000000001011000110 1
1 0 585626 599992 10 12 6 12 -1 -1 0220020022000023200000000000000000000001000000000012000000000000000021000000002010000000000300000000001000000001011000110 1
2 0 585626 599991 3 13 7 9 -1 -1 0220020022000023200000000000000000000001100000000012000000000000000021000000002000000000000300000000001000000001011000110 1
1 0 577951 599991 13 13 12 14 -1 -1 0220020002000023200000000000000000000001100000000212000000000000000021000000002000000000000300000000001000000001011000110 1
2 0 577951 599990 10 8 12 10 -1 -1 0220020002000023200000000000000000000001100000000212000000000000000021000000002000000000000300000000001001000001001000110 1
1 0 571812 599990 13 15 11 13 -1 -1 0220020002000023200000000000000000000001100000000212000000000000000021000000000000000000000300000000001201000001001000110 1
2 0 571812 599989 2 14 4 16 -1 -1 0220020002000023200000000000000000000001100000000212000000000000000021000000000000000000000310000000001201000001000000110 1
1 0 566157 599989 7 11 3 11 -1 -1 0220000002000023202000000000000000000001100000000212000000000000000021000000000000000000000310000000001201000001000000110 1
2 0 566157 599988 3 15 5 17 -1 -1 0220000102000023202000000000000000000001100000000202000000000000000021000000000000000000000310000000001201000001000000110 1
1 0 556275 599988 12 14 6 8 -1 -1 0220000100000023202000000000000200000001100000000202000000000000000021000000000000000000000310000000001201000001000000110 1
2 0 556275 599987 4 16 6 18 -1 -1 0220000100000023202000000000000200000011100000000202000000000000000021000000000000000000000310000000001200000001000000110 1
1 0 548728 599987 12 8 6 14 -1 -1 0220000100000023200000000000000200000011100200000202000000000000000021000000000000000000000310000000001200000001000000110 1
2 0 548728 599986 5 17 7 19 -1 -1 0220000100000023200000000000000200000011110200000202000000000000000021000000000000000000000310000000000200000001000000110 1
1 0 542390 599986 15 13 14 12 -1 -1 0220000100000023200000000000000000000011110200000202002000000000000021000000000000000000000310000000000200000001000000110 1
2 0 542390 599985 6 18 8 20 -1 -1 0220000100000023200000000000000000000011110200000202002000000000000021000000000000000000000310000000000200000001000010100 1
1 0 534615 599985 13 9 12 8 -1 -1 0220000100000023200000000000000000000011110000000202002000000000200021000000000000000000000310000000000200000001000010100 1
2 0 534615 599984 12 10 13 11 -1 -1 0220000100000023200000000000000000000011110000000202002000000000200021000000000000000000000310000000001200000000000010100 1
1 0 527365 599984 15 11 11 7 -1 -1 0220000100000023200000000000000000000011110000000202002000000000200021000000000000000000000310000000001000000000200010100 1
2 0 527365 599983 13 11 15 13 -1 -1 0220000100000023200000000000000000000011110000000202002000000000200021000000000000000000010310000000001000000000200010000 1
1 0 522088 599983 12 8 12 10 -1 -1 0220000100000023200000000000000000000011110000000202002000000000200021000000000000000000010310000000001000000000000010020 1
2 0 522088 599982 15 13 16 12 -1 -1 0220000100000023200000000000000000000011110000000202002000000000200021000000000000000000010310000000000100000000000010020 1
1 0 516400 599982 6 12 5 13 -1 -1 0220000100000023200000000000000000000011110000000202002000000000200021000000000000000000010310000000000100000000000010002 1
2 0 516400 599981 9 9 10 10 -1 -1 0220000100000023200000000000010000000011010000000202002000000000200021000000000000000000010310000000000100000000000010002 1
1 0 508365 599981 6 8 4 14 -1 -1 0220000100000023200000000000010000000011010000000202002000000000200001000000000200000000010310000000000100000000000010002 1
2 0 508365 599980 10 10 12 8 -1 -1 0220000100000023210000000000010000000001010000000202002000000000200001000000000200000000010310000000000100000000000010002 1
1 0 503229 599980 4 14 3 13 -1 -1 0220000100000023210000000000010000000001010000000202002000000000200001000000000000000000010310000000002100000000000010002 1
2 0 503229 599979 12 8 13 9 -1 -1 0220000110000023200000000000010000000001010000000202002000000000200001000000000000000000010310000000002100000000000010002 1
1 0 496192 599979 12 10 2 12 -1 -1 0220000110000023200000000000010000000001010000000202002000000000200001000000000000000000010310000000000100000002000010002 1
2 0 496192 599978 13 9 14 10 -1 -1 0220100110000023200000000000010000000001010000000202002000000000200001000000000000000000010310000000000000000002000010002 1
1 0 492254 599978 11 13 10 12 -1 -1 0220100110000023200000000000010000000001010000000202002000000000200001000000000000000000010310000000000000000000000210002 1
2 0 492254 599977 14 10 15 11 -1 -1 0220100110000023200000000000010000000001010000000202002000000000200001000000000010000000010300000000000000000000000210002 1
1 0 489101 599977 10 12 4 14 -1 -1 0220100110000023200000000000010000000001010000000202002000000000200001000000000010000000010300000000000000000000000010202 1
2 0 489101 599976 8 20 9 19 -1 -1 0220100110000023210000000000010000000001010000000202002000000000200001000000000000000000010300000000000000000000000010202 1
1 0 484923 599976 14 12 13 11 -1 -1 0220100110000023210000000000010000000001010000000202002000000000000001000200000000000000010300000000000000000000000010202 1
2 0 484923 599975 9 19 10 18 -1 -1 0220100110000023210000000000010000000001010000000202002000000000000001000200000000000000010300000000000000000000100000202 1
1 0 480025 599975 13 11 12 10 -1 -1 0220100110000023210000000000010000000001010000000202002000000000000001000000000000020000010300000000000000000000100000202 1
2 0 480025 599975 10 18 11 17 -1 -1 0220100110000023210000000000010000000001010000000202002000000000000001000000000000020000010300000000000100000000000000202 1
1 0 476498 599975 4 14 3 15 -1 -1 0220100110000023210000000000010000000001010000000202002000000000000001000000000000000000010300200000000100000000000000202 1
2 0 476498 599975 11 17 12 16 -1 -1 0220100111000023200000000000010000000001010000000202002000000000000001000000000000000000010300200000000100000000000000202 1
1 0 472610 599975 12 10 4 14 -1 -1 0220100111000023200000000000010000000001010000000202002000000000000001000000000000000000010300000000000100200000000000202 1
2 0 472610 599974 12 16 13 15 -1 -1 0220100111000023210000000000010000000001010000000202002000000000000001000000000000000000010300000000000000200000000000202 1
1 0 469472 599974 9 11 8 12 -1 -1 0220100111000023210000000000010000000001010000000202002000000000000001000000000000000000010300000000000000000000002000202 1
2 0 469472 599973 7 13 9 11 -1 -1 0220100111000023210000000000010000000001010000000202002000001000000000000000000000000000010300000000000000000000002000202 1
1 0 467071 599973 8 12 7 13 -1 -1 0220100111000023210000000000010000000001010000000200002000001000000002000000000000000000010300000000000000000000002000202 1
2 0 467071 599973 13 15 14 14 -1 -1 0220100111000023210000000000010000000001010000000201002000000000000002000000000000000000010300000000000000000000002000202 1
1 0 464860 599973 7 13 5 15 -1 -1 0220100111000023210000000000010000000001010000000201002000000000000002000000000000000000010300000000000000000000000002202 1
2 0 464860 599972 14 14 15 13 -1 -1 0220100111000023210000000000011000000001010000000200002000000000000002000000000000000000010300000000000000000000000002202 1
1 0 462613 599972 6 14 0 12 -1 -1 0220100111000023210000000000011000000001010000000200002000000000000002000000000000000000010300000000000000000000000000222 1
2 0 462613 599972 4 12 6 14 -1 -1 1220100111000023210000000000011000000001000000000200002000000000000002000000000000000000010300000000000000000000000000222 1
1 0 459968 599972 5 15 3 9 -1 -1 1220100111000023010000000000011000000001020000000200002000000000000002000000000000000000010300000000000000000000000000222 1
2 0 459968 599971 9 11 10 10 -1 -1 1220101111000023010000000000010000000001020000000200002000000000000002000000000000000000010300000000000000000000000000222 1
1 0 458744 599971 5 13 4 12 -1 -1 1220101111000023010000000000010000000001020000000200002000000000000000000000000200000000010300000000000000000000000000222 1
2 0 458744 599971 10 10 12 12 -1 -1 1220101111000023110000000000000000000001020000000200002000000000000000000000000200000000010300000000000000000000000000222 1
1 0 457775 599971 4 12 2 14 -1 -1 1220101111000023110000000000000000000001020000000200002000000000000000000000000000000000010300000000000020000000000000222 1
2 0 457775 599971 12 12 13 13 -1 -1 1220111111000023010000000000000000000001020000000200002000000000000000000000000000000000010300000000000020000000000000222 1
1 0 456820 599971 6 10 5 11 -1 -1 1220111111000023010000000000000000000001020000000200002000000000000000000000000000000000010300000000000000000000020000222 1
2 0 456820 599965 4 8 8 8 -1 -1 1220111111000023010000000000100000000000020000000200002000000000000000000000000000000000010300000000000000000000020000222 1
1 0 456103 599965 5 11 4 12 -1 -1 1220111111000003010000000000100000000000020000000200002000200000000000000000000000000000010300000000000000000000020000222 1
2 0 456103 599964 7 9 9 7 -1 -1 1220111111000003110000000000000000000000020000000200002000200000000000000000000000000000010300000000000000000000020000222 1
1 0 455561 599964 4 12 2 10 -1 -1 1220111111000003110000000000000000000000020000000000002000200000000200000000000000000000010300000000000000000000020000222 1
