1322292764000
ccplus
kingfish
1 0 599877 600000 14 10 12 8 -1 -1 2222222222000000000000000000000000000000000000000000000000000000000000000000000000000000000000000000000000000001111111111 2
2 0 599877 599903 2 14 4 12 -1 -1 2222222222000000000000000000000000000000000000000000000000000000000000000000000000000000000000000000001000000001111011111 2
1 0 599835 599903 12 8 11 9 8 10 2222202222000000200000000000000000000000000000000000000000000000000000000000000000000000000000000000001000000001111011111 2
2 0 599835 599902 0 12 4 16 -1 -1 2222202222000000200000000000000000000000000000000000000000030000000000000000000000000000001000000000000000000001111011111 2
1 0 599802 599902 14 12 10 8 6 8 0222202222000000202000000000000000000000000000000000000000030000000000000000000000000000001000000000000000000001111011111 2
2 0 599802 599901 3 11 5 13 -1 -1 0222202222000000202000000000000000000030000000000000000000030000000000000000001000000000001000000000000000000001111001111 2
1 0 599773 599901 16 12 12 8 -1 -1 0222202022000000202000000000020000000030000000000000000000030000000000000000001000000000001000000000000000000001111001111 2
2 0 599773 599900 2 12 6 12 -1 -1 0222202022000000202000000000020000000030000000000000000000030000000000000000001000000000001000000000001000000001111001110 2
1 0 599733 599900 15 11 14 10 -1 -1 0222002022000000202000000000020000000030200000000000000000030000000000000000001000000000001000000000001000000001111001110 2
2 0 599733 599899 3 13 7 13 -1 -1 0222002022000000202000000000020000000030200000000000000000030000000000000000001000000000001000000000001000000001111101010 2
1 0 599706 599899 13 9 7 11 -1 -1 0222002002000000202000000000020000000030200000000002000000030000000000000000001000000000001000000000001000000001111101010 2
2 0 599706 594696 4 16 5 15 -1 -1 0222002002000000202000000000020000000030200000000012000000030000000000000000001000000000001000000000001000000000111101010 2
1 0 599655 594696 15 13 15 11 -1 -1 0222002002000000200000000000022000000030200000000012000000030000000000000000001000000000001000000000001000000000111101010 2
2 0 599655 591037 2 10 8 12 -1 -1 0222002002000000200000000000022000000030200000000012000000030000000000000000001000000000001000000000001000000000111101100 2
1 0 599619 591037 7 11 6 10 -1 -1 0220002002000000200000000000022000000030200000000012000000032000000000000000001000000000001000000000001000000000111101100 2
2 0 599619 583968 5 13 13 9 -1 -1 0220002002000000200000000000022000000031200000000002000000032000000000000000001000000000001000000000001000000000111101100 2
1 0 599590 583968 6 10 0 12 -1 -1 0220002002000000200000000000002000000031200000000002000000032000000000000000001000000000001000000000001000000002111101100 2
2 0 599590 582066 1 11 2 12 -1 -1 1220002002000000200000000000002000000030200000000002000000032000000000000000001000000000001000000000001000000002111101100 2
1 0 599558 582066 12 8 10 10 -1 -1 1020202002000000200000000000002000000030200000000002000000032000000000000000001000000000001000000000001000000002111101100 2
2 0 599558 579414 1 13 11 11 -1 -1 1020202002000000200000000000002000000030200000000002000000032000000000000000001100000000001000000000000000000002111101100 2
1 0 599517 579414 11 9 7 9 -1 -1 1000202002000000200000000000002000000030200000000002000000032000000000000000001100000000001200000000000000000002111101100 2
2 0 599517 574966 2 12 3 13 -1 -1 1000202002000000200000000000002000000030200000000102000000032000000000000000001100000000000200000000000000000002111101100 2
1 0 599484 574966 15 11 14 12 -1 -1 1000002022000000200000000000002000000030200000000102000000032000000000000000001100000000000200000000000000000002111101100 2
2 0 599484 568718 3 15 11 7 -1 -1 1000002022000000200000000000002000000030200000000102000000032000000000000000001100000000000200000000000000000002111111000 2
1 0 599457 568718 10 10 9 9 -1 -1 1000002020000000200000000000002000000030200000000102000000032000000000000000001100000000020200000000000000000002111111000 2
2 0 599457 563613 7 13 11 13 -1 -1 1000002020000000200000000000002000000030200000000102000000032000000010000000001000000000020200000000000000000002111111000 2
1 0 599407 563613 14 10 4 16 -1 -1 1000002020000000200000000000002000000030200000000100000000032000000010000000001000000000020220000000000000000002111111000 2
2 0 599407 558033 3 13 11 9 -1 -1 1000002020000000201000000000002000000030200000000100000000032000000010000000001000000000020220000000000000000002111011000 2
1 0 599349 558033 14 12 10 12 -1 -1 1000002000000000201000000000002000000030200000000100000000032000000010000000001000000000022220000000000000000002111011000 2
2 0 599349 553401 8 12 12 12 -1 -1 1000002000000000201000000000002000000030200000000100000000032000000010000000001010000000022220000000000000000002111001000 2
1 0 599309 553401 9 9 3 11 -1 -1 1000002000000000201000000000002000000030200000000100000000030000000010000000001010000000022220000000000020000002111001000 2
2 0 599309 550127 5 15 5 13 -1 -1 1000002100000000201000000000002000000030200000000100000000030000000000000000001010000000022220000000000020000002111001000 2
1 0 599286 550127 3 11 2 12 -1 -1 1000002100000000201000000000020000000030200000000100000000030000000000000000001010000000022220000000000020000002111001000 2
2 0 599286 546570 4 12 8 12 -1 -1 1000102000000000201000000000020000000030200000000100000000030000000000000000001010000000022220000000000020000002111001000 2
1 0 599257 546570 7 9 5 11 -1 -1 1000102000000000001000000000020000000030200000000100000000032000000000000000001010000000022220000000000020000002111001000 2
2 0 599257 543109 5 13 9 9 -1 -1 1000102000000000001000000000120000000030200000000000000000032000000000000000001010000000022220000000000020000002111001000 2
1 0 599229 543109 2 12 1 13 -1 -1 1000102000000000001000000000100000000030200000000000000000032000000020000000001010000000022220000000000020000002111001000 2
2 0 599229 538583 8 12 14 10 -1 -1 1010002000000000001000000000100000000030200000000000000000032000000020000000001010000000022220000000000020000002111001000 2
1 0 599209 538583 4 16 3 15 -1 -1 1010002000000000001000000000100000000030200000000000000000030000000020000000001010000000022220000000000020000002111201000 2
2 0 599209 535170 6 12 7 11 -1 -1 1010002001000000000000000000100000000030200000000000000000030000000020000000001010000000022220000000000020000002111201000 2
1 0 599189 535170 3 15 2 14 -1 -1 1010002001000000000000000000100000000030000000000020000000030000000020000000001010000000022220000000000020000002111201000 2
2 0 599189 532418 7 11 8 12 -1 -1 1010012000000000000000000000100000000030000000000020000000030000000020000000001010000000022220000000000020000002111201000 2
1 0 599171 532418 5 11 4 12 -1 -1 1010012000000000000000000000100000000030000000000000000000032000000020000000001010000000022220000000000020000002111201000 2
2 0 599171 529626 3 9 4 8 -1 -1 1010012000000000100000000000000000000030000000000000000000032000000020000000001010000000022220000000000020000002111201000 2
1 0 599154 529626 4 12 3 11 -1 -1 1010010000000020100000000000000000000030000000000000000000032000000020000000001010000000022220000000000020000002111201000 2
2 0 599154 526764 4 8 5 7 -1 -1 1010010100000020000000000000000000000030000000000000000000032000000020000000001010000000022220000000000020000002111201000 2
1 0 599137 526764 3 11 2 12 -1 -1 1010010100000000000000000020000000000030000000000000000000032000000020000000001010000000022220000000000020000002111201000 2
2 0 599137 524036 5 7 9 7 -1 -1 1010110000000000000000000020000000000030000000000000000000032000000020000000001010000000022220000000000020000002111201000 2
1 0 599120 524036 2 12 1 11 -1 -1 1010110000000000000000000000000000000030000000000000000000032000000220000000001010000000022220000000000020000002111201000 2
2 0 599120 521474 8 12 12 8 -1 -1 1110010000000000000000000000000000000030000000000000000000032000000220000000001010000000022220000000000020000002111201000 2
1 0 599105 521474 10 12 9 13 -1 -1 1110010000000000000000000000000000000030000000000000000000030000000220000000001010000000022220000000002020000002111201000 2
2 0 599105 519094 11 9 12 10 -1 -1 1110010000000000000000000000000000000030000000000000000000030000000220100000001000000000022220000000002020000002111201000 2
1 0 599093 519094 14 14 14 12 -1 -1 1110010000000000000000000000000000000030000000000000000000030000000220100000001000000000020220000000002220000002111201000 2
2 0 599093 517079 9 7 11 9 -1 -1 1110010000000000000000000000000000000030000000000000000000030000000220100000001000000000020220000000002220000002111210000 2
1 0 599080 517079 14 12 8 14 -1 -1 1110010000000000000000000000000000000030000000000000000000030000000020100000001000000000022220000000002220000002111210000 2
2 0 599080 515623 12 10 14 12 -1 -1 1110010000000000000000000000000000000030000000000000000000030100000020100000001000000000022220000000002220000002111200000 2
1 0 599062 515623 8 14 7 15 -1 -1 1110010000000000000000000000000000000030000000000000000000030100000020100000001000000000022220000000002020000002111220000 2
2 0 599062 512876 12 12 14 14 -1 -1 1110010000000000000000000000000000000030000000000000100000030000000020100000001000000000022220000000002020000002111220000 2
1 0 599043 512876 13 11 12 10 -1 -1 1110010000000000000000000000000000000030000000000000100000030000000020100000001000000000022220000000002000000002111222000 2
2 0 599043 510750 11 9 13 11 -1 -1 1110010000000000000000000000000000000030000000000000100000030000000020100000001000000000022220000000002100000002011222000 2
1 0 599025 510750 13 15 12 14 -1 -1 1110010000000000000000000000000000000030000000000000100000030000000020100000001000000000020220000000002100000002211222000 2
2 0 599025 507268 11 13 15 13 -1 -1 1110010000000000000000000000000000000030000000000000100000030000000020100000001000000000020220000000002101000002210222000 2
1 0 599005 507268 12 10 6 16 -1 -1 1110010000000000000000000000000000000030000000000000100000030000000020100000001000000000020200000000002101000002210222020 2
2 0 599005 504419 9 9 10 10 -1 -1 1110010000000000000000000000000000000030001000000000100000030000000020100000001000000000020200000000002001000002210222020 2
1 0 598980 504419 13 13 11 15 -1 -1 1110010000000000000000000000000000000030001000000000100000030000000000100000001200000000020200000000002001000002210222020 2
2 0 598980 500764 10 10 12 16 -1 -1 1110010000000000000000000000000000000030001000000000100000030000000000100000001200000000020201000000002001000002200222020 2
1 0 598952 500764 12 14 10 16 -1 -1 1110010000000000000000000000000000000030001000000000100000030000000000100000001000000000020201000000002001200002200222020 2
2 0 598952 496928 12 16 13 15 -1 -1 1110010000000000000000000000000000000030001000000000100000030000000000100000001000100000020201000000002000200002200222020 2
1 0 598924 496928 11 15 10 14 -1 -1 1110010000000000000000000000000000000030001000000000100000030000000000100000001000100000020201000000002000000002202222020 2
2 0 598924 495755 11 11 12 12 -1 -1 1110010000000000000000000000000000000030001000000000100000030000000000100000001001100000020200000000002000000002202222020 2
1 0 598899 495755 10 14 8 12 -1 -1 1110010000000000000000000000000000000030001000000000100000030000000000100000001001100000020000000000002020000002202222020 2
2 0 598899 494192 12 12 13 13 -1 -1 1110010000000000000000000000000000000030001000000000100000031000000000100000001000100000020000000000002020000002202222020 2
1 0 598881 494192 9 13 7 11 -1 -1 1110010000000000000000000000000000000030001000000000100000031000000000100000001000100000020000000000002000000002222222020 2
2 0 598881 493741 11 7 12 6 -1 -1 1110010000000000000000000000000000000030001000000010100000031000000000000000001000100000020000000000002000000002222222020 2
1 0 598863 493741 8 12 6 10 -1 -1 1110010000000000000000000000000000000030001000000010100000031000000000000000001000100000000000000000022000000002222222020 2
2 0 598863 493199 12 6 12 10 -1 -1 1110010000000000000000000000000000000031001000000010100000030000000000000000001000100000000000000000022000000002222222020 2
1 0 598846 493199 7 11 5 9 -1 -1 1110010000000000000000000000000000000031001000000010100000030000000000000000001000100000000000000000002200000002222222020 2
2 0 598846 492722 12 8 12 12 -1 -1 1110010000000000000000000001000000000031001000000000100000030000000000000000001000100000000000000000002200000002222222020 2
1 0 598830 492722 6 10 4 8 -1 -1 1110010000000000000000000001000000000031001000000000100000030000000000000000001000100000000000000000000220000002222222020 2
2 0 598830 492258 13 9 15 11 -1 -1 1110010000000010000000000001000000000030001000000000100000030000000000000000001000100000000000000000000220000002222222020 2
1 0 598814 492258 4 8 3 9 -1 -1 1110010000000010000000000001000000000030001000000000100000030000000000000000001000100000000000000000000220000000222222220 2
2 0 598814 491922 12 10 13 9 -1 -1 1110011000000000000000000001000000000030001000000000100000030000000000000000001000100000000000000000000220000000222222220 2
1 0 598801 491922 3 9 2 10 -1 -1 1110011000000000000000000001000000000030001000000000100000030000000000000000001000100000000000000000000020000002222222220 2
2 0 598801 491700 14 10 16 12 -1 -1 1111010000000000000000000001000000000030001000000000100000030000000000000000001000100000000000000000000020000002222222220 2
1 0 598787 491700 5 9 4 10 -1 -1 1111010000000000000000000001000000000030001000000000100000030000000000000000001000100000000000000000000020000002222022222 2
2 0 598787 491434 12 12 14 10 -1 -1 1111010000000001000000000000000000000030001000000000100000030000000000000000001000100000000000000000000020000002222022222 2
