1322294634000
kingfish
droptable
1 0 599827 600000 14 10 12 12 -1 -1 2222222222000000000000000000000000000000000000000000000000000000000000000000000000000000000000000000000000000001111111111 1
2 0 599827 586636 3 9 4 10 -1 -1 2222222222000000000000000000000000000000000000000000000000000000000000000000000000000000000000000000000010000001111011111 1
1 0 599826 586636 16 12 12 8 -1 -1 2222220222000002000000000000000000000000000000000000000000000000000000000000000000000000000000000000000010000001111011111 1
2 0 599826 572208 3 13 5 11 -1 -1 2222220222000002000000000000000000000000000000000000000000000000000000000000000000000000000000000000001010000001111011110 1
1 0 599818 572208 13 13 11 11 -1 -1 2222220202000002000000000000200000000000000000000000000000000000000000000000000000000000000000000000001010000001111011110 1
2 0 599818 554150 2 10 6 10 -1 -1 2222220202000002000000000000200000000000000000000000000000000000000000000000000000000000000100000000001010000001101011110 1
1 0 599817 554150 14 12 10 12 -1 -1 2220220202000002000000000000200000000002000000000000000000000000000000000000000000000000000100000000001010000001101011110 1
2 0 599817 549148 2 14 4 16 -1 -1 2220220202000002000000000000200000000002000000000000000000000000000000000000000010000000000100000000001010000001101001110 1
1 0 599816 549148 13 11 9 11 -1 -1 2220200202000002002000000000200000000002000000000000000000000000000000000000000010000000000100000000001010000001101001110 1
2 0 599816 526077 6 10 7 9 -1 -1 2220200202000002002000000000200000000002000000000000000000000000000001000000000010000000000100000000001010000001001001110 1
1 0 595983 526077 12 12 8 12 -1 -1 2220200202000002002000000000200000000000000000000200000000000000000001000000000010000000000100000000001010000001001001110 1
2 0 595983 516868 4 16 8 8 -1 -1 2220200202000002002000000000200000000000000000000200000000001000000001000000000010000000000100000000001000000001001001110 1
1 0 591103 516868 11 11 7 11 -1 -1 2220200202000002000000000000200000000000000000000200000000201000000001000000000010000000000100000000001000000001001001110 1
2 0 591103 465879 1 11 3 9 -1 -1 2220200202000002000000000000200000000000000000000210000000201000000001000000000010000000000000000000001000000001001001110 1
1 0 587882 465879 8 12 2 14 -1 -1 2020202202000002000000000000200000000000000000000210000000201000000001000000000010000000000000000000001000000001001001110 1
2 0 587882 419893 3 11 5 13 -1 -1 2020212202000002000000000000200000000000000000000210000000200000000001000000000010000000000000000000001000000001001001110 1
1 0 583822 419893 10 12 4 14 -1 -1 2020212002000002000000000000220000000000000000000210000000200000000001000000000010000000000000000000001000000001001001110 1
2 0 583822 378906 4 10 8 10 -1 -1 2020212002000002010000000000220000000000000000000210000000200000000001000000000000000000000000000000001000000001001001110 1
1 0 580626 378906 9 11 8 12 -1 -1 2020212002000000010000000000220000000000000000000210000000220000000001000000000000000000000000000000001000000001001001110 1
2 0 580626 341916 8 10 9 11 -1 -1 2020212002000000010000000000220000000000000000000210000000221000000000000000000000000000000000000000001000000001001001110 1
1 0 576367 341916 8 12 4 12 -1 -1 2020212002000000010000000000220000000000000000000210000000201000000002000000000000000000000000000000001000000001001001110 1
2 0 576367 307925 8 8 9 9 -1 -1 2020212002000000110000000000220000000000000000000210000000200000000002000000000000000000000000000000001000000001001001110 1
1 0 573027 307925 4 14 3 13 -1 -1 2020212002000000110000000000220000000000000000000210000000000000000022000000000000000000000000000000001000000001001001110 1
2 0 573027 289076 3 9 4 10 -1 -1 2020212012000000100000000000220000000000000000000210000000000000000022000000000000000000000000000000001000000001001001110 1
1 0 570601 289076 4 12 3 11 -1 -1 2020210012000002100000000000220000000000000000000210000000000000000022000000000000000000000000000000001000000001001001110 1
2 0 570601 259084 7 9 8 8 -1 -1 2020210112000002000000000000220000000000000000000210000000000000000022000000000000000000000000000000001000000001001001110 1
1 0 567368 259084 13 9 11 7 -1 -1 2020210112000002000000000000220000000000000000000010000000200000000022000000000000000000000000000000001000000001001001110 1
2 0 567368 229093 2 12 12 10 -1 -1 2020210112000002000000000000220000000000000000000010000000200000000022000000000000000000010000000000001000000000001001110 1
1 0 562463 229093 12 8 10 6 -1 -1 2020010112000002000000000000220000000000000000000010000000200000000022000000000000000000010000000000001200000000001001110 1
2 0 562463 200015 4 10 10 12 -1 -1 2020010112000002000000000000220000000000000000000010000000200000000022000000010000000000010000000000000200000000001001110 1
1 0 556774 200015 11 7 9 5 -1 -1 2020010112000000000000000000220000000000000000000010000000200000000022000000010020000000010000000000000200000000001001110 1
2 0 556774 193358 5 11 6 10 -1 -1 2020010112000000000000000000220000000000000000000010000000200000001022000000010020000000000000000000000200000000001001110 1
1 0 552610 193358 7 11 5 9 -1 -1 2020010112000000000000000000020000000002000000000010000000200000001022000000010020000000000000000000000200000000001001110 1
2 0 552610 185597 9 11 11 13 -1 -1 2020010112000000000000000001020000000002000000000000000000200000001022000000010020000000000000000000000200000000001001110 1
1 0 548755 185597 10 6 8 4 -1 -1 2020010112000000000000000001020000000002000000000000000000200000001020000000010020000000000020000000000200000000001001110 1
2 0 548755 180597 8 8 12 8 -1 -1 2020010112000000000000000001020000000002000000000000000010200000001020000000000020000000000020000000000200000000001001110 1
1 0 544010 180597 15 13 14 12 -1 -1 2020010112000000000000000001020000000002000000000000000010000000001020000000000020000000000020000000002200000000001001110 1
2 0 544010 171331 9 9 10 10 -1 -1 2020010112000000000000000001020000000002000000000000000010000000001020000000000020000000000020000000002200000000001011100 1
1 0 538391 171331 13 15 9 11 -1 -1 2020010112000000000000000001020000000002000000000000000010000000001000000000000220000000000020000000002200000000001011100 1
2 0 538391 166332 5 13 6 14 -1 -1 2020010112000000000000000001020000000002000000000000000010000000001001000000000220000000000020000000002200000000000011100 1
1 0 531956 166332 15 11 13 13 -1 -1 2020010112000000000000000001000000000002020000000000000010000000001001000000000220000000000020000000002200000000000011100 1
2 0 531956 152296 11 13 12 12 -1 -1 2020010112000000000000000001000000000002020000000000000010000000001001000000000220000000000020000000002200000000010011000 1
1 0 526298 152296 13 13 9 13 -1 -1 2020010112000000000000000001000000000002020000000000000010000000001001000000000220000000000000000000002220000000010011000 1
2 0 526298 131645 3 15 4 14 -1 -1 2020010112000000000000000001000000000002020000000000000010000000001001100000000220000000000000000000002220000000000011000 1
1 0 522632 131645 9 5 7 3 -1 -1 2020010110000000020000000001000000000002020000000000000010000000001001100000000220000000000000000000002220000000000011000 1
2 0 522632 126446 10 10 11 11 -1 -1 2020010110000000020000000001000000000002020000100000000010000000000001100000000220000000000000000000002220000000000011000 1
1 0 518923 126446 8 4 6 2 -1 -1 2020010110000000020000000001000000000002020000100000000010000000000001100000000020000000000200000000002220000000000011000 1
2 0 518923 119725 12 12 13 11 -1 -1 2020010110000000020000000001000000010002020000100000000000000000000001100000000020000000000200000000002220000000000011000 1
1 0 512602 119725 14 14 8 12 -1 -1 2020010110000000020000000001000000010002020000100000000000000000000001100000000020000000000200000000002200000000200011000 1
2 0 512602 114708 1 13 7 15 -1 -1 2020010110000000020000000001000000010002020000100000000000001000000001100000000020000000000200000000002200000000200010000 1
1 0 500987 114708 9 11 5 15 -1 -1 2000010110000000020000000001000000010002020000100000200000001000000001100000000020000000000200000000002200000000200010000 1
2 0 500987 109708 7 15 8 16 -1 -1 2000010110000000020000000001001000010002020000100000200000001000000000100000000020000000000200000000002200000000200010000 1
1 0 490537 109708 9 13 7 11 -1 -1 2000010110000000020000000001001000010002020000100000000000001020000000100000000020000000000200000000002200000000200010000 1
2 0 490537 104706 0 12 1 13 -1 -1 2000010110000000020000000001001000010002020000100010000000001020000000000000000020000000000200000000002200000000200010000 1
1 0 485961 104706 7 3 5 1 -1 -1 0020010110000000020000000001001000010002020000100010000000001020000000000000000020000000000200000000002200000000200010000 1
2 0 485961 99706 13 11 15 13 -1 -1 0020010110000000020000010001001000010002020000000010000000001020000000000000000020000000000200000000002200000000200010000 1
1 0 481805 99706 6 2 4 0 -1 -1 0020010110000000020000010001001000010002020000000010000000001020000000000000000020000000000200000000002200000000000010020 1
2 0 481805 94705 15 13 16 12 -1 -1 0020010110100000020000010001001000000002020000000010000000001020000000000000000020000000000200000000002200000000000010020 1
1 0 478149 94705 5 1 4 2 -1 -1 0020010110100000020000010001001000000002020000000010000000001020000000000000000020000000000200000000002200000000000010002 1
2 0 478149 89705 1 13 7 15 -1 -1 0020010110110000020000000001001000000002020000000010000000001020000000000000000020000000000200000000002200000000000010002 1
1 0 472525 89705 5 9 4 10 -1 -1 0000010110110000020000000001001000000002020000000010200000001020000000000000000020000000000200000000002200000000000010002 1
2 0 472525 84705 12 8 13 9 -1 -1 0000010110110001020000000000001000000002020000000010200000001020000000000000000020000000000200000000002200000000000010002 1
1 0 467056 84705 5 15 3 9 -1 -1 0000010110110001020000000000001000000002020000000010200000001020000000000000000020000000000200000000000200000002000010002 1
2 0 467056 79704 4 14 5 15 -1 -1 0000011110110001020000000000000000000002020000000010200000001020000000000000000020000000000200000000000200000002000010002 1
1 0 464442 79704 4 10 2 12 -1 -1 0000011110110001000000000000002000000002020000000010200000001020000000000000000020000000000200000000000200000002000010002 1
2 0 464442 74705 5 15 11 9 -1 -1 0000111110110000000000000000002000000002020000000010200000001020000000000000000020000000000200000000000200000002000010002 1
1 0 460029 74705 7 11 5 9 -1 -1 0000111110110000000000000000000000000002020000000010200000001020000000000000000020000000002200000000000200000002000010002 1
2 0 460029 69028 13 9 14 10 -1 -1 0000111110110000000000000001000000000002020000000000200000001020000000000000000020000000002200000000000200000002000010002 1
1 0 453896 69028 14 12 13 11 -1 -1 0000111110110000000000000001000000000002020000000000200000001020000000000000000020000000002200000000000200000000000210002 1
2 0 453896 62528 11 11 13 13 -1 -1 0000111110110000000000000001000000000002020000000000200000001020000000000000000020000000002200000000000200000000100200002 1
1 0 446789 62528 5 9 4 10 -1 -1 0000111110110000000000000001000000000002020000000000200000001020000000000000000020000000002000000000000200000000120200002 1
2 0 446789 57527 6 14 7 13 -1 -1 0000111110110001000000000000000000000002020000000000200000001020000000000000000020000000002000000000000200000000120200002 1
1 0 444515 57527 8 12 7 11 -1 -1 0000111110110001000000000000000000000002000000000002200000001020000000000000000020000000002000000000000200000000120200002 1
2 0 444515 52528 7 13 8 12 -1 -1 0000111110110001000000000000000000000002000000000012200000000020000000000000000020000000002000000000000200000000120200002 1
1 0 440854 52528 7 11 5 9 -1 -1 0000111110110001000000000000000000000002000000000010200000002020000000000000000020000000002000000000000200000000120200002 1
2 0 440854 47528 12 10 13 9 -1 -1 0000111110110001000000000001000000000002000000000000200000002020000000000000000020000000002000000000000200000000120200002 1
1 0 439283 47528 3 11 1 13 -1 -1 0000111110110001000000000001000000000002000000000000200000002020000000000000000020000000002000000000000000000002120200002 1
2 0 439283 42526 6 10 7 11 -1 -1 0010111010110001000000000001000000000002000000000000200000002020000000000000000020000000002000000000000000000002120200002 1
1 0 437417 42526 5 9 3 11 -1 -1 0010111010110001000000000001000000000000000000000020200000002020000000000000000020000000002000000000000000000002120200002 1
2 0 437417 37527 8 12 9 11 -1 -1 0010111110110001000000000000000000000000000000000020200000002020000000000000000020000000002000000000000000000002120200002 1
1 0 436039 37527 13 11 12 10 -1 -1 0010111110110001000000000000000000000000000000000020200000000020000002000000000020000000002000000000000000000002120200002 1
2 0 436039 32525 13 13 14 12 -1 -1 0010111110110001000000000000000000000000000000000020200000000020000002000000000020000000002000000000000100000002020200002 1
1 0 434597 32525 12 10 10 8 -1 -1 0010111110110001000000000000000000000000000000000020200000000020000002000000000020000000002000000000000100000002000220002 1
2 0 434597 27523 9 11 10 10 -1 -1 0010111110110001000000000000000000000000000000000020200000000020000002000000001020000000002000000000000000000002000220002 1
1 0 432806 27523 3 11 3 15 -1 -1 0010111110110001000000000000000000000000000000000020200000000020000000000000001220000000002000000000000000000002000220002 1
2 0 432806 27521 13 9 15 11 -1 -1 0010111011110001000000000000000000000000000000000020200000000020000000000000001220000000002000000000000000000002000220002 1
1 0 430363 27521 4 10 3 11 -1 -1 0010111011110001000000000000000000000000000000000020200000000020000000000000001220000000002000000000000000000000000220202 1
2 0 430363 27520 10 10 12 8 -1 -1 0010111111110000000000000000000000000000000000000020200000000020000000000000001220000000002000000000000000000000000220202 1
1 0 429067 27520 10 8 9 9 -1 -1 0010111111110000000000000000000000000000000000000020200000000020000000000000001020000000002000000000002000000000000220202 1
2 0 429067 27519 11 9 12 10 -1 -1 0010111111110000000000000000000000000000000000000020200000000020000010000000000020000000002000000000002000000000000220202 1
1 0 427922 27519 9 9 8 10 -1 -1 0010111111110000000000000000000000000000000000000020200000000020000010000000000020000000000000000000002200000000000220202 1
2 0 427922 27518 7 11 9 9 -1 -1 0010111111110000000000000000000000000000000000000020200000010020000000000000000020000000000000000000002200000000000220202 1
1 0 426801 27518 8 10 7 11 -1 -1 0010111111110000000000000000000000000000000000000000200000010020000020000000000020000000000000000000002200000000000220202 1
2 0 426801 27517 7 15 8 14 -1 -1 0010111111110000000000000000000000000000000000000010200000000020000020000000000020000000000000000000002200000000000220202 1
1 0 425050 27517 7 11 6 12 -1 -1 0010111111110000000000000000000000000000000000000010000000000220000020000000000020000000000000000000002200000000000220202 1
2 0 425050 27510 8 14 9 13 -1 -1 0010111111110000000000000000000000000000100000000000000000000220000020000000000020000000000000000000002200000000000220202 1
1 0 423975 27510 6 12 5 11 -1 -1 0010111111110000000000000000000000000000100000000000000000000020000020200000000020000000000000000000002200000000000220202 1
2 0 423975 27508 9 13 13 9 -1 -1 0010111111110000000000000000100000000000000000000000000000000020000020200000000020000000000000000000002200000000000220202 1
1 0 423423 27508 4 0 4 4 -1 -1 0010111111110000000000000000100000000000000000000000000000000020000020000000000020000000000000000000002200000002000220202 1
2 0 423423 27507 9 9 10 10 -1 -1 0010111111011000000000000000100000000000000000000000000000000020000020000000000020000000000000000000002200000002000220202 1
1 0 422205 27507 5 11 4 12 -1 -1 0010111111011000000000000000100000000000000000000000000000000020000000000000000220000000000000000000002200000002000220202 1
2 0 422205 27506 8 16 9 15 -1 -1 0010111111011000100000000000000000000000000000000000000000000020000000000000000220000000000000000000002200000002000220202 1
1 0 421034 27506 1 13 1 11 -1 -1 0010111111011000100000000000000000000000000000000000000000000000000000020000000220000000000000000000002200000002000220202 1
2 0 421034 27505 12 10 13 11 -1 -1 0100111111011000100000000000000000000000000000000000000000000000000000020000000220000000000000000000002200000002000220202 1
1 0 419829 27505 4 12 0 12 -1 -1 0100111111011000100000000000000000000000000000000000000000000000000000020000000220000000000000000000002000000002200220202 1
2 0 419829 27504 13 11 15 13 -1 -1 1100111111011000000000000000000000000000000000000000000000000000000000020000000220000000000000000000002000000002200220202 1
1 0 419297 27504 0 12 1 13 -1 -1 1100111111011000000000000000000000000000000000000000000000000000000000020000000220000000000000000000002000000002000220222 1
2 0 419297 27503 10 10 11 11 -1 -1 0110111111011000000000000000000000000000000000000000000000000000000000020000000220000000000000000000002000000002000220222 1
1 0 418899 27503 4 2 4 6 -1 -1 0110111111011000000000000000000000000000000000000000000000000000000000020000000020000000000200000000002000000002000220222 1
2 0 418899 27502 10 12 12 10 -1 -1 0110111111001100000000000000000000000000000000000000000000000000000000020000000020000000000200000000002000000002000220222 1
1 0 418370 27502 4 4 0 12 -1 -1 0110111111001100000000000000000000000000000000000000000000000000000000020000000000000000000200000000002200000002000220222 1
2 0 418370 27501 11 11 12 12 -1 -1 1110111111000100000000000000000000000000000000000000000000000000000000020000000000000000000200000000002200000002000220222 1
1 0 418050 27501 4 6 4 8 -1 -1 1110111111000100000000000000000000000000000000000000000000000000000000020000000000000000000000000000002220000002000220222 1
2 0 418050 27501 12 10 13 11 -1 -1 1110111111000010000000000000000000000000000000000000000000000000000000020000000000000000000000000000002220000002000220222 1
1 0 417847 27501 4 8 2 10 -1 -1 1110111111000010000000000000000000000000000000000000000000000000000000020000000000000000000000000000002020000002200220222 1
