1322295239000
artificialwintelligence
kingfish
1 0 599619 600000 14 12 12 10 -1 -1 2222222222000000000000000000000000000000000000000000000000000000000000000000000000000000000000000000000000000001111111111 2
2 0 599619 599921 2 14 4 12 -1 -1 2222222222000000000000000000000000000000000000000000000000000000000000000000000000000000000000000000000100000001111101111 2
1 0 599203 599921 13 11 11 9 -1 -1 2222202222000000200000000000000000000000000000000000000000000000000000000000000000000000000000000000000100000001111101111 2
2 0 599203 599921 0 12 4 16 -1 -1 2222202222000000200000000000000000000000000000000000000000000000000000000000000000000000001000000000000100000001011101111 2
1 0 598685 599921 14 14 12 8 -1 -1 0222202222000000202000000000000000000000000000000000000000000000000000000000000000000000001000000000000100000001011101111 2
2 0 598685 599918 2 12 4 10 -1 -1 0222202222000000202000000000000000000000000000000000000000000000000000000000000000000000001000000000001100000001011100111 2
1 0 597889 599918 16 12 12 16 -1 -1 0222002222000002202000000000000000000000000000000000000000000000000000000000000000000000001000000000001100000001011100111 2
2 0 597889 599917 3 9 5 11 -1 -1 0222002222000002202000000000000000000000000000000000000000000000000000000000000000000000001000000000001100100001011100110 2
1 0 596838 599917 12 10 10 8 -1 -1 0222000222000002202000000000200000000000000000000000000000000000000000000000000000000000001000000000001100100001011100110 2
2 0 596838 599916 1 11 3 9 -1 -1 0222000222000002202000000000200000000000000000000000000000000000000000000000001000000000001000000000001000100001011100110 2
1 0 595946 599916 13 9 9 9 -1 -1 0022002222000002202000000000200000000000000000000000000000000000000000000000001000000000001000000000001000100001011100110 2
2 0 595946 599773 3 11 5 13 -1 -1 0022002222000002202000000000200000000000000000000000000000000000000010000000001000000000001000000000001000100000011100110 2
1 0 594037 599773 12 8 8 8 -1 -1 0022002022000002202000000000220000000000000000000000000000000000000010000000001000000000001000000000001000100000011100110 2
2 0 594037 599772 3 15 5 9 -1 -1 0022002022000002202000000000220000000000000000000000000000100000000010000000001000000000001000000000000000100000011100110 2
1 0 592204 599772 11 9 7 9 -1 -1 0022002020000002202000000002220000000000000000000000000000100000000010000000001000000000001000000000000000100000011100110 2
2 0 592204 595542 4 10 8 10 -1 -1 0022002020000002202000000002220000000000000000000100000000100000000010000000001000000000000000000000000000100000011100110 2
1 0 590381 595542 15 11 13 9 -1 -1 0022002020000000202000000002220000000000000000000100000000120000000010000000001000000000000000000000000000100000011100110 2
2 0 590381 592375 2 10 6 10 -1 -1 0022002020000000202000000002220000000000000000000100000000120000000010000000001000000000000000000000000000100001011100010 2
1 0 589489 592375 14 10 12 8 -1 -1 0020002020000000202000000002220000000002000000000100000000120000000010000000001000000000000000000000000000100001011100010 2
2 0 589489 589774 1 13 2 12 -1 -1 0020002020000000202000000002220000000002000000000100000000120000000010000000001000000000000000000000001000100001011000010 2
1 0 587489 589774 15 13 14 12 -1 -1 0000202020000000202000000002220000000002000000000100000000120000000010000000001000000000000000000000001000100001011000010 2
2 0 587489 586196 5 9 7 11 -1 -1 0000202020000000202000000002220000000002000000000100000000120000000010000000001000000000000000000000001000100001011010000 2
1 0 586015 586196 12 16 11 15 -1 -1 0000202020000000202000000000220000000002000000000120000000120000000010000000001000000000000000000000001000100001011010000 2
2 0 586015 582747 4 12 6 14 -1 -1 0000202020000000202000000000220000000002000000000120000000120000000010000000001000000000000001000000001000000001011010000 2
1 0 584320 582747 7 9 5 15 -1 -1 0000202020000000002000000000220000000002020000000120000000120000000010000000001000000000000001000000001000000001011010000 2
2 0 584320 575245 5 11 11 9 -1 -1 0000202020000000002000000000221000000002020000000020000000120000000010000000001000000000000001000000001000000001011010000 2
1 0 582371 575245 14 12 10 16 -1 -1 0000202020000000002000000000021000000002020000000020000000120000000010000000001000000000002001000000001000000001011010000 2
2 0 582371 568787 5 13 7 15 -1 -1 0000202020000000002000000000021000000002020000000020000000120000000010000000001000100000002001000000001000000001011000000 2
1 0 578767 568787 13 13 12 14 -1 -1 0000202020000000002000000000001000000002020000000020200000120000000010000000001000100000002001000000001000000001011000000 2
2 0 578767 562815 6 10 8 12 -1 -1 0000202020000000002000000000001000000002020000000020200000120000000010000000001000100000002001000000001001000001001000000 2
1 0 576435 562815 13 15 9 15 -1 -1 0000202020000000002000000000001000000000020000000020200000122000000010000000001000100000002001000000001001000001001000000 2
2 0 576435 556569 2 12 6 16 -1 -1 0000202020000000002000000000001000000000020000000020200000122000000010010000001000100000002001000000001001000001000000000 2
1 0 573235 556569 13 9 11 7 -1 -1 0000002020000000002000000000001000000000022000000020200000122000000010010000001000100000002001000000001001000001000000000 2
2 0 573235 548702 6 14 12 12 -1 -1 0000002020000000002000000000001000000000022000000020200000122000000010010000001000100000012001000000001001000000000000000 2
1 0 570107 548702 11 15 9 17 -1 -1 0000002020000000002000000000001000000000002000000020200000122000000010010000001000100000012001000000001021000000000000000 2
2 0 570107 540419 4 16 10 14 -1 -1 0000002020000000002000000000001000000000002000000020200000122000000010011000001000100000012000000000001021000000000000000 2
1 0 567300 540419 9 9 7 7 -1 -1 0000002020000000000000000000001000000000002000000020200000122000000010011000001002100000012000000000001021000000000000000 2
2 0 567300 528658 7 11 13 13 -1 -1 0000002020000000000000000000001000000000002000001020200000122000000000011000001002100000012000000000001021000000000000000 2
1 0 564271 528658 11 7 7 11 -1 -1 0000002020000000000000000000001000000000002000001000200000122000000000011000001002100000012000000000001021000000020000000 2
2 0 564271 517677 12 12 13 11 -1 -1 0000002020000000000000000000001000000000002000001010200000122000000000011000001002100000002000000000001021000000020000000 2
1 0 556657 517677 12 14 11 15 -1 -1 0000002020000000000000000000001000000000002000001010200000122000000000011000001002100000002000000000001001000000220000000 2
2 0 556657 503175 11 9 11 11 -1 -1 0000002020000000000000000000001000000000002000001010200000122000000000011000001002100000002001000000001000000000220000000 2
1 0 553122 503175 12 8 11 9 -1 -1 0000002020000000000000000000001000000000002000001010200000122000000000011000001002100000000201000000001000000000220000000 2
2 0 553122 493599 8 10 9 11 -1 -1 0000002020000000000000000000001000000000002000001010200000122000000000011000001002100000001201000000000000000000220000000 2
1 0 549405 493599 11 9 7 17 -1 -1 0000002020000000000000000000001000000000002000001010200000102000000002011000001002100000001201000000000000000000220000000 2
2 0 549405 477691 10 14 12 16 -1 -1 0000002020000000000000000000001000000000002000001010210000102000000002011000001002100000000201000000000000000000220000000 2
1 0 544995 477691 10 16 6 8 -1 -1 0000002020000000000000000000001000000000002000001010210000102000000002011000001000100000000201000000000000200000220000000 2
2 0 544995 459896 6 16 14 12 -1 -1 0000002020000000000000000000001000000010002000001010210000102000000002011000001000000000000201000000000000200000220000000 2
1 0 537634 459896 11 15 10 14 -1 -1 0000002020000000000000000000001000000010000000001010210000102000000002011000001000000000000201000000000000200000220020000 2
2 0 537634 450945 8 12 14 14 -1 -1 0000002020000000000000000000001000000010000000001010210000102000000002011000001001000000000200000000000000200000220020000 2
1 0 530162 450945 10 14 4 16 -1 -1 0000002020000000000000000000001000000010000000001010210000100000000002011000001001000000000200000000000000200000220022000 2
2 0 530162 442758 9 11 10 10 -1 -1 0000002020000000001000000000001000000010000000001010210000100000000002011000001000000000000200000000000000200000220022000 2
1 0 526614 442758 10 8 9 7 -1 -1 0000002020000000001000000000001000000010000000001010210000100000000000011000001200000000000200000000000000200000220022000 2
2 0 526614 438235 10 10 14 10 -1 -1 0000002020000000001000000000001000000010000000001010210000100000000100011000000200000000000200000000000000200000220022000 2
1 0 524381 438235 9 7 5 7 -1 -1 0000002020000000001000000000001000000010000000001010210000100000000100011000000000000000000200000000000000200000220222000 2
2 0 524381 435551 3 9 4 8 -1 -1 0000002020000000001000000010001000000010000000001010210000100000000000011000000000000000000200000000000000200000220222000 2
1 0 520841 435551 8 8 6 10 -1 -1 0000000020000020001000000010001000000010000000001010210000100000000000011000000000000000000200000000000000200000220222000 2
2 0 520841 432559 3 13 4 14 -1 -1 0000000020000020001000000010001000000011000000001010210000000000000000011000000000000000000200000000000000200000220222000 2
1 0 519213 432559 6 8 4 10 -1 -1 0000000000000020021000000010001000000011000000001010210000000000000000011000000000000000000200000000000000200000220222000 2
2 0 519213 426770 4 14 10 16 -1 -1 0000000000000021021000000010001000000001000000001010210000000000000000011000000000000000000200000000000000200000220222000 2
1 0 516919 426770 7 17 3 9 -1 -1 0000000000000021001000000010001000000001000000001010210000000000000000011000000000200000000200000000000000200000220222000 2
2 0 516919 424726 4 8 8 8 -1 -1 0000001000000021001000000010001000000001000000001010200000000000000000011000000000200000000200000000000000200000220222000 2
1 0 515448 424726 9 15 8 16 -1 -1 0000001000000001001000000010001000000001000000001010200000200000000000011000000000200000000200000000000000200000220222000 2
2 0 515448 420849 12 16 13 15 -1 -1 0000001000000001001000000010001000000001000000001010200000200010000000001000000000200000000200000000000000200000220222000 2
1 0 513967 420849 8 16 6 14 -1 -1 0000001000000001001000000010001000000001000000001010200000200010000000001000000000200000000200000000000000000000222222000 2
2 0 513967 418784 7 15 8 14 -1 -1 0000001000000001001000000010001000000001010000001010200000200000000000001000000000200000000200000000000000000000222222000 2
1 0 512533 418784 7 11 3 11 -1 -1 0000001000000001001000000010001000000001010000001010000000200200000000001000000000200000000200000000000000000000222222000 2
2 0 512533 416101 8 14 9 13 -1 -1 0000001100000001001000000010001000000001010000001000000000200200000000001000000000200000000200000000000000000000222222000 2
1 0 509913 416101 7 7 6 8 -1 -1 0000001100000001001000000010001000000001010000001000000000200000000000201000000000200000000200000000000000000000222222000 2
2 0 509913 412959 9 13 10 14 -1 -1 0000001100000001001000000010001000000011010000000000000000200000000000201000000000200000000200000000000000000000222222000 2
1 0 508067 412959 6 10 2 10 -1 -1 0000001100000001001000000010001000000011010000000000000000200000000000001000000002200000000200000000000000000000222222000 2
2 0 508067 410536 10 16 12 10 -1 -1 0001001100000001001000000010001000000010010000000000000000200000000000001000000002200000000200000000000000000000222222000 2
1 0 506997 410536 4 16 3 15 -1 -1 0001001100000001001000000010001000000010010000000000000000200000000000001000000002000000000200000000000200000000222222000 2
2 0 506997 408848 8 8 9 9 -1 -1 0001001101000001000000000010001000000010010000000000000000200000000000001000000002000000000200000000000200000000222222000 2
1 0 505150 408848 9 17 8 16 -1 -1 0001001101000001000000000010001000000010010000000000000000000000000020001000000002000000000200000000000200000000222222000 2
2 0 505150 407392 9 9 10 10 -1 -1 0001001101000001000000000010001000000010010000000000000000000010000020000000000002000000000200000000000200000000222222000 2
1 0 503183 407392 8 16 7 17 -1 -1 0001001101000001000000000010001000000010010000000000000000000010000000000000000202000000000200000000000200000000222222000 2
2 0 503183 405153 14 14 15 13 -1 -1 0001001101000001000000000010001000000010010000000000010000000000000000000000000202000000000200000000000200000000222222000 2
1 0 501396 405153 6 14 2 14 -1 -1 0001001101000001000000000010001000000010010000000000010000000000000000000000000202000000000200000000000200000000222220020 2
2 0 501396 403403 10 10 16 12 -1 -1 0001011101000001000000000010001000000010000000000000010000000000000000000000000202000000000200000000000200000000222220020 2
1 0 499095 403403 4 10 4 8 -1 -1 0001011101000001000000000010001000000010000000000000010000000000000000000000000002000000000200000000000200000000222220022 2
2 0 499095 402581 10 14 11 13 -1 -1 0001011101000010000000000010001000000010000000000000010000000000000000000000000002000000000200000000000200000000222220022 2
1 0 497615 402581 7 17 6 18 -1 -1 0001011101000010000000000010001000000010000000000000010000000000000000000000000000000000000220000000000200000000222220022 2
2 0 497615 401608 11 11 15 11 -1 -1 0001011101000010000000000010001000000010000100000000000000000000000000000000000000000000000220000000000200000000222220022 2
1 0 496417 401608 6 8 2 12 -1 -1 0001011101000010000000000010001000000010000100000000000000000000000000000000000000000000000020000000000200000000222220222 2
2 0 496417 400870 12 10 13 9 -1 -1 0001111101000010000000000010001000000000000100000000000000000000000000000000000000000000000020000000000200000000222220222 2
1 0 495818 400870 3 9 1 11 -1 -1 0001111101000010000000000010001000000000000100000000000000000000000000000000000000000000000020000000000000000002222220222 2
2 0 495818 400485 11 13 12 12 -1 -1 0101110101000010000000000010001000000000000100000000000000000000000000000000000000000000000020000000000000000002222220222 2
1 0 495416 400485 6 18 5 17 -1 -1 0101110101000010000000000010001000000000000100000000000000000000000000000000000000000000000000000000000020000002222220222 2
2 0 495416 400192 12 12 14 14 -1 -1 0101110101000010000000000010001100000000000000000000000000000000000000000000000000000000000000000000000020000002222220222 2
