1322291069000
skynet
kingfish
1 0 599904 600000 14 10 12 12 -1 -1 2222222222000000000000000000000000000000000000000000000000000000000000000000000000000000000000000000000000000001111111111 2
2 0 599904 599906 2 14 4 12 -1 -1 2222222222000000000000000000000000000000000000000000000000000000000000000000000000000000000000000000000010000001111011111 2
1 0 599896 599906 13 13 11 11 -1 -1 2222202222000000200000000000000000000000000000000000000000000000000000000000000000000000000000000000000010000001111011111 2
2 0 599896 599905 0 12 4 16 -1 -1 2222202222000000200000000000000000000000000000000000000000000000000000000000000000000000000100000000000010000001101011111 2
1 0 599883 599905 14 12 10 12 -1 -1 0222202222000000202000000000000000000000000000000000000000000000000000000000000000000000000100000000000010000001101011111 2
2 0 599883 599904 3 11 5 13 -1 -1 0222202222000000202000000000000000000000000000000000000000000000000000000000000010000000000100000000000010000001101001111 2
1 0 599869 599904 13 11 9 11 -1 -1 0222202022000000202000000000020000000000000000000000000000000000000000000000000010000000000100000000000010000001101001111 2
2 0 599869 599903 2 12 6 12 -1 -1 0222202022000000202000000000020000000000000000000000000000000000000001000000000010000000000100000000000010000001001001111 2
1 0 599857 599903 16 12 12 8 -1 -1 0222002022000000202000000000020000000000200000000000000000000000000001000000000010000000000100000000000010000001001001111 2
2 0 599857 599902 3 13 7 13 -1 -1 0222002022000000202000000000020000000000200000000000000000000000000001000000000010000000000100000000001010000001001001110 2
1 0 599845 599902 13 9 11 7 -1 -1 0222002002000000202000000000020000000000200000000002000000000000000001000000000010000000000100000000001010000001001001110 2
2 0 599845 595209 4 12 10 10 -1 -1 0222002002000000202000000000020000000000200000000002000000000000000001000000000010000000010100000000001010000000001001110 2
1 0 599837 595209 13 15 12 14 -1 -1 0222002002000000002000000000020000000000200000000002000000000000000001000000000210000000010100000000001010000000001001110 2
2 0 599837 589743 4 16 5 15 -1 -1 0222002002000000002000000000020000000000200000000002000000000000000001000000000210000000010100000000001011000000000001110 2
1 0 599830 589743 15 13 11 9 -1 -1 0222002002000000000000000000022000000000200000000002000000000000000001000000000210000000010100000000001011000000000001110 2
2 0 599830 584796 5 13 7 15 -1 -1 0222002002000000000000000000022000000000200000000002000000000000000001000000000210000000011100000000001011000000000001100 2
1 0 599823 584796 14 14 13 13 -1 -1 0222002002000000000000000000002000000000200000000002200000000000000001000000000210000000011100000000001011000000000001100 2
2 0 599823 580635 2 10 8 16 -1 -1 0222002002000000000000000000002000000000200000000002200000000000000001000000000210000000011100000000001011000000010000100 2
1 0 599816 580635 15 11 14 12 -1 -1 0220002002000000000000000000002000000000200000000002200000000020000001000000000210000000011100000000001011000000010000100 2
2 0 599816 577543 1 11 0 12 -1 -1 0220002002000000000000000000002000000000200000000002200000000020000001000000000210000000011100000000001011000000010010000 2
1 0 599809 577543 12 12 11 13 -1 -1 2020002002000000000000000000002000000000200000000002200000000020000001000000000210000000011100000000001011000000010010000 2
2 0 599809 569868 0 12 6 14 -1 -1 2020002002000000000000000000002000000000200000000002200000000020000001000000000210000000011110000000001001000000010010000 2
1 0 599802 569868 11 11 9 13 -1 -1 0020002002000000000000000000002000000000220000000002200000000020000001000000000210000000011110000000001001000000010010000 2
2 0 599802 561796 6 14 14 10 -1 -1 0020002002000000000000000000002000000000220000000002200000000020000001100000000210000000011010000000001001000000010010000 2
1 0 599797 561796 10 12 4 14 -1 -1 0020002002000000000000000000002000000000200000000002200000000020000001100000000210000000011010000000001001000000010210000 2
2 0 599797 553469 8 16 14 14 -1 -1 0020002002000000010000000000002000000000200000000002200000000020000001100000000200000000011010000000001001000000010210000 2
1 0 599793 553469 9 11 8 12 -1 -1 0020002002000000010000000000002000000000200000000002200000000000000001100000000200000000011010000000001001000000010212000 2
2 0 599793 548129 6 12 10 12 -1 -1 0020002002000000010000000000002000000000200000000002200000001000000000100000000200000000011010000000001001000000010212000 2
1 0 599790 548129 12 8 10 6 -1 -1 0020002002000000010000000000002000000000000000000002200000001000000000100000000220000000011010000000001001000000010212000 2
2 0 599790 541755 7 13 9 11 -1 -1 0020002002000000010000000000002000000000000000000002200000001000000000100000010220000000011010000000000001000000010212000 2
1 0 599786 541755 11 7 9 9 -1 -1 0020002002000000010000000000002000000000000000000000200000001000000002100000010220000000011010000000000001000000010212000 2
2 0 599786 538897 1 13 2 14 -1 -1 0020002002000000010000000000002000000000000000000000200000001000000012100000010220000000001010000000000001000000010212000 2
1 0 599782 538897 12 14 12 12 -1 -1 0000022002000000010000000000002000000000000000000000200000001000000012100000010220000000001010000000000001000000010212000 2
2 0 599782 535822 10 12 12 14 -1 -1 0000022002000000010000000000002000000000000000000000200000001000000012100000010220000000001010000000000010000000010212000 2
1 0 599778 535822 11 9 10 8 -1 -1 0000022002000000010000000000002000000000000000000000200000001000000012100000010200000000001010000000000012000000010212000 2
2 0 599778 533657 2 14 8 16 -1 -1 0000022002000000010000000000002000000000000000000000200000001000000012100000011200000000000010000000000012000000010212000 2
1 0 599774 533657 13 13 11 11 -1 -1 0000002002000000010000000000002000000000000000000000200000001020000012100000011200000000000010000000000012000000010212000 2
2 0 599774 527278 7 15 8 14 -1 -1 0000002002000000010000000000002000000000000000000000200000001020000012100000011200000000000110000000000012000000000212000 2
1 0 599770 527278 14 12 13 13 -1 -1 0000002002000000010000000000002000000000000000000000000000001220000012100000011200000000000110000000000012000000000212000 2
2 0 599770 521860 8 14 12 10 -1 -1 0000002002000000010000000000002000000000000000000000000000001220000012100000011200000000000110000000000012000000010202000 2
1 0 599767 521860 11 13 10 12 -1 -1 0000002002000000010000000000002000000000000000000000000000001020000012100000011200000000000110000000000212000000010202000 2
2 0 599767 518282 9 11 15 13 -1 -1 0000002002000000010000000000002000000000000000000000000000001020000012100000011210000000000100000000000212000000010202000 2
1 0 599764 518282 9 13 7 11 -1 -1 0000002002000000010000000000002000000000000000000000000000001020000010100000011210000000000100000000000212000000010202020 2
2 0 599764 515321 3 15 5 13 -1 -1 0000002002000000010000000000002000000000000000000010000000001020000010000000011210000000000100000000000212000000010202020 2
1 0 599759 515321 4 14 3 13 -1 -1 0000002000000000010000000000022000000000000000000010000000001020000010000000011210000000000100000000000212000000010202020 2
2 0 599759 510998 5 13 6 12 -1 -1 0000002010000000000000000000022000000000000000000010000000001020000010000000011210000000000100000000000212000000010202020 2
1 0 599755 510998 8 12 6 10 -1 -1 0000002010000000000000000000002000000000200000000010000000001020000010000000011210000000000100000000000212000000010202020 2
2 0 599755 507373 6 12 8 10 -1 -1 0000002010000000000000000000002000000001200000000010000000000020000010000000011210000000000100000000000212000000010202020 2
1 0 599751 507373 10 6 9 7 -1 -1 0000002010000000000000000000002000000001000000000010000000020020000010000000011210000000000100000000000212000000010202020 2
2 0 599751 504156 8 10 9 11 -1 -1 0000002010000000000000000000002000000001000000000010000000020020000110000000001210000000000100000000000212000000010202020 2
1 0 599748 504156 9 9 8 10 -1 -1 0000002010000000000000000000002000000001000000000010000000000020000112000000001210000000000100000000000212000000010202020 2
2 0 599748 497632 12 14 13 15 -1 -1 0000002010000000000000000000002000000001000000000010000000010020000102000000001210000000000100000000000212000000010202020 2
1 0 599745 497632 12 12 12 8 -1 -1 0000002010000000000000000000002000000001000000000010000000010020000102000000001210000000000100000000000210000000012202020 2
2 0 599745 493204 10 10 12 12 -1 -1 0000002010000000000000000000002000000001000000000010000000010020000102000000001210000000000100000000001200000000012202020 2
1 0 599741 493204 10 8 8 6 -1 -1 0000002010000000000000000000002000000001000000000010000000010020000102000000001010000000000100000000001220000000012202020 2
2 0 599741 488715 9 11 13 11 -1 -1 0000002010000000000000000000002000000001000000000010000001010020000102000000000010000000000100000000001220000000012202020 2
1 0 599738 488715 11 11 9 13 -1 -1 0000002010000000000000000000002000000001000000000010000001010020000100000000000010000000000100000000001220000000212202020 2
2 0 599738 483815 8 16 9 15 -1 -1 0000002010000000000000000000002000000001000000000010000001010020000100100000000010000000000000000000001220000000212202020 2
1 0 599735 483815 13 13 11 11 -1 -1 0000002010000000000000000000002000000001000000000010000001010000000100120000000010000000000000000000001220000000212202020 2
2 0 599735 479146 9 15 11 13 -1 -1 0000002010000000000000000000002000000001000000000010000001010000000100120000000010000000000100000000001220000000202202020 2
1 0 599732 479146 10 12 8 14 -1 -1 0000002010000000000000000000002000000001000000000010000001010000000100100000000010000000000120000000001220000000202202020 2
2 0 599732 475522 12 10 14 12 -1 -1 0000002010000000000000000000002000000001000000000010000001010100000100100000000000000000000120000000001220000000202202020 2
1 0 599729 475522 7 11 6 12 -1 -1 0000002010000000000000000000002000000001000000000010000001010100000100100000000000000000000120000000001020000000202222020 2
2 0 599729 473192 3 9 4 10 -1 -1 0000002010000000000000000000002000000001100000000000000001010100000100100000000000000000000120000000001020000000202222020 2
1 0 599726 473192 3 13 2 12 -1 -1 0000000010000002000000000000002000000001100000000000000001010100000100100000000000000000000120000000001020000000202222020 2
2 0 599726 471592 4 10 5 11 -1 -1 0000100000000002000000000000002000000001100000000000000001010100000100100000000000000000000120000000001020000000202222020 2
1 0 599722 471592 6 10 4 12 -1 -1 0000100000000000000000000000202000000001100000000000000001010100000100100000000000000000000120000000001020000000202222020 2
2 0 599722 468554 5 11 9 15 -1 -1 0000100000000000100000000000202000000000100000000000000001010100000100100000000000000000000120000000001020000000202222020 2
1 0 599719 468554 9 7 7 5 -1 -1 0000100000000000100000000000002000000000100000000000000001010100000100120000000000000000000120000000001020000000202222020 2
2 0 599719 465857 12 12 13 13 -1 -1 0000100000000000100000000000002000000000100000010000000001010100000000120000000000000000000120000000001020000000202222020 2
1 0 599716 465857 8 10 7 11 -1 -1 0000100000000000100000000000002000000000100000010000000001010100000000120000000000000000000120000000001000000000222222020 2
2 0 599716 463173 5 15 6 14 -1 -1 0000100000000000100000000000002000000000100000010010000001000100000000120000000000000000000120000000001000000000222222020 2
1 0 599713 463173 12 8 11 9 -1 -1 0000100000000000100000000000000000000000120000010010000001000100000000120000000000000000000120000000001000000000222222020 2
2 0 599713 459946 6 14 12 12 -1 -1 0000100000000000100000000000000000000000120000010010000001000100000000120000000000000000001120000000000000000000222222020 2
1 0 599710 459946 8 6 7 7 -1 -1 0000100000000000100000000000000000000000100000010010000001000100000000120000000000000000001120000000000020000000222222020 2
2 0 599710 458276 9 15 10 14 -1 -1 0000100000000000100000000000000000000000100000011010000000000100000000120000000000000000001120000000000020000000222222020 2
1 0 599706 458276 9 13 8 12 -1 -1 0000100000000000100000000000000000000000100000011010000000000100000000100000000002000000001120000000000020000000222222020 2
2 0 599706 456775 10 14 10 12 -1 -1 0000100000000000100000000000000000000000100000011010000000001100000000000000000002000000001120000000000020000000222222020 2
1 0 599702 456775 11 11 7 15 -1 -1 0000100000000000100000000000000000000000100000011010000000001100000000000000000020000000001120000000000020000000222222020 2
2 0 599702 455378 10 12 12 10 -1 -1 0000100000000000100000000000000000000000100000011010100000001100000000000000000020000000001020000000000020000000222222020 2
1 0 599699 455378 8 14 7 13 -1 -1 0000100000000000100000000000000000000000100000011010100000001100000000000000000000000000001020000000000220000000222222020 2
2 0 599699 454191 12 10 13 9 -1 -1 0000100000000000100000000000000000000000100000011011100000001000000000000000000000000000001020000000000220000000222222020 2
1 0 599696 454191 6 12 5 11 -1 -1 0000100000000000100000000000000000000000100000011011100000001000000000000000000000000000001020000000000020000002222222020 2
2 0 599696 453459 11 13 12 14 -1 -1 0000100000000000100000000000100000000000000000011011100000001000000000000000000000000000001020000000000020000002222222020 2
1 0 599693 453459 2 12 1 13 -1 -1 0000100000000000100000000000100000000000000000011011100000001000000000000000000000000000001000000000000022000002222222020 2
2 0 599693 452517 13 9 15 11 -1 -1 0010000000000000100000000000100000000000000000011011100000001000000000000000000000000000001000000000000022000002222222020 2
1 0 599690 452517 4 12 3 13 -1 -1 0010000000000000100000000000100000000000000000011011100000001000000000000000000000000000001000000000000022000000222222220 2
2 0 599690 451689 14 10 16 12 -1 -1 0010000010000000000000000000100000000000000000011011100000001000000000000000000000000000001000000000000022000000222222220 2
1 0 599687 451689 7 5 6 6 -1 -1 0010000010000000000000000000100000000000000000011011100000001000000000000000000000000000001000000000000022000000222022222 2
2 0 599687 450995 12 12 14 10 -1 -1 0010000010000000000000000000100000000100000000001011100000001000000000000000000000000000001000000000000022000000222022222 2
1 0 599684 450995 7 11 6 12 -1 -1 0010000010000000000000000000100000000100000000001011100000001000000000000000000000000000001000000000000002000000222222222 2
2 0 599684 450625 12 14 12 12 -1 -1 0010000010000000000000000000100000000100100000001001100000001000000000000000000000000000001000000000000002000000222222222 2
1 0 599681 450625 11 9 10 10 -1 -1 0010000010000000000000000000100000000100100000001001100000001000000000000000000000000000001000000000000020000000222222222 2
2 0 599681 450283 14 10 13 9 -1 -1 0010000010000000000000000000100000000100100000001001100000001000000000000000000100000000000000000000000020000000222222222 2
1 0 599678 450283 7 7 6 8 -1 -1 0010000010000000000000000000100000000100100000001001100000001000000000000000000100000000000000000000000020000002222022222 2
2 0 599678 449758 12 12 14 10 -1 -1 0010000010000000000000000000100000000110100000000001100000001000000000000000000100000000000000000000000020000002222022222 2
