1322288214000
kingfish
droptable
1 0 599820 600000 14 10 12 12 -1 -1 2222222222000000000000000000000000000000000000000000000000000000000000000000000000000000000000000000000000000001111111111 1
2 0 599820 594783 3 9 4 10 -1 -1 2222222222000000000000000000000000000000000000000000000000000000000000000000000000000000000000000000000010000001111011111 1
1 0 599818 594783 16 12 12 8 -1 -1 2222220222000002000000000000000000000000000000000000000000000000000000000000000000000000000000000000000010000001111011111 1
2 0 599818 583139 1 11 5 11 -1 -1 2222220222000002000000000000000000000000000000000000000000000000000000000000000000000000000000000000001010000001111011110 1
1 0 599815 583139 13 13 11 11 -1 -1 2022220222000002000000000000200000000000000000000000000000000000000000000000000000000000000000000000001010000001111011110 1
2 0 599815 565414 3 15 4 14 -1 -1 2022220222000002000000000000200000000000000000000000000000000000000000000000000000000000000100000000001010000001101011110 1
1 0 599814 565414 14 12 10 12 -1 -1 2022220220000002020000000000200000000000000000000000000000000000000000000000000000000000000100000000001010000001101011110 1
2 0 599814 543163 2 14 6 10 -1 -1 2022220220000002020000000000200000000000000000000000000000000000000000000000000010000000000100000000001010000001101001110 1
1 0 599813 543163 13 11 9 11 -1 -1 2022200220000002020000000000200000000002000000000000000000000000000000000000000010000000000100000000001010000001101001110 1
2 0 599813 519476 4 10 6 8 -1 -1 2022200220000002020000000000200000000002000000000000000000000000000001000000000010000000000100000000001010000001001001110 1
1 0 599626 519476 12 12 8 12 -1 -1 2022200220000000020000000000200000000022000000000000000000000000000001000000000010000000000100000000001010000001001001110 1
2 0 599626 496314 3 11 9 13 -1 -1 2022200220000000020000000000200000000022000000000000000000001000000001000000000010000000000100000000001000000001001001110 1
1 0 594399 496314 12 8 11 9 -1 -1 2022200020000000020000000000200000000022000000000000000000001000000001200000000010000000000100000000001000000001001001110 1
2 0 594399 479554 1 13 5 13 -1 -1 2022200020000000020000000000200000000022000000000000000000001000000001200000000010000000001100000000000000000001001001110 1
1 0 588896 479554 9 11 7 13 -1 -1 2002200020000000020000000000220000000022000000000000000000001000000001200000000010000000001100000000000000000001001001110 1
2 0 588896 473024 0 12 1 13 -1 -1 2002200020000000020000000000220000000022000000000001000000001000000000200000000010000000001100000000000000000001001001110 1
1 0 583191 473024 8 12 4 12 -1 -1 0022200020000000020000000000220000000022000000000001000000001000000000200000000010000000001100000000000000000001001001110 1
2 0 583191 454082 2 10 3 11 -1 -1 0022200020000000120000000000220000000022000000000001000000000000000000200000000010000000001100000000000000000001001001110 1
1 0 578755 454082 14 14 6 14 -1 -1 0020200220000000120000000000220000000022000000000001000000000000000000200000000010000000001100000000000000000001001001110 1
2 0 578755 441183 6 8 7 9 -1 -1 0020200220000000120000000000220000000022010000000001000000000000000000200000000010000000001100000000000000000001001000110 1
1 0 574063 441183 10 12 6 12 -1 -1 0020200220000000120000000000220000000002010000000201000000000000000000200000000010000000001100000000000000000001001000110 1
2 0 574063 430959 3 11 4 10 -1 -1 0020200220000000120000000000220000000002110000000201000000000000000000200000000000000000001100000000000000000001001000110 1
1 0 571987 430959 4 12 3 11 -1 -1 0020200020000002120000000000220000000002110000000201000000000000000000200000000000000000001100000000000000000001001000110 1
2 0 571987 427991 7 9 8 10 -1 -1 0020200120000002020000000000220000000002110000000201000000000000000000200000000000000000001100000000000000000001001000110 1
1 0 567378 427991 6 14 0 12 -1 -1 0020200120000002020000000000220000000002110000000001000000020000000000200000000000000000001100000000000000000001001000110 1
2 0 567378 419990 5 11 9 15 -1 -1 1020200120000002020000000000220000000002100000000001000000020000000000200000000000000000001100000000000000000001001000110 1
1 0 562956 419990 7 13 3 9 -1 -1 1020200120000002020000000000020000000002100000000001000000020000000000220000000000000000001100000000000000000001001000110 1
2 0 562956 413232 1 13 2 14 -1 -1 1020201120000002020000000000020000000002100000000000000000020000000000220000000000000000001100000000000000000001001000110 1
1 0 560539 413232 6 12 5 11 -1 -1 1000221120000002020000000000020000000002100000000000000000020000000000220000000000000000001100000000000000000001001000110 1
2 0 560539 406168 5 13 7 11 -1 -1 1000221120000002020000000000120000000002000000000000000000020000000000220000000000000000001100000000000000000001001000110 1
1 0 555463 406168 13 9 12 10 -1 -1 1000221120000002020000000000100000000002000000000020000000020000000000220000000000000000001100000000000000000001001000110 1
2 0 555463 400225 6 10 7 9 -1 -1 1000221120000002020000000000100000000002000000000020000000020000000000220000000000000000001100000000000100000000001000110 1
1 0 552642 400225 12 10 8 14 -1 -1 1000221120000002020000000000100000000000000000000220000000020000000000220000000000000000001100000000000100000000001000110 1
2 0 552642 393428 2 14 10 14 -1 -1 1000221120000002020000000000100000000000000000000220000000020100000000220000000000000000001100000000000000000000001000110 1
1 0 547495 393428 15 11 14 12 -1 -1 1000201120000002020000000000100000000000000000000220000000020100000000220000000002000000001100000000000000000000001000110 1
2 0 547495 390424 8 10 9 11 -1 -1 1000201120000002020000000000100000000000000000000220000000020100000000220000000002000000001100000000000000000000001010010 1
1 0 542190 390424 8 14 6 12 -1 -1 1000201120000002020000000000100000000000000000000220000000000100000002220000000002000000001100000000000000000000001010010 1
2 0 542190 388138 3 13 5 15 -1 -1 1000201120000002020000000000100000000000100000000220000000000000000002220000000002000000001100000000000000000000001010010 1
1 0 529292 388138 15 13 13 11 -1 -1 1000201100000002020000000000102000000000100000000220000000000000000002220000000002000000001100000000000000000000001010010 1
2 0 529292 384300 4 14 5 13 -1 -1 1000201100000002020000000000102000000000100000000220000000000000000002220000000002000000001100000000000000000000101010000 1
1 0 518199 384300 14 12 6 8 -1 -1 1000201100000002000000000000122000000000100000000220000000000000000002220000000002000000001100000000000000000000101010000 1
2 0 518199 369417 7 11 8 12 -1 -1 1000201100000002000000000000122000000010100000000220000000000000000002220000000002000000001100000000000000000000101000000 1
1 0 513337 369417 11 9 10 10 -1 -1 1000201100000002000000000000122000000010100000000200000000002000000002220000000002000000001100000000000000000000101000000 1
2 0 513337 364206 7 9 8 10 -1 -1 1000201100000002000000000000122000000010100000000200000000002000000002220000000102000000000100000000000000000000101000000 1
1 0 509000 364206 11 11 7 11 -1 -1 1000201100000002000000000000122000000010100000000000000000022000000002220000000102000000000100000000000000000000101000000 1
2 0 509000 357564 8 10 10 12 -1 -1 1000201100000002000000000000122000000010100000000010000000022000000002220000000102000000000000000000000000000000101000000 1
1 0 504149 357564 6 8 6 10 -1 -1 1000201100000002000000000000122000000010100000000010000000002000000002220000000122000000000000000000000000000000101000000 1
2 0 504149 351405 2 12 3 13 -1 -1 1000201100000002000000000000122000000001100000000010000000002000000002220000000122000000000000000000000000000000101000000 1
1 0 501555 351405 6 10 2 14 -1 -1 1000001120000002000000000000122000000001100000000010000000002000000002220000000122000000000000000000000000000000101000000 1
2 0 501555 348617 5 15 6 14 -1 -1 1000011120000002000000000000122000000000100000000010000000002000000002220000000122000000000000000000000000000000101000000 1
1 0 497441 348617 7 11 6 10 -1 -1 1000011120000002000000000000120000000000120000000010000000002000000002220000000122000000000000000000000000000000101000000 1
2 0 497441 328226 3 13 4 12 -1 -1 1000011120000002000000000000120000000001120000000000000000002000000002220000000122000000000000000000000000000000101000000 1
1 0 494086 328226 5 11 3 13 -1 -1 1000011100000002200000000000120000000001120000000000000000002000000002220000000122000000000000000000000000000000101000000 1
2 0 494086 326374 6 14 7 13 -1 -1 1000011110000002200000000000020000000001120000000000000000002000000002220000000122000000000000000000000000000000101000000 1
1 0 489738 326374 6 12 2 12 -1 -1 1000011110000002200000000000020000000001100000000002000000002000000002220000000122000000000000000000000000000000101000000 1
2 0 489738 320702 9 11 11 9 -1 -1 1000111110000002200000000000020000000001000000000002000000002000000002220000000122000000000000000000000000000000101000000 1
1 0 485653 320702 6 10 5 11 -1 -1 1000111110000002200000000000020000000001000000000002000000002000000000220000000122000000002000000000000000000000101000000 1
2 0 485653 316518 10 12 14 12 -1 -1 1000111110000002200000000000120000000000000000000002000000002000000000220000000122000000002000000000000000000000101000000 1
1 0 482887 316518 10 10 9 11 -1 -1 1000111110000002200000000000120000000000000000000002000000002000000000220000000102000000002000000000000000000000101020000 1
2 0 482887 315220 4 10 6 12 -1 -1 1000111110000002200000000000120000000000000000000002000000002000000001220000000002000000002000000000000000000000101020000 1
1 0 480070 315220 3 13 1 11 -1 -1 1000111110000000200000000000120000000000200000000002000000002000000001220000000002000000002000000000000000000000101020000 1
2 0 480070 312896 9 15 11 13 -1 -1 1100111100000000200000000000120000000000200000000002000000002000000001220000000002000000002000000000000000000000101020000 1
1 0 477171 312896 5 11 3 13 -1 -1 1100111100000000200000000000120000000000200000000002000000002000000001200000000002000000002020000000000000000000101020000 1
2 0 477171 311319 4 12 6 14 -1 -1 1100111110000000200000000000020000000000200000000002000000002000000001200000000002000000002020000000000000000000101020000 1
1 0 473019 311319 13 15 12 14 -1 -1 1100111110000000000000000000020000000000220000000002000000002000000001200000000002000000002020000000000000000000101020000 1
2 0 473019 309203 11 13 13 15 -1 -1 1100111110000000000000000000020000000000220000000002000000002000000001200000000002000000002020000000000001000000100020000 1
1 0 469077 309203 12 14 11 13 -1 -1 1100111110000000000000000000020000000000220000000002000000002000000001200000000002000000002000000000000001000000102020000 1
2 0 469077 308177 5 13 7 11 -1 -1 1100111110000000000000000000020000000000220000000002000000002000000001200000000002000000002010000000000000000000102020000 1
1 0 466417 308177 11 13 10 12 -1 -1 1100111110000000000000000000000000000000220000000022000000002000000001200000000002000000002010000000000000000000102020000 1
2 0 466417 306332 8 12 12 8 -1 -1 1100111110000000000000000000000000000000220000000022000000002000000001200000000012000000002000000000000000000000102020000 1
1 0 462914 306332 10 12 8 14 -1 -1 1100111110000000000000000000000000000000220000000022000000000000000001200000000012000000002000000000002000000000102020000 1
2 0 462914 305301 6 12 10 12 -1 -1 1100111110000000000000000000000000000000220000000022000000000100000001200000000002000000002000000000002000000000102020000 1
1 0 458614 305301 13 11 13 9 -1 -1 1100111110000000000000000000000000000000020000000022000000000100000001200000000022000000002000000000002000000000102020000 1
2 0 458614 304518 6 14 10 10 -1 -1 1100111110000000000000000000000000000000020000000022000000000100000001200000000022000000002000000000002000000001002020000 1
1 0 454599 304518 8 14 6 12 -1 -1 1100111110000000000000000000000000000000000000000022000000000100000001200000000222000000002000000000002000000001002020000 1
2 0 454599 304041 12 8 14 10 -1 -1 1100111110000000000000000000000000000000100000000022000000000000000001200000000222000000002000000000002000000001002020000 1
1 0 451803 304041 6 12 5 11 -1 -1 1100111110000000000000000000000000000000100000000022000000000000000001200000000222000000002000000000000000000001002220000 1
2 0 451803 303069 7 13 8 12 -1 -1 1100111110000000000000000000100000000000000000000022000000000000000001200000000222000000002000000000000000000001002220000 1
1 0 447963 303069 9 11 7 13 -1 -1 1100111110000000000000000000100000000000000000000020000000002000000001200000000222000000002000000000000000000001002220000 1
2 0 447963 302115 10 14 11 13 -1 -1 1100111110000000000000000000100000000000000000000021000000002000000000200000000222000000002000000000000000000001002220000 1
1 0 445249 302115 5 11 4 12 -1 -1 1100111110000000000000000000100000000000000000000021000000002000000000200000000220000000002020000000000000000001002220000 1
2 0 445249 301010 11 9 12 8 -1 -1 1100111110000000100000000000000000000000000000000021000000002000000000200000000220000000002020000000000000000001002220000 1
1 0 443316 301010 4 12 2 10 -1 -1 1100111110000000100000000000000000000000000000000021000000002000000000200000000220000000000020000000002000000001002220000 1
2 0 443316 300922 14 12 15 11 -1 -1 1101111110000000000000000000000000000000000000000021000000002000000000200000000220000000000020000000002000000001002220000 1
1 0 441175 300922 13 9 12 10 -1 -1 1101111110000000000000000000000000000000000000000021000000002000000000200000000220000000000020000000002000000001002200200 1
2 0 441175 299423 10 10 11 11 -1 -1 1101111110000000000000000000000000000000000000000021000000002000000000200000000220000000000020000000002100000000002200200 1
1 0 439352 299423 12 10 11 9 -1 -1 1101111110000000000000000000000000000000000000000021000000002000000000200000000020000000000220000000002100000000002200200 1
2 0 439352 298262 11 11 12 12 -1 -1 1101111110000000000000000000000000000000000000000021000000002000000000200000000020000000001220000000002000000000002200200 1
1 0 437455 298262 11 9 11 11 -1 -1 1101111110000000000000000000000000000000000000000021000000002000000000200000000020000000001020000000002020000000002200200 1
2 0 437455 296611 8 12 10 14 -1 -1 1101111110000000000000000000000000000000000000000021000000002000000000200000000020000000000120000000002020000000002200200 1
1 0 436135 296611 7 13 6 12 -1 -1 1101111110000000000000000000000000000000000000000021000000000000000000200000000022000000000120000000002020000000002200200 1
2 0 436135 296128 15 11 16 12 -1 -1 1101111110000000000000000000000000000000100000000020000000000000000000200000000022000000000120000000002020000000002200200 1
1 0 434782 296128 6 12 5 13 -1 -1 1101111110000000000000000000000000000000100000000020000000000000000000200000000022000000000120000000002020000000002200002 1
2 0 434782 295320 12 8 13 9 -1 -1 1101111110000000000000000000010000000000000000000020000000000000000000200000000022000000000120000000002020000000002200002 1
1 0 433745 295320 5 13 4 14 -1 -1 1101111110000000000000000000010000000000000000000020000000000000000000200000000022000000000120000000000020000002002200002 1
2 0 433745 293626 10 12 12 10 -1 -1 1101111110000000010000000000000000000000000000000020000000000000000000200000000022000000000120000000000020000002002200002 1
1 0 432615 293626 4 14 3 15 -1 -1 1101111110000000010000000000000000000000000000000020000000000000000000200000000002000000000120000000000220000002002200002 1
2 0 432615 293247 12 10 13 11 -1 -1 1101111111000000000000000000000000000000000000000020000000000000000000200000000002000000000120000000000220000002002200002 1
1 0 431926 293247 2 14 1 13 -1 -1 1101111111000000000000000000000000000000000000000020000000000000000000200000000002000000000120000000000020000002202200002 1
2 0 431926 293159 13 11 14 12 -1 -1 1111101111000000000000000000000000000000000000000020000000000000000000200000000002000000000120000000000020000002202200002 1
1 0 430786 293159 11 11 10 12 -1 -1 1111101111000000000000000000000000000000000000000020000000000000000000200000000002000000000120000000000020000002002220002 1
2 0 430786 293011 9 13 15 11 -1 -1 1111101111000000000000000000000000000000000000000020000000000000000000200000000012000000000020000000000020000002002220002 1
1 0 430033 293011 10 12 9 13 -1 -1 1111101111000000000000000000000000000000000000000020000000000000000000000000000012000000000020000000000020000002002220202 1
2 0 430033 291807 11 13 15 13 -1 -1 1111101111000000000000000000000000000000000000000020000000000000000000100000000002000000000020000000000020000002002220202 1
1 0 429288 291807 9 13 8 12 -1 -1 1111101111000000000000000000000000000000000000000020000000000000000000100000000002000000000000000000000020000002002220222 1
2 0 429288 291780 7 11 11 15 -1 -1 1111101111000000000000000000000000000000000000000020000000001000000000000000000002000000000000000000000020000002002220222 1
1 0 428766 291780 8 12 7 11 -1 -1 1111101111000000000000000000000000000000000000000000000000001000000000000000000002000000000002000000000020000002002220222 1
2 0 428766 291742 12 12 13 11 -1 -1 1111101111000000000000000000000000000000000000000010000000000000000000000000000002000000000002000000000020000002002220222 1
1 0 428375 291742 7 11 6 12 -1 -1 1111101111000000000000000000000000000000000000000010000000000000000000000000000002000000000002000000000000000002202220222 1
2 0 428375 291720 10 14 12 16 -1 -1 1111101111000000000000000000000000000000100000000000000000000000000000000000000002000000000002000000000000000002202220222 1
1 0 427903 291720 6 12 5 11 -1 -1 1111101111000000000000000000000000000000100000000000000000000000000000000000000000000000000002000000000000200002202220222 1
2 0 427903 291709 12 16 14 14 -1 -1 1111101111000000000000000000100000000000000000000000000000000000000000000000000000000000000002000000000000200002202220222 1
1 0 427759 291709 5 11 4 12 -1 -1 1111101111000000000000000000100000000000000000000000000000000000000000000000000000000000000002000000000000000002202222222 1
2 0 427759 261713 11 15 12 16 -1 -1 1111101111000000100000000000000000000000000000000000000000000000000000000000000000000000000002000000000000000002202222222 1
1 0 427684 261713 4 12 2 14 -1 -1 1111101111000000100000000000000000000000000000000000000000000000000000000000000000000000000000000000000000200002202222222 1
