1322295364000
kingfish
artificialwintelligence
1 0 599808 600000 14 10 12 12 -1 -1 2222222222000000000000000000000000000000000000000000000000000000000000000000000000000000000000000000000000000001111111111 1
2 0 599808 599678 2 12 4 14 -1 -1 2222222222000000000000000000000000000000000000000000000000000000000000000000000000000000000000000000000010000001111011111 1
1 0 599806 599678 16 12 12 8 -1 -1 2222022222000000020000000000000000000000000000000000000000000000000000000000000000000000000000000000000010000001111011111 1
2 0 599806 599226 3 13 5 15 -1 -1 2222022222000000020000000000000000000000000000000000000000000000000000000000000000000000000000000000001010000001111011110 1
1 0 599794 599226 13 13 11 11 -1 -1 2222022202000000020000000000002000000000000000000000000000000000000000000000000000000000000000000000001010000001111011110 1
2 0 599794 598808 2 10 4 16 -1 -1 2222022202000000020000000000002000000000000000000000000000000000000000000000000000000000000100000000001010000001101011110 1
1 0 599793 598808 14 12 10 12 -1 -1 2220022202000000022000000000002000000000000000000000000000000000000000000000000000000000000100000000001010000001101011110 1
2 0 599793 596958 0 12 4 8 -1 -1 2220022202000000022000000000002000000000000000000000000000000000000000000000000010000000000100000000001010000001101001110 1
1 0 599792 596958 13 11 9 11 -1 -1 0220022202000020022000000000002000000000000000000000000000000000000000000000000010000000000100000000001010000001101001110 1
2 0 599792 595836 4 14 6 16 -1 -1 0220022202000020022000000000002000000000000000000000000000000000000001000000000010000000000100000000001010000001001001110 1
1 0 599596 595836 12 12 8 12 -1 -1 0220022202000020002000000000002000000000002000000000000000000000000001000000000010000000000100000000001010000001001001110 1
2 0 599596 594114 3 15 7 15 -1 -1 0220022202000020002000000000002000000000002000000000000000001000000001000000000010000000000100000000001000000001001001110 1
1 0 599595 594114 11 11 7 11 -1 -1 0220022200000020002000000000002000000000002000000000200000001000000001000000000010000000000100000000001000000001001001110 1
2 0 599595 592060 7 15 8 16 -1 -1 0220022200000020002000000000002000000000002000000010200000001000000001000000000010000000000000000000001000000001001001110 1
1 0 599594 592060 10 12 6 12 -1 -1 0220022200000020002000000000002000000000002000000010000000001020000001000000000010000000000000000000001000000001001001110 1
2 0 599594 588731 1 13 9 17 -1 -1 0220022200000020002000000000002000000000102000000010000000001020000001000000000000000000000000000000001000000001001001110 1
1 0 599593 588731 9 11 5 11 -1 -1 0200022200000020002000000000002000000000102000000010000000001020000001002000000000000000000000000000001000000001001001110 1
2 0 599593 584998 1 11 2 10 -1 -1 0200022200000020002000000000102000000000102000000010000000001020000000002000000000000000000000000000001000000001001001110 1
1 0 594225 584998 7 11 1 13 -1 -1 0002022200000020002000000000102000000000102000000010000000001020000000002000000000000000000000000000001000000001001001110 1
2 0 594225 583130 5 15 9 15 -1 -1 0012022200000020002000000000102000000000102000000000000000001020000000002000000000000000000000000000001000000001001001110 1
1 0 591316 583130 6 12 2 12 -1 -1 0012022200000020002000000000100000000000102000000000000000001020000000022000000000000000000000000000001000000001001001110 1
2 0 591316 580895 2 10 6 10 -1 -1 0012122200000020002000000000100000000000002000000000000000001020000000022000000000000000000000000000001000000001001001110 1
1 0 587245 580895 13 9 11 7 -1 -1 0010122200000020002000000000100000000002002000000000000000001020000000022000000000000000000000000000001000000001001001110 1
2 0 587245 578775 2 14 3 15 -1 -1 0010122200000020002000000000100000000002002000000000000000001020000000022000000000000000010000000000001000000000001001110 1
1 0 581290 578775 12 8 10 6 -1 -1 0010102202000020002000000000100000000002002000000000000000001020000000022000000000000000010000000000001000000000001001110 1
2 0 581290 577885 9 17 10 16 -1 -1 0010102202000020002000000000100000000002002000000000000000001020000000022000010000000000010000000000000000000000001001110 1
1 0 577812 577885 11 7 9 5 -1 -1 0010102202000020002000000000100000000002002000000000000000001020000000020000010000200000010000000000000000000000001001110 1
2 0 577812 576611 3 15 11 15 -1 -1 0010102202000020002000000000100000000002002000000000000000001020001000020000010000200000000000000000000000000000001001110 1
1 0 573953 576611 14 14 10 14 -1 -1 0010102200000020002000000000100000000002002000000000000000001020001000020000010000200000000002000000000000000000001001110 1
2 0 573953 575063 6 10 6 8 -1 -1 0010102200000020002000000000100000000002002000000000000000001020001000020000010001200000000002000000000000000000001000110 1
1 0 568724 575063 9 5 9 7 -1 -1 0010102200000020002000000000100000000020002000000000000000001020001000020000010001200000000002000000000000000000001000110 1
2 0 568724 574113 3 11 4 10 -1 -1 0010102200000020002000000000100000000020002000000000000000001020000100020000010001200000000002000000000000000000001000110 1
1 0 564276 574113 10 6 8 8 -1 -1 0010102000000022002000000000100000000020002000000000000000001020000100020000010001200000000002000000000000000000001000110 1
2 0 564276 571420 3 9 7 9 -1 -1 0010102000000022002000000000100000000020002000000000000000101020000100020000000001200000000002000000000000000000001000110 1
1 0 558462 571420 8 8 4 12 -1 -1 0010100000000022002000000000100000000020002000000200000000101020000100020000000001200000000002000000000000000000001000110 1
2 0 558462 567069 4 10 5 9 -1 -1 0010100000000022102000000000100000000020002000000200000000001020000100020000000001200000000002000000000000000000001000110 1
1 0 552599 567069 9 7 8 8 -1 -1 0010100000000020102000000002100000000020002000000200000000001020000100020000000001200000000002000000000000000000001000110 1
2 0 552599 562809 5 9 9 9 -1 -1 0010100000000020102000000002100000000020002000000200000000101020000000020000000001200000000002000000000000000000001000110 1
1 0 545902 562809 5 11 1 11 -1 -1 0010100000000020102000000000100000000020002000000200000000101020000020020000000001200000000002000000000000000000001000110 1
2 0 545902 559954 6 8 10 8 -1 -1 0110100000000020102000000000000000000020002000000200000000101020000020020000000001200000000002000000000000000000001000110 1
1 0 542725 559954 8 8 6 10 -1 -1 0110100000000020102000000000000000000000002000000200000000101020000020020000002001200000000002000000000000000000001000110 1
2 0 542725 556502 4 16 5 17 -1 -1 0110100000000020102000000000000000000001002000000200000000001020000020020000002001200000000002000000000000000000001000110 1
1 0 537499 556502 4 12 3 11 -1 -1 0110100000000020100000000000000200000001002000000200000000001020000020020000002001200000000002000000000000000000001000110 1
2 0 537499 554619 4 8 5 7 -1 -1 0110100100000020000000000000000200000001002000000200000000001020000020020000002001200000000002000000000000000000001000110 1
1 0 530515 554619 6 10 5 11 -1 -1 0110100100000000000000000020000200000001002000000200000000001020000020020000002001200000000002000000000000000000001000110 1
2 0 530515 552616 9 15 11 17 -1 -1 0110100100000000000000000020100200000000002000000200000000001020000020020000002001200000000002000000000000000000001000110 1
1 0 525196 552616 15 13 14 14 -1 -1 0110100100000000000000000020100200000000002000000200000000001020000020000000002001200000000002200000000000000000001000110 1
2 0 525196 551137 5 17 9 17 -1 -1 0110100100000000000000000020100200000000002000000200000000001020000020000000002001200000000002200000000000000000001001100 1
1 0 519741 551137 14 14 10 18 -1 -1 0110100100000000000000000020100000000000002000000200000000001020000020002000002001200000000002200000000000000000001001100 1
2 0 519741 549571 5 7 6 8 -1 -1 0110100100000000000000000020100000000000002000000200000000001020000020002000002001210000000002200000000000000000001000100 1
1 0 510374 549571 10 14 9 13 -1 -1 0110100100000000000000000000100000000020002000000200000000001020000020002000002001210000000002200000000000000000001000100 1
2 0 510374 546311 6 8 10 12 -1 -1 0110100100000000000000000000100000000020002000000200000000001020000020102000002000210000000002200000000000000000001000100 1
1 0 498025 546311 10 18 0 12 -1 -1 0110100100000000000000000000100000000000002000000200000000001020000020102000002020210000000002200000000000000000001000100 1
2 0 498025 540812 8 16 14 14 -1 -1 1110100100000000000000000000100000000000002000000200000000001020000020102000002020200000000002200000000000000000001000100 1
1 0 492993 540812 8 12 2 14 -1 -1 1110100100000000000000000000100000000000002000000200000000001000000020102000002020200000000002200000000000000000001002100 1
2 0 492993 539254 6 16 7 17 -1 -1 1110110100000000000000000000100000000000002000000200000000000000000020102000002020200000000002200000000000000000001002100 1
1 0 483681 539254 13 15 12 16 -1 -1 1110110100000000000000000000100000000000000000000200020000000000000020102000002020200000000002200000000000000000001002100 1
2 0 483681 536418 11 17 15 13 -1 -1 1110110100000000000000000000100000000000000000000200020000000000000020102000002020200000000002200000000000100000000002100 1
1 0 474962 536418 12 16 2 10 -1 -1 1110110100000000000000000000100000000000000000000200020000000000000020102000002020200000000002000000000000100000000002120 1
2 0 474962 535389 10 16 12 14 -1 -1 1111110100000000000000000000100000000000000000000200020000000000000020102000002020200000000002000000000000000000000002120 1
1 0 473198 535389 5 11 4 12 -1 -1 1111110100000000000000000000100000000000000000000200020000000000000020102000002020000000000002000000000002000000000002120 1
2 0 473198 534583 7 9 8 8 -1 -1 1111110100000000100000000000000000000000000000000200020000000000000020102000002020000000000002000000000002000000000002120 1
1 0 471841 534583 4 12 3 13 -1 -1 1111110100000000100000000000000000000000000000000000020000200000000020102000002020000000000002000000000002000000000002120 1
2 0 471841 533304 8 8 12 16 -1 -1 1111110110000000000000000000000000000000000000000000020000200000000020102000002020000000000002000000000002000000000002120 1
1 0 470691 533304 9 13 8 12 -1 -1 1111110110000000000000000000000000000000000000000000020000000000000020102000002020000000000002000000000002200000000002120 1
2 0 470691 532560 7 17 8 18 -1 -1 1111110110000000000000000000000000000000000000000000020000001000000020002000002020000000000002000000000002200000000002120 1
1 0 469103 532560 15 11 14 12 -1 -1 1111110110000000000000000000000000000000000000000000000000001002000020002000002020000000000002000000000002200000000002120 1
2 0 469103 531863 12 14 13 15 -1 -1 1111110110000000000000000000000000000000000000000000000000001002000020002000002020000000000002000000000002200000000012020 1
1 0 468142 531863 8 12 7 11 -1 -1 1111110110000000000000000000000000000000000000000000000000001002000020002000002020000000000002000000000000200000002012020 1
2 0 468142 531237 8 18 12 14 -1 -1 1111110110000000000000000000000000000000000000000010000000000002000020002000002020000000000002000000000000200000002012020 1
1 0 467058 531237 14 12 13 13 -1 -1 1111110110000000000000000000000000000000000000000010000000000000000020002000002020000000000002000000000002200000002012020 1
2 0 467058 530692 9 17 10 16 -1 -1 1111110110000000000000000000000000000000000000000010000000000000000020002000002020000000000002000000000002200000012002020 1
1 0 466093 530692 7 11 6 12 -1 -1 1111110110000000000000000000000000000000000000000010000000000000000020000000002020200000000002000000000002200000012002020 1
2 0 466093 530257 9 9 11 7 -1 -1 1111110110000000000000000000000000000000100000000000000000000000000020000000002020200000000002000000000002200000012002020 1
1 0 465149 530257 6 12 5 11 -1 -1 1111110110000000000000000000000000000000100000000000000000000000000000000000002020200000020002000000000002200000012002020 1
2 0 465149 529428 12 14 14 12 -1 -1 1111110110000000000000000000100000000000000000000000000000000000000000000000002020200000020002000000000002200000012002020 1
1 0 464177 529428 5 11 4 10 -1 -1 1111110110000000000000000000100000000000000000000000000000000000000000000000002020200000020002000000000000200000012022020 1
2 0 464177 528556 10 16 12 14 -1 -1 1111110110000001000000000000000000000000000000000000000000000000000000000000002020200000020002000000000000200000012022020 1
1 0 463363 528556 4 10 3 9 -1 -1 1111110110000001000000000000000000000000000000000000000000000000000000000000002020000000020002000000000002200000012022020 1
2 0 463363 528122 10 12 11 11 -1 -1 1111111110000000000000000000000000000000000000000000000000000000000000000000002020000000020002000000000002200000012022020 1
1 0 462988 528122 1 13 3 15 -1 -1 1111111110000000000000000000000000000000000000000000000000000000000000000000002000000000020202000000000002200000012022020 1
2 0 462988 527480 11 7 12 8 -1 -1 1101111111000000000000000000000000000000000000000000000000000000000000000000002000000000020202000000000002200000012022020 1
1 0 462593 527480 0 12 1 13 -1 -1 1101111111000000000000000000000000000000000000000000000000000000000000000000002000000000000202000000002002200000012022020 1
2 0 462593 526825 10 8 11 9 -1 -1 0111111111000000000000000000000000000000000000000000000000000000000000000000002000000000000202000000002002200000012022020 1
1 0 462067 526825 13 13 12 12 -1 -1 0111111111000000000000000000000000000000000000000000000000000000000000000000000000000000002202000000002002200000012022020 1
2 0 462067 526023 11 15 15 11 -1 -1 0111111111000000000000000000000000000000000000000000000000000000000000000000000000000000002202000000002012200000002022020 1
1 0 461230 526023 12 12 10 10 -1 -1 0111111111000000000000000000000000000000000000000000000000000000000000000000000000000000002200000000002012200000002022220 1
2 0 461230 525582 11 11 13 9 -1 -1 0111111111000000000000000000000000000000000000000000000000000000000000000000000100000000002200000000002002200000002022220 1
1 0 460757 525582 10 10 9 11 -1 -1 0111111111000000000000000000000000000000000000000000000000000000000000000000000100000000002000000000002002200002002022220 1
2 0 460757 525210 12 8 16 12 -1 -1 0111111111000000000000000000000000000000000000000000000000000000000001000000000000000000002000000000002002200002002022220 1
1 0 460344 525210 9 11 8 12 -1 -1 0111111111000000000000000000000000000000000000000000000000000000000001000000000000000000002000000000000002200002002022222 1
2 0 460344 524597 11 9 12 8 -1 -1 0111111111000000000000000000000000000000000000000000000000001000000000000000000000000000002000000000000002200002002022222 1
1 0 460022 524597 8 12 7 11 -1 -1 0111111111000000000000000000000000000000000000000000000000001000000000000000000000000000000000000000002002200002002022222 1
2 0 460022 524276 12 14 13 13 -1 -1 0111111111000000000000000000000000000000000000000010000000000000000000000000000000000000000000000000002002200002002022222 1
1 0 459737 524276 7 11 6 12 -1 -1 0111111111000000000000000000000000000000000000000010000000000000000000000000000000000000000000000000002000200002022022222 1
2 0 459737 523997 13 13 13 11 -1 -1 0111111111000000000000000000000000000000100000000000000000000000000000000000000000000000000000000000002000200002022022222 1
1 0 459469 523997 2 10 0 12 -1 -1 0111111111000000000000000000000000000000100000000000000000000000000000000000000000000000000000000000002000200002202022222 1
2 0 459469 523811 13 11 13 13 -1 -1 1110111111000000000000000000000000000000100000000000000000000000000000000000000000000000000000000000002000200002202022222 1
1 0 459100 523811 6 12 5 13 -1 -1 1110111111000000000000000000000000000000100000000000000000000000000000000000000000000000000000000000002000200002022022222 1
2 0 459100 523435 13 13 13 11 -1 -1 1110111111000000000000000000010000000000000000000000000000000000000000000000000000000000000000000000002000200002022022222 1
1 0 458775 523435 5 13 4 12 -1 -1 1110111111000000000000000000010000000000000000000000000000000000000000000000000000000000000000000000002000200002202022222 1
2 0 458775 523066 14 14 14 10 -1 -1 1110111111000000100000000000000000000000000000000000000000000000000000000000000000000000000000000000002000200002202022222 1
1 0 458606 523066 4 12 2 10 -1 -1 1110111111000000100000000000000000000000000000000000000000000000000000000000000000000000000000000000002000200002202220222 1
