1322290798000
benny
kingfish
1 0 599921 600000 14 12 12 14 -1 -1 2222222222000000000000000000000000000000000000000000000000000000000000000000000000000000000000000000000000000001111111111 2
2 0 599921 599900 2 14 4 12 -1 -1 2222222222000000000000000000000000000000000000000000000000000000000000000000000000000000000000000000000001000001111101111 2
1 0 599919 599900 14 10 12 12 8 10 2222202222000000200000000000000000000000000000000000000000000000000000000000000000000000000000000000000001000001111101111 2
2 0 599919 599899 0 12 4 16 -1 -1 2222202222000000200000000000000000000000000000000000000000030000000000000000000000000000000000000000000011000001111001111 2
1 0 599918 599899 16 12 12 8 -1 -1 0222202222000000202000000000000000000000000000000000000000030000000000000000000000000000000000000000000011000001111001111 2
2 0 599918 599898 3 11 5 13 -1 -1 0222202222000000202000000000000000000000000000000000000000030000000000000000000000000000000000000000001011000001111001110 2
1 0 599917 599898 14 14 12 16 7 15 0222202022000000202000000000020000000000000000000000000000030000000000000000000000000000000000000000001011000001111001110 2
2 0 599917 599897 2 12 6 12 -1 -1 0222202022000000202000000000020000000000000000000000300000030000000000000000000000000000000000000000001011100001111000110 2
1 0 599916 599897 13 15 11 13 -1 -1 0222002022000000202000000000020000000000200000000000300000030000000000000000000000000000000000000000001011100001111000110 2
2 0 599916 599896 3 13 7 13 -1 -1 0222002022000000202000000000020000000000200000000000300000030000000000000000000000000000000010000000001011100001110000110 2
1 0 599916 599896 13 13 11 15 -1 -1 0222002002000000202000000000020000000000200000000002300000030000000000000000000000000000000010000000001011100001110000110 2
2 0 599916 599709 4 12 8 12 -1 -1 0222002002000000202000000000020000000000200000000002300000030000000000000000000000000000000011000000001011100001100000110 2
1 0 599915 599709 13 9 11 11 -1 -1 0222002002000000002000000000020000000000200000000002300000032000000000000000000000000000000011000000001011100001100000110 2
2 0 599915 599709 5 13 9 13 -1 -1 0222002002000000002000000000020000000000200000000002300000032000000000000000000000000000000111000000001011100000100000110 2
1 0 599914 599709 12 14 6 16 -1 -1 0222002002000000002000000000000000000000200000000002300000032000000000200000000000000000000111000000001011100000100000110 2
2 0 599914 591537 6 12 12 10 -1 -1 0222002002000000002000000000000000000000201000000002300000032000000000200000000000000000000111000000001010100000100000110 2
1 0 599913 591537 13 11 11 9 -1 -1 0222002002000000002000000000000000000000001000000002300000032000000000200000000000000000000111000000001210100000100000110 2
2 0 599913 587488 4 16 5 15 -1 -1 0222002002000000002000000000000000000000001000000002300000032000000000200000000000000000001111000000001210100000000000110 2
1 0 599912 587488 12 16 10 14 -1 -1 0222002002000000000000000000002000000000001000000002300000032000000000200000000000000000001111000000001210100000000000110 2
2 0 599912 583107 2 10 8 16 -1 -1 0222002002000000000000000000002000000000001000000002300000032000000000200000000001000000001111000000001210000000000000110 2
1 0 599911 583107 11 13 7 9 -1 -1 0220002002000000000000000000002000000000001000000002300000032020000000200000000001000000001111000000001210000000000000110 2
2 0 599911 577154 5 15 13 11 -1 -1 0220002002000000000000000000002000000000001000000102300000032020000000200000000001000000001101000000001210000000000000110 2
1 0 599910 577154 11 9 5 15 -1 -1 0220002002000000000000000000000000000000001000000102300000032020000000200000000001000000001101000000001210000000200000110 2
2 0 599910 571152 8 16 8 14 -1 -1 0220002002000000000000000000001000000000001000000102300000032020000000200000000001000000000101000000001210000000200000110 2
1 0 599909 571152 12 12 10 10 -1 -1 0220002002000000000000000000001000000000001000000102300000032200000000200000000001000000000101000000001210000000200000110 2
2 0 599909 566283 8 14 12 14 -1 -1 0220002002000000000000000000001000000000001000000102300000032200000000200000000101000000000101000000001200000000200000110 2
1 0 599908 566283 11 11 7 7 -1 -1 0220002002000000000000000000001000000000001000000102300000032000000000200000000101000000000101000000001202000000200000110 2
2 0 599908 559780 7 13 13 15 -1 -1 0220002002000000000000000000001000000000001000001102300000032000000000200000000101000000000001000000001202000000200000110 2
1 0 599907 559780 11 15 7 11 -1 -1 0220002002000000000000000000001000000000001000001100300000032000000000200000000101000000000001000000001202000000202000110 2
2 0 599907 554705 3 15 4 16 -1 -1 0220002002000000000000000000001000000000001000001110300000032000000000200000000101000000000000000000001202000000202000110 2
1 0 599906 554705 6 16 4 14 -1 -1 0220002000000000002000000000001000000000001000001110300000032000000000200000000101000000000000000000001202000000202000110 2
2 0 599906 551188 4 16 8 16 -1 -1 0220002000000000012000000000001000000000000000001110300000032000000000200000000101000000000000000000001202000000202000110 2
1 0 599906 551188 5 15 3 13 -1 -1 0220002000000000010000000000001000000000000000001110300000032020000000200000000101000000000000000000001202000000202000110 2
2 0 599906 547532 1 11 2 12 -1 -1 0220002010000000010000000000000000000000000000001110300000032020000000200000000101000000000000000000001202000000202000110 2
1 0 599905 547532 3 13 1 11 -1 -1 0020202010000000010000000000000000000000000000001110300000032020000000200000000101000000000000000000001202000000202000110 2
2 0 599905 543044 9 13 13 13 -1 -1 0120202000000000010000000000000000000000000000001110300000032020000000200000000101000000000000000000001202000000202000110 2
1 0 599904 543044 15 11 14 12 -1 -1 0120202000000000010000000000000000000000000000001110300000032020000000000000000101000000000000000000001202000000222000110 2
2 0 599904 539052 3 9 4 10 -1 -1 0120202000000000010000000000000000000000000000001110300000032020000000000000000101000000000000000000001202000000222010010 2
1 0 599903 539052 15 13 14 14 -1 -1 0120200000000002010000000000000000000000000000001110300000032020000000000000000101000000000000000000001202000000222010010 2
2 0 599903 536201 1 13 5 9 -1 -1 0120200000000002010000000000000000000000000000001110300000032020000000000000000101000000000000000000001202000000222011000 2
1 0 599902 536201 14 14 12 16 -1 -1 0100200000000002010000000002000000000000000000001110300000032020000000000000000101000000000000000000001202000000222011000 2
2 0 599902 530123 4 10 8 6 -1 -1 0100200000000002010000000002000000000000000000001110300000032020000000000000000101000000000000000000001202100000222010000 2
1 0 599902 530123 12 16 11 17 -1 -1 0100200000000000010000000002000000000000000000001110300002032020000000000000000101000000000000000000001202100000222010000 2
2 0 599902 524897 5 9 6 10 -1 -1 0100200000000000010000000002000000000000000000001110300002032020000000000000000101000000000000100000001202000000222010000 2
1 0 599901 524897 12 8 10 18 -1 -1 0100200000000000010000000000000000000002000000001110300002032020000000000000000101000000000000100000001202000000222010000 2
2 0 599901 518143 8 6 9 7 -1 -1 0100200000000000010000000000000000000002000000001110300002032020000000000000000101010000000000100000000202000000222010000 2
1 0 599901 518143 11 17 9 19 -1 -1 0100200000000000010000000000000000000002000000001110300000032020000200000000000101010000000000100000000202000000222010000 2
2 0 599901 513204 6 10 10 6 -1 -1 0100200000000000010000000000000000000002000000001110300000032020000200000100000101010000000000000000000202000000222010000 2
1 0 599900 513204 10 18 8 20 -1 -1 0100200000000000010000000000000000000000000000001110300000032020000200000100020101010000000000000000000202000000222010000 2
2 0 599900 507901 10 6 11 7 -1 -1 0100200000000000010000000000000000000000000000001110300000032020100200000100020101000000000000000000000202000000222010000 2
1 0 599899 507901 10 14 9 15 -1 -1 0100200000000000010000000000000000000000000000001110300000032020100200000100000101000000020000000000000202000000222010000 2
2 0 599899 503792 8 12 14 14 -1 -1 0100200000000000010000000000000000000000000000001110300000032020100200010100000100000000020000000000000202000000222010000 2
1 0 599898 503792 9 15 7 17 -1 -1 0100200000000000010000000000000000000000000000001110300000030020100200010100000100000000020000000000000202000000222012000 2
2 0 599898 499577 2 12 3 13 -1 -1 0100200000000000010000000000000000000000000000001110310000030020100200000100000100000000020000000000000202000000222012000 2
1 0 599897 499577 4 14 2 12 -1 -1 0100000020000000010000000000000000000000000000001110310000030020100200000100000100000000020000000000000202000000222012000 2
2 0 599897 495171 9 7 10 6 -1 -1 0100100020000000000000000000000000000000000000001110310000030020100200000100000100000000020000000000000202000000222012000 2
1 0 599897 495171 10 10 9 9 -1 -1 0100100020000000000000000000000000000000000000001110310000030020100000000100020100000000020000000000000202000000222012000 2
2 0 599897 492041 10 6 14 10 -1 -1 0100100020000000000000000000000000000000000000001110310000030020100010000100020000000000020000000000000202000000222012000 2
1 0 599896 492041 9 19 8 18 -1 -1 0100100020000000000000000000000000000000000000001110310000030020100010000100000000000000020000000000000202000000222212000 2
2 0 599896 490137 3 13 4 12 -1 -1 0100100020000000000000000000000000000000000000001110310000030021100010000000000000000000020000000000000202000000222212000 2
1 0 599895 490137 8 18 6 16 -1 -1 0100100000000000200000000000000000000000000000001110310000030021100010000000000000000000020000000000000202000000222212000 2
2 0 599895 487616 4 12 5 11 -1 -1 0100100000000000200000000000000000000000001000001110310000030020100010000000000000000000020000000000000202000000222212000 2
1 0 599894 487616 7 17 5 15 -1 -1 0100100000000000000000000000200000000000001000001110310000030020100010000000000000000000020000000000000202000000222212000 2
2 0 599894 484791 12 10 13 9 -1 -1 0100100000000000000000000000201000000000001000001110300000030020100010000000000000000000020000000000000202000000222212000 2
1 0 599894 484791 14 12 12 10 -1 -1 0100100000000000000000000000201000000000001000001110300000030020100010000000000000000000020000000000000002000002222212000 2
2 0 599894 482194 12 14 14 12 -1 -1 0100100000000000000000000000201000000000001000001110300000030020100010000000000000000000020000000000000102000002222202000 2
1 0 599893 482194 6 16 4 14 -1 -1 0100100000000000000000000000201000000000001000001110300000030020100010000000000000000000020000000000000100000002222222000 2
2 0 599893 480121 5 11 6 10 -1 -1 0100100000000000010000000000201000000000000000001110300000030020100010000000000000000000020000000000000100000002222222000 2
1 0 599892 480121 7 11 5 9 -1 -1 0100100000000000010000000000001000000002000000001110300000030020100010000000000000000000020000000000000100000002222222000 2
2 0 599892 478885 6 10 10 10 -1 -1 0100100000000000010000000001001000000002000000001100300000030020100010000000000000000000020000000000000100000002222222000 2
1 0 599886 478885 9 9 7 11 -1 -1 0100100000000000010000000001001000000000000000001100300000030020100010000000000200000000020000000000000100000002222222000 2
2 0 599886 476960 8 16 9 15 -1 -1 0100100000000000010000000001001000000000000000001110300000030020100000000000000200000000020000000000000100000002222222000 2
1 0 599885 476960 5 15 3 13 -1 -1 0100100000000000010000000001001000000000000000001110300000030000100000020000000200000000020000000000000100000002222222000 2
2 0 599885 475349 9 15 10 14 -1 -1 0100100010000000010000000001000000000000000000001110300000030000100000020000000200000000020000000000000100000002222222000 2
1 0 599885 475349 12 10 11 11 -1 -1 0100100010000000010000000001000000000000000000001110300000030000100000000000000202000000020000000000000100000002222222000 2
2 0 599885 473768 10 10 12 12 -1 -1 0100100010000000010000000001000000000000000000001110300000030000100000000000000202000000020100000000000000000002222222000 2
1 0 599884 473768 11 11 10 12 -1 -1 0100100010000000010000000001000000000000000000001110300000030000100000000000000002000000020100000000000020000002222222000 2
2 0 599884 472316 11 7 12 8 -1 -1 0100100010000000010000000001000000000000000000001110300000030000100000000000000012000000020000000000000020000002222222000 2
1 0 599884 472316 10 12 9 11 -1 -1 0100100010000000010000000001000000000000000000001110300000030000100000000000000012000000000000000000002020000002222222000 2
2 0 599884 469517 14 10 15 11 -1 -1 0100100010000000010000000001000000000000000000001110300000030000100001000000000002000000000000000000002020000002222222000 2
1 0 599884 469517 9 11 8 12 -1 -1 0100100010000000010000000001000000000000000000001110300000030000100001000000000002000000000000000000002020000002222022200 2
2 0 599884 468560 10 14 11 13 -1 -1 0100100010000000010000000001000000000000000000001110300000031000100000000000000002000000000000000000002020000002222022200 2
1 0 599884 468560 8 12 4 8 -1 -1 0100100010000000010000000001000000000000000000001110300000031000100000000000000000000000000020000000002020000002222022200 2
2 0 599884 466606 12 8 16 12 -1 -1 0100100010000010010000000001000000000000000000001110300000030000100000000000000000000000000020000000002020000002222022200 2
1 0 599883 466606 8 20 7 19 -1 -1 0100100010000010010000000001000000000000000000001110300000030000100000000000000000000000000020000000000020000002222022202 2
2 0 599883 465946 12 12 14 10 -1 -1 0100100010000010010000000001000000000000000000001110301000030000000000000000000000000000000020000000000020000002222022202 2
1 0 599883 465946 7 9 6 10 -1 -1 0100100010000010010000000001000000000000000000001110301000030000000000000000000000000000000020000000000000000002222222202 2
2 0 599883 465555 11 13 12 12 -1 -1 0100100010000010010000000001000000000001000000001010301000030000000000000000000000000000000020000000000000000002222222202 2
1 0 599882 465555 7 19 6 18 -1 -1 0100100010000010010000000001000000000001000000001010301000030000000000000000000000000000000000000000000020000002222222202 2
2 0 599882 465222 13 15 15 13 -1 -1 0100100010000010010000000001000000000001000100001010300000030000000000000000000000000000000000000000000020000002222222202 2
1 0 599882 465222 7 11 6 12 -1 -1 0100100010000010010000000001000000000001000100001010300000030000000000000000000000000000000000000000000020000002220222222 2
2 0 599882 464885 14 14 13 15 -1 -1 0100100010000010010000000001000000000001100100001000300000030000000000000000000000000000000000000000000020000002220222222 2
1 0 599881 464885 5 9 1 13 -1 -1 0100100010000010010000000001000000000001100100001000300000030000000000000000000000000000000000000000000020000002222220222 2
2 0 599881 464523 12 12 14 14 -1 -1 0110100010000010010000000000000000000001100100001000300000030000000000000000000000000000000000000000000020000002222220222 2
