1322295603000
eigenbot
kingfish
1 0 591914 600000 13 11 12 10 -1 -1 2222222222000000000000000000000000000000000000000000000000000000000000000000000000000000000000000000000000000001111111111 1
2 0 591914 599903 2 14 4 12 -1 -1 2222222222000000000000000000000000000000000000000000000000000000000000000000000000000000000000000000000100000001011111111 1
1 0 584167 599903 13 15 11 9 -1 -1 2222202222000000200000000000000000000000000000000000000000000000000000000000000000000000000000000000000100000001011111111 1
2 0 584167 599902 0 12 4 16 -1 -1 2222202222000000200000000000000000000000000000000000000000000000000000000000000000000000001000000000000100000001010111111 1
1 0 576481 599902 14 14 10 10 -1 -1 0222202222000000202000000000000000000000000000000000000000000000000000000000000000000000001000000000000100000001010111111 1
2 0 576481 599901 3 11 5 13 -1 -1 0222202222000000202000000000000000000000000000000000000000000000000000000000000100000000001000000000000100000001010110111 1
1 0 568838 599901 10 10 9 11 -1 -1 0222202022000000202000000000020000000000000000000000000000000000000000000000000100000000001000000000000100000001010110111 1
2 0 568838 599899 2 12 6 12 -1 -1 0222202022000000202000000000020000000000000000000000000000000000000001000000000000000000001000000000000100000001010110111 1
1 0 561229 599899 16 12 10 10 -1 -1 0222002022000000202000000000020000000000200000000000000000000000000001000000000000000000001000000000000100000001010110111 1
2 0 561229 599898 3 13 7 13 -1 -1 0222002022000000202000000000020000000000200000000000000000000000000001000000000100000000001000000000000100000001010110110 1
1 0 553647 599898 13 9 9 13 -1 -1 0222002002000000202000000000020000000000200000000002000000000000000001000000000100000000001000000000000100000001010110110 1
2 0 553647 593472 4 12 10 14 -1 -1 0222002002000000202000000000020000000000200000000002000000000000000001100000000100000000001000000000000100000000010110110 1
1 0 546099 593472 15 11 9 9 -1 -1 0222002002000000002000000000020000000000200000000002000000000000000001100000000102000000001000000000000100000000010110110 1
2 0 546099 587321 6 12 10 8 -1 -1 0222002002000000002000000000020000000000200000000002000000000000000011100000000102000000001000000000000100000000010110010 1
1 0 538869 587321 10 10 4 12 -1 -1 0222002002000000002000000000020000000000000000000002000000000000000011100000002102000000001000000000000100000000010110010 1
2 0 538869 581056 10 14 14 14 -1 -1 0222002002000000102000000000020000000000000000000002000000000000000011100000002002000000001000000000000100000000010110010 1
1 0 531961 581056 15 13 13 11 -1 -1 0222002002000000102000000000020000000000000000000002000000000000000011100000002000000000001000000000000100000000010112010 1
2 0 531961 576567 3 9 4 10 -1 -1 0222002002000000102000000000020000000000000000000002000000000000000011100000002000000000001000000000000100000000110112000 1
1 0 524924 576567 9 11 8 10 -1 -1 0222000002000002102000000000020000000000000000000002000000000000000011100000002000000000001000000000000100000000110112000 1
2 0 524924 573042 14 14 12 12 -1 -1 0222000002000002102000000000020000000000000000000002000000010000000010100000002000000000001000000000000100000000110112000 1
1 0 517790 573042 9 9 10 10 -1 -1 0222000002000002102000000000020000000000000000000002000000010000000010100000002000000000001000000000000120000000110110000 1
2 0 517790 570112 1 11 5 15 -1 -1 0222000002000002102000000000020000000000000000000002000000010000000000100000002100000000001000000000000120000000110110000 1
1 0 511216 570112 13 13 7 11 -1 -1 0022000002000002102000000000022000000000000000000002000000010000000000100000002100000000001000000000000120000000110110000 1
2 0 511216 562517 4 16 10 14 -1 -1 0022000002000002102000000000022000000000000000000012000000010000000000100000002100000000001000000000000120000000100110000 1
1 0 504713 562517 11 9 7 9 -1 -1 0022000002000002100000000000022000000000000000000012000000010000000000100000002102000000001000000000000120000000100110000 1
2 0 504713 554605 4 10 8 14 -1 -1 0022000002000002100000000000022000000000000000000112000000010000000000100000002102000000000000000000000120000000100110000 1
1 0 498491 554605 4 12 0 12 -1 -1 0022000002000000100000000000022000000000000000000112000000010200000000100000002102000000000000000000000120000000100110000 1
2 0 498491 551231 1 13 2 12 -1 -1 1022000002000000000000000000022000000000000000000112000000010200000000100000002102000000000000000000000120000000100110000 1
1 0 492544 551231 14 10 13 9 -1 -1 1002200002000000000000000000022000000000000000000112000000010200000000100000002102000000000000000000000120000000100110000 1
2 0 492544 545193 2 10 8 12 -1 -1 1002200002000000000000000000022000000000000000000112000000010200000000100000002102000000000000000000000120000001100010000 1
1 0 486763 545193 8 10 4 14 -1 -1 1000200002000000000000000000022000000000000000000112000000012200000000100000002102000000000000000000000120000001100010000 1
2 0 486763 541116 7 13 11 13 -1 -1 1000200002000000010000000000022000000000000000000112000000002200000000100000002102000000000000000000000120000001100010000 1
1 0 481210 541116 13 11 7 13 -1 -1 1000200002000000010000000000022000000000000000000110000000002200000000100000002102000000000020000000000120000001100010000 1
2 0 481210 535393 12 12 13 13 -1 -1 1000200002000000010000000000022000000000000000000111000000002200000000100000002102000000000020000000000120000001000010000 1
1 0 476009 535393 14 12 10 12 -1 -1 1000200002000000010000000000022000000000000000000111000000002200000000100000002102000000000020000000000100000001020010000 1
2 0 476009 530493 10 14 14 10 -1 -1 1000200002000000010000000000022000000000000000000111000000002200000000100000002112000000000020000000000100000001020000000 1
1 0 471181 530493 9 13 7 15 -1 -1 1000200002000000010000000000022000000000000000000111000000002200000000100000002110000000000020000000000100000001020200000 1
2 0 471181 525796 2 12 2 14 -1 -1 1000200002000000010000000000022000000000000000000111100000002200000000000000002110000000000020000000000100000001020200000 1
1 0 466404 525796 13 9 11 11 -1 -1 1000020002000000010000000000022000000000000000000111100000002200000000000000002110000000000020000000000100000001020200000 1
2 0 466404 522892 2 14 8 16 -1 -1 1000020002000000010000000000022000000000000000000111100000002200000000000000002110000000000120000000000100000000020200000 1
1 0 461830 522892 7 11 6 10 -1 -1 1000000002000000010000000000022000000000000000000111100000002220000000000000002110000000000120000000000100000000020200000 1
2 0 461830 517794 8 14 9 13 -1 -1 1000000002000000010000000000022000000001000000000101100000002220000000000000002110000000000120000000000100000000020200000 1
1 0 457331 517794 6 10 5 11 -1 -1 1000000002000000010000000000022000000001000000000101100000002020000000200000002110000000000120000000000100000000020200000 1
2 0 457331 511651 5 13 6 12 -1 -1 1000000002000000010000000000122000000000000000000101100000002020000000200000002110000000000120000000000100000000020200000 1
1 0 452847 511651 4 14 3 13 -1 -1 1000000002000000010000000000102000000000200000000101100000002020000000200000002110000000000120000000000100000000020200000 1
2 0 452847 499265 6 12 6 16 -1 -1 1000000012000000000000000000102000000000200000000101100000002020000000200000002110000000000120000000000100000000020200000 1
1 0 448680 499265 7 15 7 11 -1 -1 1000000012000000000000000000102000000000002000000101100000002020000000200000002110000000000120000000000100000000020200000 1
2 0 448680 491336 5 15 13 11 -1 -1 1000000012000000000000000000102000000000002000000111000000002020000000200000002110000000000120000000000100000000020200000 1
1 0 444524 491336 3 13 3 11 -1 -1 1000000012000000000000000000100000000000002000000111000000002020000000200000002110000000000120000000000100000000220200000 1
2 0 444524 481150 8 16 8 14 -1 -1 1000000102000000000000000000100000000000002000000111000000002020000000200000002110000000000120000000000100000000220200000 1
1 0 440428 481150 7 13 9 11 -1 -1 1000000102000000000000000000100000000000002000000111000000002200000000200000002110000000000120000000000100000000220200000 1
2 0 440428 475610 9 13 11 7 -1 -1 1000000102000000000000000000100000000000002000000110000000002200000001200000002110000000000120000000000100000000220200000 1
1 0 436224 475610 10 12 2 12 -1 -1 1000000102000000000000000000100000000000002000000110000000002200000001000000002110000000020120000000000100000000220200000 1
2 0 436224 467674 8 14 10 12 -1 -1 1000100102000000000000000000100000000000002000000110000000002200000001000000002100000000020120000000000100000000220200000 1
1 0 432283 467674 9 11 8 10 -1 -1 1000100102000000000000000000100000000000002000000110000000002000000001000000002120000000020120000000000100000000220200000 1
2 0 432283 462476 10 12 14 12 -1 -1 1000100102000000000000000000100000000000002000000110000000012000000000000000002120000000020120000000000100000000220200000 1
1 0 428366 462476 12 10 10 12 -1 -1 1000100102000000000000000000100000000000002000000110000000012000000000000000002100000000020120000000000100000000220220000 1
2 0 428366 457865 10 8 12 6 -1 -1 1000100102000000000000000000100000000000002000000110000000012000000000000000002110000000020120000000000000000000220220000 1
1 0 424791 457865 10 12 10 8 -1 -1 1000100102000000000000000000100000000000002000000110000000012000000000000000000110000000020120000000020000000000220220000 1
2 0 424791 452269 12 6 12 8 -1 -1 1000100102000000000000000000100000000000002000000110000000012000000000000000001100000000020120000000020000000000220220000 1
1 0 421146 452269 11 11 9 9 -1 -1 1000100102000000000000000000100000000000002000000110000000012000000000000000001100000000020120000000002000000000220220000 1
2 0 421146 448392 11 7 15 11 -1 -1 1000100102000000000000000000100000000000002000000110000000012000000010000000001100000000020020000000002000000000220220000 1
1 0 417898 448392 10 10 2 14 -1 -1 1000100102000000000000000000100000000000002000000110000000012000000010000000001100000000000020000000002000000000220220200 1
2 0 417898 445723 3 15 4 14 -1 -1 1000110102000000000000000000100000000000002000000110000000012000000010000000001000000000000020000000002000000000220220200 1
1 0 414891 445723 7 9 6 10 -1 -1 1000110100000000020000000000100000000000002000000110000000012000000010000000001000000000000020000000002000000000220220200 1
2 0 414891 443471 4 14 5 15 -1 -1 1000110100000000020000000000100000000001002000000010000000012000000010000000001000000000000020000000002000000000220220200 1
1 0 412046 443471 6 10 2 10 -1 -1 1000110100000000000000000000102000000001002000000010000000012000000010000000001000000000000020000000002000000000220220200 1
2 0 412046 440664 12 8 13 9 -1 -1 1001110100000000000000000000102000000000002000000010000000012000000010000000001000000000000020000000002000000000220220200 1
1 0 409608 440664 8 10 7 9 -1 -1 1001110100000000000000000000102000000000002000000010000000012000000010000000001000000000000020000000000000000002220220200 1
2 0 409608 438076 5 15 7 17 -1 -1 1001110100000000000000000000102000000000002000000110000000002000000010000000001000000000000020000000000000000002220220200 1
1 0 407120 438076 10 8 4 10 -1 -1 1001110100000000000000000000100000000000002000000110020000002000000010000000001000000000000020000000000000000002220220200 1
2 0 407120 435223 7 17 7 15 -1 -1 1001110100000001000000000000100000000000002000000110020000002000000010000000000000000000000020000000000000000002220220200 1
1 0 404907 435223 5 11 3 13 -1 -1 1001110100000001000000000000100000000000002000000110200000002000000010000000000000000000000020000000000000000002220220200 1
2 0 404907 432911 6 16 8 14 -1 -1 1001110110000001000000000000000000000000002000000110200000002000000010000000000000000000000020000000000000000002220220200 1
1 0 402930 432911 9 9 8 10 -1 -1 1001110110000001000000000000000000000000000000000110200000002200000010000000000000000000000020000000000000000002220220200 1
2 0 402930 431919 7 15 9 13 -1 -1 1001110110000001000000000000000000000000000000000110200000012200000000000000000000000000000020000000000000000002220220200 1
1 0 401097 431919 8 10 6 12 -1 -1 1001110110000001000000000000000000000000000000000110000000012200000000200000000000000000000020000000000000000002220220200 1
2 0 401097 430055 14 12 15 13 -1 -1 1001110110000001000000000000000000000000100000000110000000002200000000200000000000000000000020000000000000000002220220200 1
1 0 399471 430055 7 9 1 11 -1 -1 1001110110000001000000000000000000000000100000000110000000002200000000200000000000000000000020000000000000000002220200220 1
2 0 399471 428620 8 12 16 12 -1 -1 1101110110000001000000000000000000000000100000000010000000002200000000200000000000000000000020000000000000000002220200220 1
1 0 398097 428620 4 10 3 9 -1 -1 1101110110000001000000000000000000000000100000000010000000000200000000200000000000000000000020000000000000000002220200222 1
2 0 398097 427874 8 14 12 10 -1 -1 1101111110000000000000000000000000000000100000000010000000000200000000200000000000000000000020000000000000000002220200222 1
1 0 396896 427874 7 11 5 13 -1 -1 1101111110000000000000000000000000000000100000000010000000000000000000200000000000000000000020000000000200000002220200222 1
2 0 396896 427054 9 13 10 14 -1 -1 1101111110000000000000000000010000000000100000000000000000000000000000200000000000000000000020000000000200000002220200222 1
1 0 395910 427054 6 12 4 14 -1 -1 1101111110000000000000000000010000000000100000000000000000000000000000000000000002000000000020000000000200000002220200222 1
2 0 395910 426589 10 14 14 14 -1 -1 1101111110000000010000000000010000000000000000000000000000000000000000000000000002000000000020000000000200000002220200222 1
1 0 395346 426589 5 13 1 13 -1 -1 1101111110000000010000000000010000000000000000000000000000000000000000000000000000000000000020000000000200000002220202222 1
2 0 395346 426515 12 10 14 12 -1 -1 1111111110000000010000000000000000000000000000000000000000000000000000000000000000000000000020000000000200000002220202222 1
1 0 395235 426515 4 14 3 15 -1 -1 1111111110000000010000000000000000000000000000000000000000000000000000000000000000000000000020000000000000000002220222222 1
