1322290784000
artificialwintelligence
kingfish
1 0 599697 600000 14 12 12 10 -1 -1 2222222222000000000000000000000000000000000000000000000000000000000000000000000000000000000000000000000000000001111111111 2
2 0 599697 599919 2 14 4 12 -1 -1 2222222222000000000000000000000000000000000000000000000000000000000000000000000000000000000000000000000100000001111101111 2
1 0 599369 599919 13 11 11 9 -1 -1 2222202222000000200000000000000000000000000000000000000000000000000000000000000000000000000000000000000100000001111101111 2
2 0 599369 599918 0 12 4 16 -1 -1 2222202222000000200000000000000000000000000000000000000000000000000000000000000000000000001000000000000100000001011101111 2
1 0 598969 599918 12 10 10 8 -1 -1 0222202222000000202000000000000000000000000000000000000000000000000000000000000000000000001000000000000100000001011101111 2
2 0 598969 599917 2 12 4 10 -1 -1 0222202222000000202000000000000000000000000000000000000000000000000000000000001000000000001000000000000000000001011101111 2
1 0 598625 599917 14 10 10 6 -1 -1 0222002222000002202000000000000000000000000000000000000000000000000000000000001000000000001000000000000000000001011101111 2
2 0 598625 599916 3 9 5 11 -1 -1 0222002222000002202000000000000000000000000000000000000000000000000000000000011000000000001000000000000000000001011001111 2
1 0 598236 599916 10 6 9 5 -1 -1 0222000222000002202000000000200000000000000000000000000000000000000000000000011000000000001000000000000000000001011001111 2
2 0 598236 599915 1 11 3 9 -1 -1 0222000222000002202000000000200000000000000000000000000000000000001000000000001000000000001000000000000000000001011001111 2
1 0 597756 599915 16 12 8 4 -1 -1 0022002222000002202000000000200000000000000000000000000000000000001000000000001000000000001000000000000000000001011001111 2
2 0 597756 599771 3 11 5 13 -1 -1 0022002222000002202000000000200000000000000000000000000010000000001000000000001000000000001000000000000000000001011001110 2
1 0 596767 599771 14 14 10 6 -1 -1 0022002022000002202000000000220000000000000000000000000010000000001000000000001000000000001000000000000000000001011001110 2
2 0 596767 599770 3 15 5 9 -1 -1 0022002022000002202000000000220000000000000000000000000010000000001000000000011000000000001000000000000000000001011000110 2
1 0 595814 599770 11 9 7 5 -1 -1 0022002020000002202000000002220000000000000000000000000010000000001000000000011000000000001000000000000000000001011000110 2
2 0 595814 599769 2 10 6 10 -1 -1 0022002020000002202000000002220000000000000000010000000010000000001000000000011000000000000000000000000000000001011000110 2
1 0 594781 599769 15 13 14 14 -1 -1 0020002020000002202000000002220000000002000000010000000010000000001000000000011000000000000000000000000000000001011000110 2
2 0 594781 599768 4 10 6 12 -1 -1 0020002020000002202000000002220000000002000000010000000010000000001000000000011000000000000000000000000000000001011001100 2
1 0 594338 599768 10 8 8 6 -1 -1 0020002020000000202000000002220000000002200000010000000010000000001000000000011000000000000000000000000000000001011001100 2
2 0 594338 599767 5 9 7 11 -1 -1 0020002020000000202000000002220000000002200000010000000011000000001000000000010000000000000000000000000000000001011001100 2
1 0 593792 599767 9 5 7 7 -1 -1 0020002020000000202000000000220000000002200000010020000011000000001000000000010000000000000000000000000000000001011001100 2
2 0 593792 599586 4 12 6 14 -1 -1 0020002020000000202000000000220000000002200000011020000011000000000000000000010000000000000000000000000000000001011001100 2
1 0 593016 599586 15 11 14 12 -1 -1 0020002020000000002000000000220000000002220000011020000011000000000000000000010000000000000000000000000000000001011001100 2
2 0 593016 599585 5 11 7 13 -1 -1 0020002020000000002000000000220000000002220000011020000011000000000000000000010000000000000000000000000000000001011011000 2
1 0 592171 599585 14 14 12 16 -1 -1 0020002020000000002000000000020000000002220000011022000011000000000000000000010000000000000000000000000000000001011011000 2
2 0 592171 599584 6 10 8 12 -1 -1 0020002020000000002000000000020000000002220000011022000011000000000000000000010000000000000000000000000000100001011010000 2
1 0 591491 599584 14 12 12 14 -1 -1 0020002020000000002000000000020000000000220000011022000011002000000000000000010000000000000000000000000000100001011010000 2
2 0 591491 599583 6 12 8 10 -1 -1 0020002020000000002000000000020000000000220000011022000011002000000000000000010000000000000000000000000001100001011000000 2
1 0 590627 599583 8 6 6 8 -1 -1 0020002020000000002000000000020000000000020000011022000011022000000000000000010000000000000000000000000001100001011000000 2
2 0 590627 595168 1 13 2 12 -1 -1 0020002020000000002000000000020000000010020000011022000010022000000000000000010000000000000000000000000001100001011000000 2
1 0 589157 595168 7 7 5 9 -1 -1 0000202020000000002000000000020000000010020000011022000010022000000000000000010000000000000000000000000001100001011000000 2
2 0 589157 590668 8 10 9 11 -1 -1 0000202020000000002000000001020000000010020000010022000010022000000000000000010000000000000000000000000001100001011000000 2
1 0 587622 590668 8 4 2 14 -1 -1 0000202020000000002000000001020000000010020000010022000010002000000002000000010000000000000000000000000001100001011000000 2
2 0 587622 588274 2 12 10 12 -1 -1 0000212020000000002000000001020000000010020000010022000000002000000002000000010000000000000000000000000001100001011000000 2
1 0 586011 588274 6 8 4 10 -1 -1 0000012020000000002000000001020000000010020000010022000000002000000002000000010020000000000000000000000001100001011000000 2
2 0 586011 584053 7 11 11 11 -1 -1 0000012020000001002000000001020000000000020000010022000000002000000002000000010020000000000000000000000001100001011000000 2
1 0 583200 584053 5 9 1 13 -1 -1 0000012020000001002000000001020000000000020000010002000000002000000002000000010020000000000200000000000001100001011000000 2
2 0 583200 579660 5 13 9 13 -1 -1 0010012020000001002000000000020000000000020000010002000000002000000002000000010020000000000200000000000001100001011000000 2
1 0 582008 579660 13 15 11 17 -1 -1 0010012020000001002000000000000000000000020000010002000000002000000002200000010020000000000200000000000001100001011000000 2
2 0 582008 575447 8 12 14 14 -1 -1 0010012020000001002000000000000000000000020000010002000000002000000002200000010020000000000200100000000001100001010000000 2
1 0 580470 575447 13 13 11 15 -1 -1 0010012020000001002000000000000000000000020000010002000000000000000002200000010020000000000200100000000001100001010002000 2
2 0 580470 572008 6 14 8 12 -1 -1 0010012020000001002000000000000000000000020000010002000000000000000002200000010020000000000201100000000001100001000002000 2
1 0 579713 572008 2 14 0 12 -1 -1 0010012020000001002000000000000000000000000000010002000000002000000002200000010020000000000201100000000001100001000002000 2
2 0 579713 568352 9 11 15 13 -1 -1 1010002020000001002000000000000000000000000000010002000000002000000002200000010020000000000201100000000001100001000002000 2
1 0 579053 568352 12 16 10 18 -1 -1 1010002020000001002000000000000000000000000000010002000000002000000000200000010020000000000201100000000001100001000002020 2
2 0 579053 564691 7 13 13 15 -1 -1 1010002020000001002000000000000000000000000000010002000000002000000000200000010020010000000201100000000001000001000002020 2
1 0 578212 564691 11 17 9 19 -1 -1 1010002020000001002000000000000000000000000000010000000000002000000000200000010020010000000201100000000001000001002002020 2
2 0 578212 562446 8 12 12 12 -1 -1 1010002020000001002000000000000000000000000000010000000000002000000000200100010020010000000201000000000001000001002002020 2
1 0 577606 562446 13 9 12 8 -1 -1 1010002020000001002000000000000000000000000000010000000000000000000000200100010020010000000201000000000021000001002002020 2
2 0 577606 559935 9 13 9 11 -1 -1 1010002020000001002000000000000000000000000000010000000000000000000000200100010020010000000201000000001021000000002002020 2
1 0 576606 559935 12 14 8 18 -1 -1 1010002020000001002000000000000000000000000000010000000000000000000002000100010020010000000201000000001021000000002002020 2
2 0 576606 557377 9 11 13 11 -1 -1 1010002020000001002000000000000000000000000000010000000000000001000002000100010020010000000201000000001020000000002002020 2
1 0 575340 557377 12 8 11 7 -1 -1 1010002020000001002000000000000000000000000000010000000000000001000000000100010020010000000201000000001020000000202002020 2
2 0 575340 554932 3 9 5 11 -1 -1 1010002020000001002000000000000000000000000000010000000000000001000000000100010020010000010201000000000020000000202002020 2
1 0 574625 554932 11 15 10 14 -1 -1 1010000020000001002000000000200000000000000000010000000000000001000000000100010020010000010201000000000020000000202002020 2
2 0 574625 551018 10 12 14 12 -1 -1 1010000020000001002000000000200000000000000000010000000000000001000000000100010021010000010200000000000020000000202002020 2
1 0 573699 551018 11 7 9 5 -1 -1 1010000020000001002000000000200000000000000000010000000000000001000000000100010001010000010200000000000020000000202022020 2
2 0 573699 549445 3 13 4 14 -1 -1 1010000020000001002000000000200000000000000000010000000000000001001000000100010001010000000200000000000020000000202022020 2
1 0 572701 549445 10 6 6 6 -1 -1 1010000000000001022000000000200000000000000000010000000000000001001000000100010001010000000200000000000020000000202022020 2
2 0 572701 546112 4 16 6 10 -1 -1 1010000000000001022000000000200000000100000000010000000000000001001000000100000001010000000200000000000020000000202022020 2
1 0 572010 546112 10 18 8 20 -1 -1 1010000000000001020000000000200000000102000000010000000000000001001000000100000001010000000200000000000020000000202022020 2
2 0 572010 543761 5 11 7 9 -1 -1 1010000000000001020000000000200000000102000000010000000000000001101000000100000001000000000200000000000020000000202022020 2
1 0 571131 543761 4 10 3 9 -1 -1 1010000000000001020000000000000000000102000000010200000000000001101000000100000001000000000200000000000020000000202022020 2
2 0 571131 542277 6 10 8 8 -1 -1 1010001000000000020000000000000000000102000000010200000000000001101000000100000001000000000200000000000020000000202022020 2
1 0 570466 542277 7 5 5 7 -1 -1 1010001000000000020000000000000000000100000000010200000000200001101000000100000001000000000200000000000020000000202022020 2
2 0 570466 540342 11 11 15 11 -1 -1 1010001000000000020000000010000000000100000000000200000000200001101000000100000001000000000200000000000020000000202022020 2
1 0 569825 540342 6 6 2 10 -1 -1 1010001000000000020000000010000000000100000000000200000000200001101000000100000001000000000000000000000020000000202022220 2
2 0 569825 539254 7 9 9 7 -1 -1 1011001000000000020000000010000000000000000000000200000000200001101000000100000001000000000000000000000020000000202022220 2
1 0 569405 539254 3 9 1 11 -1 -1 1011001000000000020000000010000000000000000000000000000000200001101200000100000001000000000000000000000020000000202022220 2
2 0 569405 537902 9 7 9 9 -1 -1 1111000000000000020000000010000000000000000000000000000000200001101200000100000001000000000000000000000020000000202022220 2
1 0 569063 537902 9 19 7 17 -1 -1 1111000000000000020000000010000000000000000000000000000000200001101020000100000001000000000000000000000020000000202022220 2
2 0 569063 536915 8 8 10 10 -1 -1 1111000000000000020000000010000000000000000000000000010000200001101020000000000001000000000000000000000020000000202022220 2
1 0 568410 536915 10 14 9 13 -1 -1 1111000000000000020000000010000000000000000000000000010000000001101020000000000201000000000000000000000020000000202022220 2
2 0 568410 536122 4 14 5 13 -1 -1 1111000000000000020000000010000000000000000000000000010000000001101020100000000200000000000000000000000020000000202022220 2
1 0 567914 536122 9 5 8 4 -1 -1 1111000000000000000000000010020000000000000000000000010000000001101020100000000200000000000000000000000020000000202022220 2
2 0 567914 534965 9 9 13 9 -1 -1 1111000000000000000000000010020000000000000000000000010010000001100020100000000200000000000000000000000020000000202022220 2
1 0 567391 534965 9 13 8 12 -1 -1 1111000000000000000000000010020000000000000000000000010010000001100000100000000200000000000000000000000020000002202022220 2
2 0 567391 534048 10 10 11 11 -1 -1 1111000000000000000000000010020000000000000000000000010010001001100000000000000200000000000000000000000020000002202022220 2
1 0 566917 534048 8 20 6 18 -1 -1 1111000000000000000000000010020000000000000000000000010010001001100000000000000000000000000200000000000020000002202022220 2
2 0 566917 533076 5 13 6 12 -1 -1 1111000000000000000000000010020000000000000100000000010010001001000000000000000000000000000200000000000020000002202022220 2
1 0 566451 533076 8 18 6 16 -1 -1 1111000000000000000000000010000000000000200100000000010010001001000000000000000000000000000200000000000020000002202022220 2
2 0 566451 532398 6 12 7 11 -1 -1 1111000000000000000000000010000000000000201100000000010010001000000000000000000000000000000200000000000020000002202022220 2
1 0 565693 532398 8 12 6 10 -1 -1 1111000000000000000000000010000000000000001100000020010010001000000000000000000000000000000200000000000020000002202022220 2
2 0 565693 531451 7 11 8 12 -1 -1 1111000000000000000000000010000000000001001100000020010010000000000000000000000000000000000200000000000020000002202022220 2
1 0 565117 531451 8 4 7 5 -1 -1 1111000000000000000000000010000000000001001100000000010010002000000000000000000000000000000200000000000020000002202022220 2
2 0 565117 530650 8 12 9 13 -1 -1 1111000000000000000000000010000000000001001100010000010000002000000000000000000000000000000200000000000020000002202022220 2
1 0 564546 530650 7 17 5 15 -1 -1 1111000000000000000000000010000000000001001100010000010000000000000000200000000000000000000200000000000020000002202022220 2
2 0 564546 529800 9 13 10 12 -1 -1 1111000000000000000000000010001000000001001100010000000000000000000000200000000000000000000200000000000020000002202022220 2
1 0 564064 529800 6 16 4 14 -1 -1 1111000000000000000000000010001000000001001100010000000000000000000000000000000020000000000200000000000020000002202022220 2
2 0 564064 528967 10 12 12 10 -1 -1 1111000000000000010000000010001000000001000100010000000000000000000000000000000020000000000200000000000020000002202022220 2
1 0 563558 528967 7 5 6 6 -1 -1 1111000000000000010000000010001000000001000100010000000000000000000000000000000000000000000200000000000220000002202022220 2
2 0 563558 528488 11 11 13 13 -1 -1 1111000000000000010000000010001000000101000100000000000000000000000000000000000000000000000200000000000220000002202022220 2
1 0 563322 528488 6 6 4 8 -1 -1 1111000000000000010000000010001000000101000100000000000000000000000000000000000000000000000000000000000220000002222022220 2
2 0 563322 528171 12 10 12 8 -1 -1 1111000000000010010000000010001000000001000100000000000000000000000000000000000000000000000000000000000220000002222022220 2
1 0 562987 528171 5 7 3 9 -1 -1 1111000000000010010000000010001000000001000100000000000000000000000000000000000000000000000000000000002020000002222022220 2
2 0 562987 527844 12 8 16 12 -1 -1 1111001000000010010000000000001000000001000100000000000000000000000000000000000000000000000000000000002020000002222022220 2
1 0 562821 527844 5 15 3 13 -1 -1 1111001000000010010000000000001000000001000100000000000000000000000000000000000000000000000000000000000020000002222022222 2
2 0 562821 527601 12 12 14 10 -1 -1 1111001010000010010000000000000000000001000100000000000000000000000000000000000000000000000000000000000020000002222022222 2
