1322295809000
kingfish
googolhex
1 0 599809 600000 14 10 12 12 -1 -1 2222222222000000000000000000000000000000000000000000000000000000000000000000000000000000000000000000000000000001111111111 1
2 0 599809 599667 3 13 4 14 -1 -1 2222222222000000000000000000000000000000000000000000000000000000000000000000000000000000000000000000000010000001111011111 1
1 0 599807 599667 16 12 12 8 -1 -1 2222222202000000020000000000000000000000000000000000000000000000000000000000000000000000000000000000000010000001111011111 1
2 0 599807 599009 3 9 5 15 -1 -1 2222222202000000020000000000000000000000000000000000000000000000000000000000000000000000000000000000001010000001111011110 1
1 0 599806 599009 13 13 11 11 -1 -1 2222220202000000020000000000002000000000000000000000000000000000000000000000000000000000000000000000001010000001111011110 1
2 0 599806 597918 5 15 6 16 -1 -1 2222220202000000020000000000002000000000000000000000000000000000000000000000000000000000000100000000001010000001101011110 1
1 0 599805 597918 14 12 10 12 -1 -1 2222220202000000020000000000000000000000002000000000000000000000000000000000000000000000000100000000001010000001101011110 1
2 0 599805 597153 2 10 4 12 -1 -1 2222220202000000020000000000000000000000002000000000000000000000000000000000000010000000000100000000001010000001101001110 1
1 0 599804 597153 13 11 9 11 -1 -1 2220220202000000220000000000000000000000002000000000000000000000000000000000000010000000000100000000001010000001101001110 1
2 0 599804 595699 1 11 5 15 -1 -1 2220220202000000220000000000000000000000002000000000000000000000000001000000000010000000000100000000001010000001001001110 1
1 0 599613 595699 12 12 8 12 -1 -1 2020220202000000220000000000002000000000002000000000000000000000000001000000000010000000000100000000001010000001001001110 1
2 0 599613 593298 3 11 7 15 -1 -1 2020220202000000220000000000002000000000002000000000000000001000000001000000000010000000000100000000001000000001001001110 1
1 0 599612 593298 11 11 7 11 -1 -1 2020220002000000220000000000002000000000002000000000200000001000000001000000000010000000000100000000001000000001001001110 1
2 0 599612 589185 4 12 8 16 -1 -1 2020220002000000220000000000002000000000002000000010200000001000000001000000000010000000000000000000001000000001001001110 1
1 0 599610 589185 10 12 6 12 -1 -1 2020220002000000020000000000002000000000002000000010200000001020000001000000000010000000000000000000001000000001001001110 1
2 0 599610 585590 8 16 9 15 -1 -1 2020220002000000020000000000002000000000102000000010200000001020000001000000000000000000000000000000001000000001001001110 1
1 0 595235 585590 8 12 4 16 -1 -1 2020220002000000020000000000002000000000102000000010200000001000000001020000000000000000000000000000001000000001001001110 1
2 0 595235 583780 9 15 10 16 -1 -1 2020220002000000021000000000002000000000102000000010200000000000000001020000000000000000000000000000001000000001001001110 1
1 0 590295 583780 12 8 11 9 -1 -1 2020220002000000021000000000002000000000102000000010200000000000000001000000000000200000000000000000001000000001001001110 1
2 0 590295 582292 7 15 8 16 -1 -1 2020220002000000021000000000002000000000102000000010200000000000000001000000000000200000001000000000000000000001001001110 1
1 0 586726 582292 14 14 6 10 -1 -1 2020220002000000021000000000002000000000102000000010000000000020000001000000000000200000001000000000000000000001001001110 1
2 0 586726 581000 5 15 9 15 -1 -1 2020220002000000021000000000002000000001102000000010000000000020000001000000000000200000001000000000000000000001001000110 1
1 0 583905 581000 15 11 14 10 -1 -1 2020220002000000021000000000000000000001102000000010000000000020000001020000000000200000001000000000000000000001001000110 1
2 0 583905 578954 4 14 5 15 -1 -1 2020220002000000021000000000000000000001102000000010000000000020000001020000000000200000001000000000000000000001001100010 1
1 0 581164 578954 7 11 5 17 -1 -1 2020220002000000001000000000002000000001102000000010000000000020000001020000000000200000001000000000000000000001001100010 1
2 0 581164 577882 5 15 6 14 -1 -1 2020220002000000001000000000002100000001102000000000000000000020000001020000000000200000001000000000000000000001001100010 1
1 0 577983 577882 14 10 8 12 -1 -1 2020220002000000001000000000000100000001122000000000000000000020000001020000000000200000001000000000000000000001001100010 1
2 0 577983 575985 3 15 4 14 -1 -1 2020220002000000001000000000000100000001122000000000000000001020000001020000000000200000001000000000000000000001001000010 1
1 0 574034 575985 5 17 3 15 -1 -1 2020220000000000021000000000000100000001122000000000000000001020000001020000000000200000001000000000000000000001001000010 1
2 0 574034 567395 6 14 7 15 -1 -1 2020220001000000021000000000000000000001122000000000000000001020000001020000000000200000001000000000000000000001001000010 1
1 0 568111 567395 9 11 1 11 -1 -1 2020220001000000021000000000000000000001102000000000200000001020000001020000000000200000001000000000000000000001001000010 1
2 0 568111 560202 7 15 11 15 -1 -1 2120220001000000021000000000000000000001102000000000200000001020000000020000000000200000001000000000000000000001001000010 1
1 0 564938 560202 6 10 5 11 -1 -1 2120220001000000021000000000000000000001102000000000000000001020000000020000000000200000001002000000000000000001001000010 1
2 0 564938 552223 8 16 16 12 -1 -1 2120220001000000021000000000100000000000102000000000000000001020000000020000000000200000001002000000000000000001001000010 1
1 0 561640 552223 6 12 4 10 -1 -1 2120220001000000021000000000100000000000102000000000000000001000000000020000000000200000001002000000000000000001001000012 1
2 0 561640 545954 2 12 3 13 -1 -1 2120220001000001021000000000100000000000002000000000000000001000000000020000000000200000001002000000000000000001001000012 1
1 0 558968 545954 15 13 14 14 -1 -1 2120020021000001021000000000100000000000002000000000000000001000000000020000000000200000001002000000000000000001001000012 1
2 0 558968 540175 11 15 12 16 -1 -1 2120020021000001021000000000100000000000002000000000000000001000000000020000000000200000001002000000000000000001001001002 1
1 0 556488 540175 4 16 4 12 -1 -1 2120020021000001021000000000100000000000002000000000000000001000000000020000000000200000001000000000000000200001001001002 1
2 0 556488 536814 2 14 4 16 -1 -1 2120020021000001120000000000100000000000002000000000000000001000000000020000000000200000001000000000000000200001001001002 1
1 0 553925 536814 13 15 11 17 -1 -1 2120000021000001122000000000100000000000002000000000000000001000000000020000000000200000001000000000000000200001001001002 1
2 0 553925 531800 3 13 5 15 -1 -1 2120000021000001122000000000100000000000002000000000000000001000000000020000000000200000001000100000000000200001000001002 1
1 0 550486 531800 5 11 3 13 -1 -1 2120000001000001122000000000102000000000002000000000000000001000000000020000000000200000001000100000000000200001000001002 1
2 0 550486 530726 12 16 13 15 -1 -1 2120000011000001122000000000002000000000002000000000000000001000000000020000000000200000001000100000000000200001000001002 1
1 0 545672 530726 11 17 11 15 -1 -1 2120000011000001122000000000002000000000002000000000000000001000000000020000000000200000001000100000000000000001002001002 1
2 0 545672 529713 6 16 7 15 -1 -1 2120000011000001122000000000002000000000002000000000000000001000000000020000000000200000001001000000000000000001002001002 1
1 0 541134 529713 14 14 6 14 -1 -1 2120000011000001122000000000002000000000000000000000200000001000000000020000000000200000001001000000000000000001002001002 1
2 0 541134 526984 7 15 8 16 -1 -1 2120000011000001122000000000002000000000010000000000200000001000000000020000000000200000001001000000000000000001002000002 1
1 0 535032 526984 11 15 3 11 -1 -1 2120000011000001122000000000002000000000010000000000000000001020000000020000000000200000001001000000000000000001002000002 1
2 0 535032 525793 4 14 5 13 -1 -1 2120000111000001122000000000002000000000010000000000000000001020000000020000000000200000001000000000000000000001002000002 1
1 0 532805 525793 4 10 2 12 -1 -1 2120000111000001102000000000022000000000010000000000000000001020000000020000000000200000001000000000000000000001002000002 1
2 0 532805 523931 5 13 11 15 -1 -1 2120100111000000102000000000022000000000010000000000000000001020000000020000000000200000001000000000000000000001002000002 1
1 0 530808 523931 4 12 2 14 -1 -1 2120100111000000102000000000002000000000010000000000000000001020000000020000000000200000001002000000000000000001002000002 1
2 0 530808 522211 11 15 12 16 -1 -1 2120110111000000002000000000002000000000010000000000000000001020000000020000000000200000001002000000000000000001002000002 1
1 0 528730 522211 13 9 12 8 -1 -1 2120110111000000002000000000002000000000010000000000000000001020000000020000000000200000001000000000000000200001002000002 1
2 0 528730 522209 5 15 9 11 -1 -1 2120110111000000002000000000002000000000010000000000000000001020000000020000000000200000001000000000001000200000002000002 1
1 0 527472 522209 12 8 10 10 -1 -1 2120110111000000002000000000000000000000010000000000000000001020000002020000000000200000001000000000001000200000002000002 1
2 0 527472 522209 0 12 4 12 -1 -1 2120110111000000002000000000000000000000010000000000000000001020000002020000000100200000001000000000000000200000002000002 1
1 0 524493 522209 8 12 7 11 -1 -1 0120110111000000202000000000000000000000010000000000000000001020000002020000000100200000001000000000000000200000002000002 1
2 0 524493 522209 12 16 14 14 -1 -1 0120110111000000202000000000000000000000010000000010000000000020000002020000000100200000001000000000000000200000002000002 1
1 0 522128 522209 10 10 6 10 -1 -1 0120110111000000202000000000000000000000010000000010000000000020000002020000000100200000001000000000000000000000002002002 1
2 0 522128 522208 13 15 15 13 -1 -1 0120110111000000202000000000000000000001010000000010000000000020000002020000000000200000001000000000000000000000002002002 1
1 0 520116 522208 7 11 5 9 -1 -1 0120110111000000202000000000000000000001010000000010000000000020000002020000000000200000001000000000000000000000000002022 1
2 0 520116 522207 9 15 11 17 8 8 0120110111000000202000000001000000000001010000000000000000000020000002020000000000200000001000000000000000000000000002022 1
1 0 517661 522207 11 9 10 8 -1 -1 0120110111000000202000000001000000000001010000000000000000300020000002000000000000200000001000200000000000000000000002022 1
2 0 517661 522206 11 17 12 16 11 9 0120110111000000202000000001000000000001010000000000000000300020000002000000001000200000000000200000000000000000000002022 1
1 0 514805 522206 5 9 4 10 -1 -1 0120110111000000202000000001000000000001010000000000000000300020000002000000001000200000003000000000000000200000000002022 1
2 0 514805 522205 12 16 13 15 -1 -1 0120110111000001202000000000000000000001010000000000000000300020000002000000001000200000003000000000000000200000000002022 1
1 0 512396 522205 10 8 9 7 -1 -1 0120110111000001202000000000000000000001010000000000000000300020000002000000001000200000003000000000000000000000002002022 1
2 0 512396 522204 10 16 11 15 -1 -1 0120110111000001202000000000000000000001010000000000000000300020000102000000000000200000003000000000000000000000002002022 1
1 0 510128 522204 9 7 3 9 -1 -1 0120110111000001202000000000000000000001010000000000000000300020000102000000000000000000003002000000000000000000002002022 1
2 0 510128 522198 11 15 12 14 -1 -1 0120111111000001202000000000000000000001010000000000000000300020000002000000000000000000003002000000000000000000002002022 1
1 0 508900 522198 4 10 5 9 -1 -1 0120111111000001202000000000000000000001010000000000000000300020000002000000000000000000003000000000000002000000002002022 1
2 0 508900 522198 12 14 13 13 -1 -1 0120111111000000202000000001000000000001010000000000000000300020000002000000000000000000003000000000000002000000002002022 1
1 0 507232 522198 6 10 2 10 -1 -1 0120111111000000202000000001000000000001010000000000000000300020000002000000000000000000003000000000000000000000022002022 1
2 0 507232 522197 13 13 14 12 -1 -1 0121111111000000202000000001000000000000010000000000000000300020000002000000000000000000003000000000000000000000022002022 1
1 0 506306 522197 5 9 4 8 -1 -1 0121111111000000202000000001000000000000010000000000000000300020000002000000000000000000003000000000000000000000002022022 1
2 0 506306 522197 14 12 15 11 -1 -1 0121111111000010202000000000000000000000010000000000000000300020000002000000000000000000003000000000000000000000002022022 1
1 0 505916 522197 2 10 0 12 -1 -1 0121111111000010202000000000000000000000010000000000000000300020000002000000000000000000003000000000000000000000002002222 1
2 0 505916 522196 9 11 10 10 -1 -1 1120111111000010202000000000000000000000010000000000000000300020000002000000000000000000003000000000000000000000002002222 1
1 0 505563 522196 4 8 2 10 -1 -1 1120111111000010202000000000000000000000010000000000000000300020000000000000000200000000003000000000000000000000002002222 1
