1322287822000
kingfish
droptable
1 0 599818 600000 14 10 12 12 -1 -1 2222222222000000000000000000000000000000000000000000000000000000000000000000000000000000000000000000000000000001111111111 2
2 0 599818 588331 3 15 4 14 -1 -1 2222222222000000000000000000000000000000000000000000000000000000000000000000000000000000000000000000000010000001111011111 2
1 0 599816 588331 16 12 12 8 -1 -1 2222222220000000020000000000000000000000000000000000000000000000000000000000000000000000000000000000000010000001111011111 2
2 0 599816 573986 1 13 5 13 -1 -1 2222222220000000020000000000000000000000000000000000000000000000000000000000000000000000000000000000001010000001111011110 2
1 0 599815 573986 13 13 11 11 -1 -1 2202222220000000020000000000020000000000000000000000000000000000000000000000000000000000000000000000001010000001111011110 2
2 0 599815 555344 2 10 4 8 -1 -1 2202222220000000020000000000020000000000000000000000000000000000000000000000000000000000000100000000001010000001101011110 2
1 0 599814 555344 14 12 10 12 -1 -1 2200222220000020020000000000020000000000000000000000000000000000000000000000000000000000000100000000001010000001101011110 2
2 0 599814 534909 2 14 6 14 -1 -1 2200222220000020020000000000020000000000000000000000000000000000000000000000000010000000000100000000001010000001101001110 2
1 0 599813 534909 13 11 9 11 -1 -1 2200202220000020020000000000020000000000020000000000000000000000000000000000000010000000000100000000001010000001101001110 2
2 0 599813 513125 3 13 5 11 -1 -1 2200202220000020020000000000020000000000020000000000000000000000000001000000000010000000000100000000001010000001001001110 2
1 0 599640 513125 12 12 8 12 -1 -1 2200202200000020020000000000220000000000020000000000000000000000000001000000000010000000000100000000001010000001001001110 2
2 0 599640 496699 0 12 4 12 -1 -1 2200202200000020020000000000220000000000020000000000000000001000000001000000000010000000000100000000001000000001001001110 2
1 0 594996 496699 9 11 3 13 -1 -1 0200202200000020220000000000220000000000020000000000000000001000000001000000000010000000000100000000001000000001001001110 2
2 0 594996 486111 4 12 6 10 -1 -1 0200202210000020220000000000220000000000020000000000000000001000000000000000000010000000000100000000001000000001001001110 2
1 0 589466 486111 11 11 5 9 -1 -1 0200202210000020020000000000220000000002020000000000000000001000000000000000000010000000000100000000001000000001001001110 2
2 0 589466 467476 4 14 6 16 -1 -1 0200202210000020020000000001220000000002020000000000000000001000000000000000000010000000000000000000001000000001001001110 2
1 0 585495 467476 13 9 11 7 -1 -1 0200202210000020000000000001220000000002022000000000000000001000000000000000000010000000000000000000001000000001001001110 2
2 0 585495 442861 6 16 7 15 -1 -1 0200202210000020000000000001220000000002022000000000000000001000000000000000000010000000010000000000001000000000001001110 2
1 0 581435 442861 12 8 10 6 -1 -1 0200202210000020000000000001220000000002020000000000200000001000000000000000000010000000010000000000001000000000001001110 2
2 0 581435 429246 1 11 2 10 -1 -1 0200202210000020000000000001220000000002020000000000200000001000000000000000010010000000010000000000000000000000001001110 2
1 0 577833 429246 8 12 7 13 -1 -1 0002202210000020000000000001220000000002020000000000200000001000000000000000010010000000010000000000000000000000001001110 2
2 0 577833 418826 6 14 8 16 -1 -1 0002202210000020000000000001220000000002020000000001200000000000000000000000010010000000010000000000000000000000001001110 2
1 0 575530 418826 11 7 9 5 -1 -1 0002202210000020000000000001220000000002000000000001200000000020000000000000010010000000010000000000000000000000001001110 2
2 0 575530 409502 8 16 9 17 -1 -1 0002202210000020000000000001220000000002000000000001200000000020001000000000010010000000000000000000000000000000001001110 2
1 0 573278 409502 10 6 8 4 -1 -1 0002202210000020000000000001220000000002000000000001200000000000001000002000010010000000000000000000000000000000001001110 2
2 0 573278 399046 2 10 10 18 -1 -1 0002202210000020000000000001220000000002000000000001200010000000001000002000000010000000000000000000000000000000001001110 2
1 0 569494 399046 9 5 7 3 -1 -1 0000202210000020000000000001220000000002000000000001200010000000001000002000000010020000000000000000000000000000001001110 2
2 0 569494 389695 2 12 8 14 -1 -1 0000202210000020000000000001220000000002000000100001200010000000000000002000000010020000000000000000000000000000001001110 2
1 0 564617 389695 8 4 6 2 -1 -1 0000002210000020000000000001220000000002000000100001200010000200000000002000000010020000000000000000000000000000001001110 2
2 0 564617 377012 8 14 9 15 -1 -1 0000002210000020000000000001220000010002000000100001200000000200000000002000000010020000000000000000000000000000001001110 2
1 0 559031 377012 7 13 6 14 -1 -1 0000002210000020000000000001220000010002000000100001200000000000000000022000000010020000000000000000000000000000001001110 2
2 0 559031 356687 9 17 11 11 -1 -1 0000002210000020000000000001220000010002010000100000200000000000000000022000000010020000000000000000000000000000001001110 2
1 0 554686 356687 13 15 12 14 -1 -1 0000002210000020000000000001220000010002010000100000200000000000000000020000000010020000000200000000000000000000001001110 2
2 0 554686 353356 5 11 6 12 -1 -1 0000002210000020000000000001220000010002010000100000200000000000000000020000000010020000000200000000000001000000000001110 2
1 0 549066 353356 15 13 9 11 -1 -1 0000002210000020000000000001020000010002210000100000200000000000000000020000000010020000000200000000000001000000000001110 2
2 0 549066 344582 9 15 10 16 -1 -1 0000002210000020000000000001020000010002210000100000200000000000000001020000000010020000000200000000000001000000000001100 2
1 0 542980 344582 6 14 2 14 -1 -1 0000002210000020000000000001020000010002210000100000200000000000000001000000000010220000000200000000000001000000000001100 2
2 0 542980 341252 10 18 12 16 -1 -1 0000012210000020000000000001020000010002200000100000200000000000000001000000000010220000000200000000000001000000000001100 2
1 0 537265 341252 7 3 5 1 -1 -1 0000012210000020000000000001020000010002200000100000200000000000000001000000000010200000000200000000000001200000000001100 2
2 0 537265 333457 3 11 4 10 -1 -1 0000012210000020000000010001020000010002200000000000200000000000000001000000000010200000000200000000000001200000000001100 2
1 0 531383 333457 5 9 3 11 -1 -1 0000012010000022000000010001020000010002200000000000200000000000000001000000000010200000000200000000000001200000000001100 2
2 0 531383 322958 3 9 7 13 -1 -1 0000012110000022000000010000020000010002200000000000200000000000000001000000000010200000000200000000000001200000000001100 2
1 0 524713 322958 6 2 4 0 -1 -1 0000010110000022000000010000020000010002200000000002200000000000000001000000000010200000000200000000000001200000000001100 2
2 0 524713 293016 7 15 8 16 -1 -1 0000010110100022000000010000020000000002200000000002200000000000000001000000000010200000000200000000000001200000000001100 2
1 0 518689 293016 10 12 8 10 -1 -1 0000010110100022000000010000020000000002200000000002000000000020000001000000000010200000000200000000000001200000000001100 2
2 0 518689 284308 4 8 12 12 -1 -1 0000010110100022000000010000020000000002200000000002000000010020000001000000000000200000000200000000000001200000000001100 2
1 0 508207 284308 14 14 13 13 -1 -1 0000010110100002000000010000020000000002200000000002000000010020000001000000000000200000000200000000000021200000000001100 2
2 0 508207 254313 4 10 5 9 -1 -1 0000010110100002000000010000020000000002200000000002000000010020000001000000000000200000000200000000000021200000010000100 2
1 0 500397 254313 13 13 7 11 -1 -1 0000010110100000000000010002020000000002200000000002000000010020000001000000000000200000000200000000000021200000010000100 2
2 0 500397 249243 5 13 6 14 -1 -1 0000010110100000000000010002020000000002200000000012000000010020000001000000000000200000000200000000000021200000000000100 2
1 0 496086 249243 9 11 7 9 -1 -1 0000010110100000000000010002000000000002220000000012000000010020000001000000000000200000000200000000000021200000000000100 2
2 0 496086 242947 6 12 8 14 -1 -1 0000010110100000000000010002000000000002220000000112000000010020000000000000000000200000000200000000000021200000000000100 2
1 0 491205 242947 12 14 11 15 -1 -1 0000010110100000000000010002000000000002020000000112000000010220000000000000000000200000000200000000000021200000000000100 2
2 0 491205 231430 12 12 13 13 -1 -1 0000010110100000000000010002000000000002020000000112000000010220000000000000000000200000000201000000000020200000000000100 2
1 0 484590 231430 11 15 5 13 -1 -1 0000010110100000000000010002000000000002020000000112000000010220000000000000000000200000000201000000000000200000020000100 2
2 0 484590 223726 7 13 11 17 -1 -1 0000010110100000000000010002010000000002020000000112000000010220000000000000000000200000000200000000000000200000020000100 2
1 0 479462 223726 15 11 14 12 -1 -1 0000010110100000000000010002010000000002020000000110000000010220000000000000000000200000000200200000000000200000020000100 2
2 0 479462 218136 8 16 9 15 -1 -1 0000010110100000000000010002010000000002020000000110000000010220000000000000000000200000000200200000000000200000020010000 2
1 0 468652 218136 8 10 2 12 -1 -1 0000010110100000000000010002010000000002020000000110000000010200000000020000000000200000000200200000000000200000020010000 2
2 0 468652 214420 6 10 10 14 -1 -1 0000110110100000000000010002010000000002020000000110000000000200000000020000000000200000000200200000000000200000020010000 2
1 0 461967 214420 7 9 5 11 -1 -1 0000110110100000000000010002010000000000020000000110000000000200000000020000000002200000000200200000000000200000020010000 2
2 0 461967 208972 10 16 12 14 -1 -1 0000110110100000000000010002110000000000020000000010000000000200000000020000000002200000000200200000000000200000020010000 2
1 0 453482 208972 5 1 4 2 -1 -1 0000110110100000000000010002110000000000020000000010000000000200000000020000000002000000000200200000000002200000020010000 2
2 0 453482 206402 11 17 13 15 -1 -1 0000110110110000000000000002110000000000020000000010000000000200000000020000000002000000000200200000000002200000020010000 2
1 0 448916 206402 7 11 6 10 -1 -1 0000110110110000000000000002110000000000020000000010000000000200000000020000000002000000000200000000000002200000022010000 2
2 0 448916 205112 5 9 7 11 -1 -1 0000110110110000000000000002110000000001020000000000000000000200000000020000000002000000000200000000000002200000022010000 2
1 0 444616 205112 6 10 2 10 -1 -1 0000110110110000000000000000110000000001020000000020000000000200000000020000000002000000000200000000000002200000022010000 2
2 0 444616 203234 12 16 14 10 -1 -1 0001110110110000000000000000110000000000020000000020000000000200000000020000000002000000000200000000000002200000022010000 2
1 0 441234 203234 5 11 4 10 -1 -1 0001110110110000000000000000110000000000020000000020000000000200000000020000000002000000000200000000000002000000022210000 2
2 0 441234 201249 7 11 8 12 -1 -1 0001110110110001000000000000010000000000020000000020000000000200000000020000000002000000000200000000000002000000022210000 2
1 0 437909 201249 5 13 5 11 -1 -1 0001110110110001000000000000010000000000020000000000000000002200000000020000000002000000000200000000000002000000022210000 2
2 0 437909 200104 8 14 12 10 -1 -1 0001110110110001000000000000100000000000020000000000000000002200000000020000000002000000000200000000000002000000022210000 2
1 0 435604 200104 5 11 1 11 -1 -1 0001110110110001000000000000100000000000020000000000000000002000000000020000000002000000000200000000000202000000022210000 2
2 0 435604 198954 9 15 15 13 -1 -1 0101110110110001000000000000000000000000020000000000000000002000000000020000000002000000000200000000000202000000022210000 2
1 0 434217 198954 4 10 3 9 -1 -1 0101110110110001000000000000000000000000020000000000000000002000000000000000000002000000000200000000000202000000022210020 2
2 0 434217 197642 10 14 11 13 -1 -1 0101111110110000000000000000000000000000020000000000000000002000000000000000000002000000000200000000000202000000022210020 2
1 0 432488 197642 14 12 13 11 -1 -1 0101111110110000000000000000000000000000020000000000000000002000000000000000000000000000000220000000000202000000022210020 2
2 0 432488 195313 12 10 14 12 -1 -1 0101111110110000000000000000000000000000020000000000000000002000000000000000000000000000000220000000000202000000122200020 2
1 0 430899 195313 13 11 12 12 -1 -1 0101111110110000000000000000000000000000020000000000000000002000000000000000000000000000000220000000000002000000122220020 2
2 0 430899 194559 13 13 14 14 -1 -1 0101111110110000000000000000000000000000020000000000000000002000000000000000000000000000000220000000000012000000022220020 2
1 0 429503 194559 12 12 10 14 -1 -1 0101111110110000000000000000000000000000020000000000000000002000000000000000000000000000000220000000000012000000002222020 2
2 0 429503 194089 14 14 16 12 -1 -1 0101111110110000000000000000000000000000020000000000000000002000000000000000000001000000000220000000000002000000002222020 2
1 0 427427 194089 10 14 9 15 -1 -1 0101111110110000000000000000000000000000020000000000000000002000000000000000000001000000000220000000000002000000002220022 2
2 0 427427 193015 6 14 7 13 -1 -1 0101111110110000000000000000000000000000020000000000000000002000000000010000000000000000000220000000000002000000002220022 2
1 0 425531 193015 9 15 8 14 -1 -1 0101111110110000000000000000000000000000000000000002000000002000000000010000000000000000000220000000000002000000002220022 2
2 0 425531 189636 7 13 9 11 -1 -1 0101111110110000000000000000000000000000000000000002000000002100000000000000000000000000000220000000000002000000002220022 2
1 0 424140 189636 8 14 7 15 -1 -1 0101111110110000000000000000000000000000000000000000000000002100000002000000000000000000000220000000000002000000002220022 2
2 0 424140 187650 8 12 14 14 -1 -1 0101111110110000000000000000000000000000000000000000100000002000000002000000000000000000000220000000000002000000002220022 2
1 0 423142 187650 7 15 6 16 -1 -1 0101111110110000000000000000000000000000000000000000100000000000000002000000000000000000000220000000000002000000002222022 2
2 0 423142 186425 11 11 15 11 -1 -1 0101111110110000000000000000000000000000001000000000000000000000000002000000000000000000000220000000000002000000002222022 2
1 0 422584 186425 6 16 5 15 -1 -1 0101111110110000000000000000000000000000001000000000000000000000000002000000000000000000000020000000000002000000002222222 2
2 0 422584 185247 12 14 13 13 -1 -1 0101111110110000000000000000001000000000000000000000000000000000000002000000000000000000000020000000000002000000002222222 2
1 0 422032 185247 4 0 4 4 -1 -1 0101111110110000000000000000001000000000000000000000000000000000000002000000000000000000000020000000000000000000022222222 2
2 0 422032 184906 11 13 12 12 -1 -1 0101111110011000000000000000001000000000000000000000000000000000000002000000000000000000000020000000000000000000022222222 2
1 0 421569 184906 4 2 4 6 -1 -1 0101111110011000000000000000001000000000000000000000000000000000000002000000000000000000000000000000000020000000022222222 2
2 0 421569 184905 9 11 10 12 -1 -1 0101111110001100000000000000001000000000000000000000000000000000000002000000000000000000000000000000000020000000022222222 2
1 0 420918 184905 2 10 0 12 -1 -1 0101111110001100000000000000001000000000000000000000000000000000000000000000000020000000000000000000000020000000022222222 2
2 0 420918 184904 10 12 11 13 -1 -1 1100111110001100000000000000001000000000000000000000000000000000000000000000000020000000000000000000000020000000022222222 2
1 0 420430 184904 4 4 2 10 -1 -1 1100111110001100000000000000001000000000000000000000000000000000000000000000000000000000000020000000000020000000022222222 2
2 0 420430 184903 11 13 13 11 9 11 1101111110000100000000000000001000000000000000000000000000000000000000000000000000000000000020000000000020000000022222222 2
1 0 420279 184903 5 15 4 16 -1 -1 1101111110000100000000000000001000000000000000000000000000000000000003000000000000000000000000000000000020000000222222222 2
2 0 420279 184902 12 12 12 10 -1 -1 1101111110000100001000000000000000000000000000000000000000000000000003000000000000000000000000000000000020000000222222222 2
1 0 420194 184902 4 16 3 15 -1 -1 1101111110000100001000000000000000000000000000000000000000000000000003000000000000000000000000000000000200000000222222222 2
2 0 420194 184902 12 10 13 9 -1 -1 1101111111000100000000000000000000000000000000000000000000000000000003000000000000000000000000000000000200000000222222222 2
