1322289609000
benny
kingfish
1 0 599901 600000 14 10 12 12 -1 -1 2222222222000000000000000000000000000000000000000000000000000000000000000000000000000000000000000000000000000001111111111 2
2 0 599901 599906 2 14 4 12 -1 -1 2222222222000000000000000000000000000000000000000000000000000000000000000000000000000000000000000000000010000001111011111 2
1 0 599899 599906 16 12 12 8 11 13 2222202222000000200000000000000000000000000000000000000000000000000000000000000000000000000000000000000010000001111011111 2
2 0 599899 599905 0 12 4 16 -1 -1 2222202222000000200000000000000000000000000000000000000000000000000000000000000000000000000030000000001010000001111011110 2
1 0 599898 599905 14 12 10 12 9 15 0222202222000000202000000000000000000000000000000000000000000000000000000000000000000000000030000000001010000001111011110 2
2 0 599898 599904 3 11 5 13 -1 -1 0222202222000000202000000000000000000000000000000000000000000000000000030000000010000000000030000000001010000001111001110 2
1 0 599897 599904 13 13 9 17 -1 -1 0222202022000000202000000000020000000000000000000000000000000000000000030000000010000000000030000000001010000001111001110 2
2 0 599897 599903 2 12 6 12 -1 -1 0222202022000000202000000000020000000000000000000000000000000000000000031000000010000000000030000000001010000001101001110 2
1 0 599896 599903 13 9 9 13 -1 -1 0222002022000000202000000000020000000000200000000000000000000000000000031000000010000000000030000000001010000001101001110 2
2 0 599896 599903 3 13 7 13 -1 -1 0222002022000000202000000000020000000000200000000000000000000000000000131000000010000000000030000000001010000000101001110 2
1 0 599894 599903 12 12 6 10 -1 -1 0222002002000000202000000000020000000000200000000002000000000000000000131000000010000000000030000000001010000000101001110 2
2 0 599894 593759 4 12 12 12 -1 -1 0222002002000000202000000000020000000001200000000002000000000000000000131000000010000000000030000000001000000000101001110 2
1 0 599893 593759 14 14 12 16 -1 -1 0222002002000000002000000000020000000001200000000002000000000000000000131000000010000000000030000000001020000000101001110 2
2 0 599893 585981 3 15 4 14 -1 -1 0222002002000000002000000000020000000001200000000002000000000000000000131000000010000000000030000000001020100000101000110 2
1 0 599892 585981 13 15 11 17 -1 -1 0222002000000000022000000000020000000001200000000002000000000000000000131000000010000000000030000000001020100000101000110 2
2 0 599892 577722 4 16 10 18 -1 -1 0222002000000000022000000000020000000001200000000002000000000000000000131000000010000000000030100000001020100000100000110 2
1 0 599891 577722 11 17 9 19 -1 -1 0222002000000000020000000000020000000001200000000002000000000000000000131000000010020000000030100000001020100000100000110 2
2 0 599891 569610 5 13 7 15 -1 -1 0222002000000000020000000000020000000001200000000002000000000000000000131100000010020000000030000000001020100000100000110 2
1 0 599890 569610 10 12 6 16 -1 -1 0222002000000000020000000000000000000001200000000002200000000000000000131100000010020000000030000000001020100000100000110 2
2 0 599890 560398 1 13 2 12 -1 -1 0222002000000000020000000000000000000001201000000002200000000000000000131100000000020000000030000000001020100000100000110 2
1 0 599889 560398 15 13 14 14 -1 -1 0202202000000000020000000000000000000001201000000002200000000000000000131100000000020000000030000000001020100000100000110 2
2 0 599889 549278 6 12 12 14 -1 -1 0202202000000000020000000000000000000001201000000002200000000000000000131100000000020000000030000000001020100000100001100 2
1 0 599888 549278 15 11 14 10 -1 -1 0202202000000000020000000000000000000001001000000002200000000000000000131100000000020000000030000000001022100000100001100 2
2 0 599888 543080 1 11 7 17 -1 -1 0202202000000000020000000000000000000001001000000002200000000000000000131100000000020000000030000000001022100000100101000 2
1 0 599887 543080 14 10 13 9 -1 -1 0002202000000000020000000000000000000001001000000002220000000000000000131100000000020000000030000000001022100000100101000 2
2 0 599887 534866 7 17 8 16 -1 -1 0002202000000000020000000000000000000001001000000002220000000000000000131100000000020000000030000000001022100001100001000 2
1 0 599886 534866 13 9 11 15 -1 -1 0002202000000000020000000000000000000001001000000002200000000020000000131100000000020000000030000000001022100001100001000 2
2 0 599886 527974 8 16 10 14 -1 -1 0002202000000000020000000000000000000001001000000002200000000020000000131100000000020000000031000000001022100000100001000 2
1 0 599885 527974 14 14 13 15 -1 -1 0002202000000000020000000000000000000001001000000002200000000000000000131100000002020000000031000000001022100000100001000 2
2 0 599885 520632 3 9 7 17 -1 -1 0002202000000000020000000000000000000001001000000002200000000000000000131100000002020000000031000000001022100000101000000 2
1 0 599884 520632 13 15 11 17 -1 -1 0002200000000000020000000000000000000001001000000002220000000000000000131100000002020000000031000000001022100000101000000 2
2 0 599884 512100 12 14 14 12 -1 -1 0002200000000000020000000000000000000001001000000002220000000000000000131100000002020000000031100000001022100000100000000 2
1 0 599883 512100 13 11 12 10 -1 -1 0002200000000000020000000000000000000001001000000002220000000000000000131100000002020000000031100000001020100000100020000 2
2 0 599883 505130 12 12 13 13 -1 -1 0002200000000000020000000000000000000001001000000002220000000000000000131100000002020000000031100000001120100000000020000 2
1 0 599882 505130 12 10 11 11 -1 -1 0002200000000000020000000000000000000001001000000002220000000000000000131100000002020000000031100000001100100000020020000 2
2 0 599882 495127 7 13 8 14 -1 -1 0002200000000000020000000000000000000001001000000002220000000000000000131100000002020000000131100000001000100000020020000 2
1 0 599881 495127 12 8 11 7 -1 -1 0002200000000000020000000000000000000001001000000000220000000200000000131100000002020000000131100000001000100000020020000 2
2 0 599881 486654 14 12 13 11 -1 -1 0002200000000000020000000000000000000001001000000000220000000200000000131100000002020000010131100000000000100000020020000 2
1 0 599880 486654 11 11 10 12 -1 -1 0002200000000000020000000000000000000001001000000000220000000200000000131100000002020000010131100000000000100000220000000 2
2 0 599880 478712 8 14 14 12 -1 -1 0002200000000000020000000000000000000001001000000000220000000200000000131100000012020000010031100000000000100000220000000 2
1 0 599879 478712 10 12 8 18 -1 -1 0002200000000000020000000000000000000001001000000000220000000000000000131100000012020000010031100000000000100000220020000 2
2 0 599879 473197 2 12 3 13 -1 -1 0002200000000000020000000000000000000001001000000000220000000001000000131100000002020000010031100000000000100000220020000 2
1 0 599878 473197 9 17 7 19 -1 -1 0002000020000000020000000000000000000001001000000000220000000001000000131100000002020000010031100000000000100000220020000 2
2 0 599878 466450 7 15 8 14 -1 -1 0002000020000000020000000000000000000001001000000000221000000001000000130100000002020000010031100000000000100000220020000 2
1 0 599877 466450 9 13 5 17 -1 -1 0002000020000000020000000000000000000001001000000000021000000201000000130100000002020000010031100000000000100000220020000 2
2 0 599877 455558 8 14 12 14 -1 -1 0002000020000000020000000000000100000001001000000000021000000201000000030100000002020000010031100000000000100000220020000 2
1 0 599876 455558 11 15 9 17 -1 -1 0002000020000000020000000000000100000001001000000000021000000001000000030100000002020000010031100000000002100000220020000 2
2 0 599876 447021 12 14 13 15 -1 -1 0002000020000000020000000000000100000001001000000000021000000001000000031100000002020000010030100000000002100000220020000 2
1 0 599875 447021 12 16 11 15 -1 -1 0002000020000000020000000000000100000001001000000000021000000001000000031100000002020000010030100000000000100000222020000 2
2 0 599875 438705 10 14 14 10 -1 -1 0002000020000000020000000000000100000001001000000000021000000001000000031100000002020000010031100000000000000000222020000 2
1 0 599874 438705 11 7 10 6 -1 -1 0002000020000000020000000000000100000001001000000000021000000001000000031100000000020000010031100000000000000000222220000 2
2 0 599874 429177 10 18 14 14 -1 -1 0002000020000000020000000000000100000001001000000000021000000001000000031100010000020000000031100000000000000000222220000 2
1 0 599874 429177 11 15 10 14 -1 -1 0002000020000000020000000000000100000001001000000000021000000001000000031100010000000000000031100000000000000000222222000 2
2 0 599874 422918 7 17 8 16 -1 -1 0002000020000000020000000000000100000001001000000000021000000001000000031100010001000000000030100000000000000000222222000 2
1 0 599873 422918 9 19 5 15 -1 -1 0002000020000000020000000000000100000001001000000000001000000021000000031100010001000000000030100000000000000000222222000 2
2 0 599873 417766 4 14 5 13 -1 -1 0002000020000000020000000000001100000001001000000000001000000021000000031000010001000000000030100000000000000000222222000 2
1 0 599872 417766 6 16 2 12 -1 -1 0002000020000000000000000000021100000001001000000000001000000021000000031000010001000000000030100000000000000000222222000 2
2 0 599872 415239 2 10 8 20 -1 -1 0002100020000000000000000000021100000001000000000000001000000021000000031000010001000000000030100000000000000000222222000 2
1 0 599871 415239 9 17 7 15 -1 -1 0000100020000000000000000000021100000001000000000000001000000021200000031000010001000000000030100000000000000000222222000 2
2 0 599871 411526 3 13 4 14 -1 -1 0000100020000000000000000000021100000001000000000000101000000021200000030000010001000000000030100000000000000000222222000 2
1 0 599870 411526 5 15 1 11 -1 -1 0000100000000000020000000000021100000001000000000000101000000021200000030000010001000000000030100000000000000000222222000 2
2 0 599870 406158 5 13 5 15 -1 -1 0100100000000000020000000000020100000001000000000000101000000021200000030000010001000000000030100000000000000000222222000 2
1 0 599869 406158 8 18 4 18 -1 -1 0100100000000000020000000000002100000001000000000000101000000021200000030000010001000000000030100000000000000000222222000 2
2 0 599869 403447 4 14 12 14 -1 -1 0100100000000000020100000000002100000001000000000000101000000020200000030000010001000000000030100000000000000000222222000 2
1 0 599868 403447 11 17 10 18 -1 -1 0100100000000000000100000000002100000001000000000000101000000020200000030000010001000000000030100000000002000000222222000 2
2 0 599868 400137 5 15 6 16 -1 -1 0100100000000000000100000000002100000001000000000000101000000020200000030000010001010000000030000000000002000000222222000 2
1 0 599867 400137 10 6 9 5 -1 -1 0100100000000000000100000000000100000001002000000000101000000020200000030000010001010000000030000000000002000000222222000 2
2 0 599867 398128 6 16 10 12 -1 -1 0100100000000000000100000000000100000001002000000000101000000020201000030000000001010000000030000000000002000000222222000 2
1 0 599866 398128 10 18 9 19 -1 -1 0100100000000000000100000000000100000001000000000000101000000020201000030000000021010000000030000000000002000000222222000 2
2 0 599866 395051 8 16 9 17 -1 -1 0100100000000000000100000000000100000001000000000000101000000020201000030100000021000000000030000000000002000000222222000 2
1 0 599865 395051 10 14 6 14 -1 -1 0100100000000000000100000000000100000001000000000000101000000000201000032100000021000000000030000000000002000000222222000 2
2 0 599865 392297 8 20 12 12 -1 -1 0100100000000000000100000000000100000001010000000000101000000000201000032100000020000000000030000000000002000000222222000 2
1 0 599864 392297 7 15 5 13 -1 -1 0100100000000000000100000000000100000001010000000000101000000000001000032100000020000000000030000000000022000000222222000 2
2 0 599864 390827 9 17 11 11 -1 -1 0100100000000000000100000000010100000001010000000000001000000000001000032100000020000000000030000000000022000000222222000 2
1 0 599863 390827 6 14 4 12 -1 -1 0100100000000000000100000000010100000001010000000000001000000000001000030100000020000000000230000000000022000000222222000 2
2 0 599863 389655 10 12 12 10 -1 -1 0100100000000000100100000000010100000001000000000000001000000000001000030100000020000000000230000000000022000000222222000 2
1 0 599862 389655 5 13 1 13 -1 -1 0100100000000000100100000000010100000001000000000000001000000000001000030100000000000000000230000000000222000000222222000 2
2 0 599862 389002 11 11 15 11 -1 -1 0110100000000000100100000000000100000001000000000000001000000000001000030100000000000000000230000000000222000000222222000 2
1 0 599862 389002 9 5 8 4 -1 -1 0110100000000000100100000000000100000001000000000000001000000000001000030100000000000000000030000000000222000000222222200 2
2 0 599862 388468 13 15 15 13 -1 -1 0110100000000000100100000000000100000001000000000000001010000000000000030100000000000000000030000000000222000000222222200 2
1 0 599861 388468 9 19 8 20 -1 -1 0110100000000000100100000000000100000001000000000000001010000000000000030100000000000000000030000000000222000000220222220 2
2 0 599861 388037 12 10 13 9 -1 -1 0110100000000000100100000000000100000001000000000000001010000000100000030000000000000000000030000000000222000000220222220 2
1 0 599860 388037 8 20 4 16 -1 -1 0110100000000000100100000000000100000001000000000000001010000000100000030000000000000000000030000000000022000002220222220 2
2 0 599860 387679 12 14 13 15 -1 -1 0110100000000000101100000000000100000001000000000000001010000000000000030000000000000000000030000000000022000002220222220 2
1 0 599860 387679 5 17 3 15 -1 -1 0110100000000000101100000000000100000001000000000000001010000000000000030000000000000000000030000000000020000002222222220 2
2 0 599860 387283 14 10 16 12 -1 -1 0110100001000000101100000000000000000001000000000000001010000000000000030000000000000000000030000000000020000002222222220 2
1 0 599859 387283 4 16 0 12 -1 -1 0110100001000000101100000000000000000001000000000000001010000000000000030000000000000000000030000000000020000002222022222 2
2 0 599859 387092 12 12 14 10 -1 -1 1110100001000000100100000000000000000001000000000000001010000000000000030000000000000000000030000000000020000002222022222 2
