1322291297000
droptable
kingfish
1 0 591172 600000 13 11 12 10 -1 -1 2222222222000000000000000000000000000000000000000000000000000000000000000000000000000000000000000000000000000001111111111 2
2 0 591172 599902 2 14 4 12 -1 -1 2222222222000000000000000000000000000000000000000000000000000000000000000000000000000000000000000000000100000001011111111 2
1 0 575484 599902 14 10 12 12 -1 -1 2222202222000000200000000000000000000000000000000000000000000000000000000000000000000000000000000000000100000001011111111 2
2 0 575484 599901 0 12 4 16 -1 -1 2222202222000000200000000000000000000000000000000000000000000000000000000000000000000000000000000000000110000001011011111 2
1 0 566765 599901 13 9 11 11 -1 -1 0222202222000000202000000000000000000000000000000000000000000000000000000000000000000000000000000000000110000001011011111 2
2 0 566765 599900 3 11 5 13 -1 -1 0222202222000000202000000000000000000000000000000000000000000000000000000000000000000000000100000000000110000000011011111 2
1 0 556835 599900 15 13 11 13 -1 -1 0222202022000000202000000000020000000000000000000000000000000000000000000000000000000000000100000000000110000000011011111 2
2 0 556835 599899 2 12 6 12 -1 -1 0222202022000000202000000000020000000000000000000000000000000000000000000000000000000000000110000000000110000000011011101 2
1 0 540984 599899 12 12 10 10 -1 -1 0222002022000000202000000000020000000000200000000000000000000000000000000000000000000000000110000000000110000000011011101 2
2 0 540984 599898 3 13 7 13 -1 -1 0222002022000000202000000000020000000000200000000000000000000000000000000000000100000000000110000000000100000000011011101 2
1 0 529466 599898 10 10 9 9 -1 -1 0222002002000000202000000000020000000000200000000002000000000000000000000000000100000000000110000000000100000000011011101 2
2 0 529466 599714 4 12 8 12 -1 -1 0222002002000000202000000000020000000000200000000002000000000000000010000000000000000000000110000000000100000000011011101 2
1 0 518696 599714 14 14 8 8 -1 -1 0222002002000000002000000000020000000000200000000002000000002000000010000000000000000000000110000000000100000000011011101 2
2 0 518696 599713 5 13 9 13 -1 -1 0222002002000000002000000000020000000000200000000002000000102000000010000000000000000000000110000000000100000000011010101 2
1 0 505840 599713 16 12 10 10 -1 -1 0222002002000000002000000000000000000000200000000002000000102000000010200000000000000000000110000000000100000000011010101 2
2 0 505840 589993 6 12 12 14 -1 -1 0222002002000000002000000000000000000000200000000002000000102000000010200000000100000000000110000000000100000000011010100 2
1 0 497269 589993 13 15 7 9 -1 -1 0222002002000000002000000000000000000000000000000002000000102000000010200000000100000000000110000000000102000000011010100 2
2 0 497269 581515 7 13 13 11 -1 -1 0222002002000000002000000000000000000000000000000102000000102000000010200000000100000000000110000000000102000000010010100 2
1 0 490614 581515 12 10 6 8 -1 -1 0222002002000000002000000000000000000000000000000100000000102000000010200000000100000000000110000000000102000000210010100 2
2 0 490614 574321 8 12 16 12 -1 -1 0222002002000000002000000000000000000010000000000100000000102000000010200000000100000000000110000000000002000000210010100 2
1 0 485707 574321 14 12 10 8 -1 -1 0222002002000000002000000000000000000010000000000100000000100000000010200000000100000000000110000000000002000000210010102 2
2 0 485707 569572 12 14 14 12 -1 -1 0222002002000000002000000000000000000010000000000100000000100000000010200000001100000000000110000000000002000000210000102 2
1 0 482573 569572 13 13 12 12 -1 -1 0222002002000000002000000000000000000010000000000100000000100000000010200000001100000000000110000000000000000000210020102 2
2 0 482573 565932 9 13 10 12 -1 -1 0222002002000000002000000000000000000010000000000100000000100000000010200000001100000000000110000000000010000000200020102 2
1 0 473549 565932 6 8 5 9 -1 -1 0222002002000000002000000000000000000010000000000100000000100000000010000000001120000000000110000000000010000000200020102 2
2 0 473549 562073 3 9 4 10 -1 -1 0222002002000000002000000001000000000000000000000100000000100000000010000000001120000000000110000000000010000000200020102 2
1 0 465270 562073 10 8 8 10 -1 -1 0222000002000002002000000001000000000000000000000100000000100000000010000000001120000000000110000000000010000000200020102 2
2 0 465270 559674 4 10 4 8 -1 -1 0222000002000002002000000001000000000000000000000100000000110000000010000000000120000000000110000000000010000000200020102 2
1 0 458593 559674 8 10 4 10 -1 -1 0222000002000020002000000001000000000000000000000100000000110000000010000000000120000000000110000000000010000000200020102 2
2 0 458593 557374 1 11 5 11 -1 -1 0222000002000021002000000001000000000000000000000100000000100000000010000000000120000000000110000000000010000000200020102 2
1 0 450036 557374 8 8 6 10 -1 -1 0022000002000021002000000001200000000000000000000100000000100000000010000000000120000000000110000000000010000000200020102 2
2 0 450036 554042 1 13 2 12 -1 -1 0022000002000021002000000001200000000001000000000100000000000000000010000000000120000000000110000000000010000000200020102 2
1 0 438072 554042 9 9 8 10 -1 -1 0002200002000021002000000001200000000001000000000100000000000000000010000000000120000000000110000000000010000000200020102 2
2 0 438072 550023 4 16 5 15 -1 -1 0002200002000021002000000001200000000001000000000100000000010000000000000000000120000000000110000000000010000000200020102 2
1 0 432344 550023 11 11 9 13 -1 -1 0002200002000021000000000001202000000001000000000100000000010000000000000000000120000000000110000000000010000000200020102 2
2 0 432344 543428 14 12 13 13 -1 -1 0002200002000021000000000001202000000001000000000100000000010000000000100000000120000000000010000000000010000000200020102 2
1 0 429042 543428 15 11 14 12 -1 -1 0002200002000021000000000001202000000001000000000100000000010000000000100000000120000000000010000000000010000000220000102 2
2 0 429042 538821 2 10 6 14 -1 -1 0002200002000021000000000001202000000001000000000100000000010000000000100000000120000000000010000000000010000000220010002 2
1 0 423644 538821 14 12 12 10 -1 -1 0000200002000021000000000001202000000001020000000100000000010000000000100000000120000000000010000000000010000000220010002 2
2 0 423644 529847 10 12 14 12 -1 -1 0000200002000021000000000001202000000001020000000100000000010000000000100000000120000000000010000000000110000000220000002 2
1 0 413664 529847 12 12 8 12 -1 -1 0000200002000021000000000001202000000001020000000100000000010000000000100000000100000000000010000000000110000000220020002 2
2 0 413664 521464 5 15 11 9 -1 -1 0000200002000021000000000001202000000001020000000100000000011000000000100000000100000000000010000000000100000000220020002 2
1 0 405773 521464 11 13 10 12 -1 -1 0000200002000021000000000001200000000001020000000100000000011000000000100000000100000000002010000000000100000000220020002 2
2 0 405773 515839 3 15 4 14 -1 -1 0000200002000021000000000001200000000001020000000100000000011000000000100000000110000000002000000000000100000000220020002 2
1 0 399587 515839 4 10 3 9 -1 -1 0000200000000021020000000001200000000001020000000100000000011000000000100000000110000000002000000000000100000000220020002 2
2 0 399587 510608 2 12 3 13 -1 -1 0000201000000020020000000001200000000001020000000100000000011000000000100000000110000000002000000000000100000000220020002 2
1 0 396646 510608 10 12 9 11 -1 -1 0000001020000020020000000001200000000001020000000100000000011000000000100000000110000000002000000000000100000000220020002 2
2 0 396646 506390 3 13 7 13 -1 -1 0000001020000020020000000001200000000001020000000100000000011000000001100000000100000000002000000000000100000000220020002 2
1 0 391457 506390 12 10 8 14 -1 -1 0000001000000020020000000001200000000001020000000102000000011000000001100000000100000000002000000000000100000000220020002 2
2 0 391457 503244 4 14 5 13 -1 -1 0000001000000020020000000001200000000001020000000102000000011100000001100000000100000000002000000000000000000000220020002 2
1 0 388482 503244 8 14 4 14 -1 -1 0000001000000020000000000001220000000001020000000102000000011100000001100000000100000000002000000000000000000000220020002 2
2 0 388482 500522 4 8 4 10 -1 -1 0000001000000020010000000001220000000001020000000102000000011000000001100000000100000000002000000000000000000000220020002 2
1 0 383576 500522 5 9 3 11 -1 -1 0000001000000002010000000001220000000001020000000102000000011000000001100000000100000000002000000000000000000000220020002 2
2 0 383576 495946 4 10 12 10 -1 -1 0000001100000002010000000000220000000001020000000102000000011000000001100000000100000000002000000000000000000000220020002 2
1 0 381104 495946 8 10 2 12 -1 -1 0000001100000000010000000000220000000001020000000102000000011000000001100000000100000000002000000000000200000000220020002 2
2 0 381104 490410 5 13 7 11 -1 -1 0000101100000000010000000000220000000001020000000102000000001000000001100000000100000000002000000000000200000000220020002 2
1 0 378094 490410 2 12 1 11 -1 -1 0000101100000000010000000000200000000001020000000122000000001000000001100000000100000000002000000000000200000000220020002 2
2 0 378094 486618 5 11 6 12 -1 -1 0100001100000000010000000000200000000001020000000122000000001000000001100000000100000000002000000000000200000000220020002 2
1 0 376819 486618 7 9 5 11 -1 -1 0100001100000000010000000000000000000001220000000122000000001000000001100000000100000000002000000000000200000000220020002 2
2 0 376819 483729 6 12 10 12 -1 -1 0100001100000000010000000000100000000001220000000022000000001000000001100000000100000000002000000000000200000000220020002 2
1 0 375733 483729 6 10 0 12 -1 -1 0100001100000000010000000000100000000001020000000022000000001000000001100000000120000000002000000000000200000000220020002 2
2 0 375733 479034 12 10 13 9 -1 -1 1100001100000000010000000000100000000000020000000022000000001000000001100000000120000000002000000000000200000000220020002 2
1 0 373425 479034 3 9 2 10 -1 -1 1100001100000000010000000000100000000000020000000022000000001000000001100000000120000000002000000000000000000002220020002 2
2 0 373425 475461 10 12 12 10 -1 -1 1101000100000000010000000000100000000000020000000022000000001000000001100000000120000000002000000000000000000002220020002 2
1 0 372307 475461 10 10 9 9 -1 -1 1101000100000000010000000000100000000000020000000022000000001000000001100000000100000000002000000000000200000002220020002 2
2 0 372307 471824 6 14 7 15 -1 -1 1101000100000000010000000000100000000000020000000022000000001000000011100000000000000000002000000000000200000002220020002 2
1 0 370914 471824 9 9 8 10 -1 -1 1101000100000000010000000000100000000000000000000022200000001000000011100000000000000000002000000000000200000002220020002 2
2 0 370914 470496 7 11 9 9 -1 -1 1101000100000000010000000000100000000000000000000022200000011000000001100000000000000000002000000000000200000002220020002 2
1 0 367495 470496 9 11 7 9 -1 -1 1101000100000000010000000000100000000000000000000002200000011000000021100000000000000000002000000000000200000002220020002 2
2 0 367495 466527 9 9 10 10 -1 -1 1101000100000000010000000000100000000000000000000102200000011000000020100000000000000000002000000000000200000002220020002 2
1 0 366534 466527 9 13 7 11 -1 -1 1101000100000000010000000000100000000000000000000102200000011000000000100000000200000000002000000000000200000002220020002 2
2 0 366534 464979 10 10 14 14 -1 -1 1101000100000000010000000000100000000000000000000112200000011000000000000000000200000000002000000000000200000002220020002 2
1 0 363503 464979 8 10 2 12 -1 -1 1101000100000000010000000000100000000000000000000112200000011000000000000000000000000000002000000000000200000002220022002 2
2 0 363503 463734 7 13 9 11 -1 -1 1101100100000000010000000000100000000000000000000112200000001000000000000000000000000000002000000000000200000002220022002 2
1 0 361749 463734 8 12 6 10 -1 -1 1101100100000000010000000000100000000000000000000110200000001000000002000000000000000000002000000000000200000002220022002 2
2 0 361749 462326 7 15 7 13 -1 -1 1101100100000000010000000000100000000001000000000110200000000000000002000000000000000000002000000000000200000002220022002 2
1 0 359062 462326 7 11 3 15 -1 -1 1101100100000000010000000000100000000001000000000112000000000000000002000000000000000000002000000000000200000002220022002 2
2 0 359062 461283 7 13 8 12 -1 -1 1101100101000000010000000000100000000001000000000102000000000000000002000000000000000000002000000000000200000002220022002 2
1 0 349870 461283 6 10 2 14 -1 -1 1101100101000000010000000000100000000001000000000100000000002000000002000000000000000000002000000000000200000002220022002 2
2 0 349870 460205 8 12 14 10 -1 -1 1101110101000000010000000000100000000000000000000100000000002000000002000000000000000000002000000000000200000002220022002 2
1 0 346934 460205 3 11 1 13 -1 -1 1101110101000000010000000000100000000000000000000100000000000000000002000000000000000000002000000000000200000002220222002 2
2 0 346934 459239 13 11 13 15 -1 -1 1111110001000000010000000000100000000000000000000100000000000000000002000000000000000000002000000000000200000002220222002 2
1 0 346909 459239 4 14 3 13 -1 -1 1111110001000000010000000000100000000000000000000100000000000000000002000000000000000000002000000000000200000002022222002 2
2 0 346909 458524 9 11 10 12 -1 -1 1111110011000000000000000000100000000000000000000100000000000000000002000000000000000000002000000000000200000002022222002 2
1 0 346871 458524 5 11 4 10 -1 -1 1111110011000000000000000000100000000000000000000100000000000000000000000000000020000000002000000000000200000002022222002 2
2 0 346871 457892 10 12 11 13 -1 -1 1111110011000001000000000000000000000000000000000100000000000000000000000000000020000000002000000000000200000002022222002 2
1 0 346771 457892 7 9 6 10 -1 -1 1111110011000001000000000000000000000000000000000100000000000000000000000000000000000000002020000000000200000002022222002 2
2 0 346771 457016 11 9 13 11 -1 -1 1111110011000001000000000000000000000001000000000000000000000000000000000000000000000000002020000000000200000002022222002 2
1 0 346613 457016 6 10 5 11 -1 -1 1111110011000001000000000000000000000001000000000000000000000000000000000000000000000000000020000000000200000002222222002 2
2 0 346613 456772 11 13 12 12 -1 -1 1111110011000001000000000000100000000000000000000000000000000000000000000000000000000000000020000000000200000002222222002 2
1 0 346574 456772 4 10 3 11 -1 -1 1111110011000001000000000000100000000000000000000000000000000000000000000000000000000000000000000000000220000002222222002 2
2 0 346574 456425 13 11 15 13 -1 -1 1111110111000000000000000000100000000000000000000000000000000000000000000000000000000000000000000000000220000002222222002 2
1 0 346554 456425 5 11 4 12 -1 -1 1111110111000000000000000000100000000000000000000000000000000000000000000000000000000000000000000000000220000002022222022 2
2 0 346554 456306 12 10 13 11 -1 -1 1111110111000000100000000000000000000000000000000000000000000000000000000000000000000000000000000000000220000002022222022 2
1 0 346526 456306 4 12 4 14 -1 -1 1111110111000000100000000000000000000000000000000000000000000000000000000000000000000000000000000000000020000002222222022 2
2 0 346526 456147 13 13 15 11 -1 -1 1111110111000000010000000000000000000000000000000000000000000000000000000000000000000000000000000000000020000002222222022 2
1 0 312538 456147 4 14 4 16 -1 -1 1111110111000000010000000000000000000000000000000000000000000000000000000000000000000000000000000000000020000002202222222 2
2 0 312538 456024 12 12 13 13 -1 -1 1111110111000000001000000000000000000000000000000000000000000000000000000000000000000000000000000000000020000002202222222 2
