1322295186000
benny
kingfish
1 0 599913 600000 14 12 12 10 -1 -1 2222222222000000000000000000000000000000000000000000000000000000000000000000000000000000000000000000000000000001111111111 2
2 0 599913 599915 2 14 4 12 -1 -1 2222222222000000000000000000000000000000000000000000000000000000000000000000000000000000000000000000000100000001111101111 2
1 0 599911 599915 14 14 12 16 -1 -1 2222202222000000200000000000000000000000000000000000000000000000000000000000000000000000000000000000000100000001111101111 2
2 0 599911 599914 0 12 4 16 -1 -1 2222202222000000200000000000000000000000000000000000000000000000000000000000000000000000000000000000000100100001111100111 2
1 0 599910 599914 16 12 12 8 -1 -1 0222202222000000202000000000000000000000000000000000000000000000000000000000000000000000000000000000000100100001111100111 2
2 0 599910 599913 2 12 4 10 -1 -1 0222202222000000202000000000000000000000000000000000000000000000000000000000000000000000000000000000001100100001111100110 2
1 0 599909 599913 14 10 12 12 -1 -1 0222002222000002202000000000000000000000000000000000000000000000000000000000000000000000000000000000001100100001111100110 2
2 0 599909 599912 3 9 5 11 -1 -1 0222002222000002202000000000000000000000000000000000000000000000000000000000000000000000000000000000001110100001111000110 2
1 0 599908 599912 13 9 11 7 6 12 0222000222000002202000000000200000000000000000000000000000000000000000000000000000000000000000000000001110100001111000110 2
2 0 599908 599911 1 11 3 9 -1 -1 0222000222000002202000000000200000000000300000000000000000000000000000000000000000000000010000000000001110100000111000110 2
1 0 599906 599911 13 15 11 17 7 11 0022002222000002202000000000200000000000300000000000000000000000000000000000000000000000010000000000001110100000111000110 2
2 0 599906 599695 4 12 8 12 -1 -1 0022002222000002202000000000200000000000300000000030000000000000000000000000000000000000010000100000001110100000110000110 2
1 0 599904 599695 13 13 11 11 -1 -1 0022002222000002002000000000200000000000300000000030000000002000000000000000000000000000010000100000001110100000110000110 2
2 0 599904 599694 2 10 6 14 -1 -1 0022002222000002002000000000200000000000300000000030000000002000000000000000000000000000010100100000001110100000100000110 2
1 0 599903 599694 13 11 11 5 -1 -1 0020002222000002002000000000200000000000320000000030000000002000000000000000000000000000010100100000001110100000100000110 2
2 0 599903 599693 3 11 7 15 -1 -1 0020002222000002002000000000200000000000320000000030000000002000000000000000000000000000110100100000001110100000000000110 2
1 0 599902 599693 12 8 10 6 -1 -1 0020002022000002002000000000200000000000320000000030200000002000000000000000000000000000110100100000001110100000000000110 2
2 0 599902 599692 5 11 9 11 -1 -1 0020002022000002002000000000200000000000320000000030200000002000000000000000010000000000110100100000000110100000000000110 2
1 0 599901 599692 12 10 6 16 -1 -1 0020002022000002002000000000000000000000320000000030200000002000000002000000010000000000110100100000000110100000000000110 2
2 0 599901 591488 7 15 8 14 -1 -1 0020002022000002002000000000000000000000321000000030200000002000000002000000010000000000110100100000000010100000000000110 2
1 0 599900 591488 12 12 10 10 -1 -1 0020002022000002002000000000000000000000321000000030000000002200000002000000010000000000110100100000000010100000000000110 2
2 0 599900 584196 3 15 9 9 -1 -1 0020002022000002002000000000000000000000321000000030000000002200000002000000010100000000110100100000000000100000000000110 2
1 0 599899 584196 12 16 10 18 -1 -1 0020002020000002002000000000000000000000321000000030000000002200000022000000010100000000110100100000000000100000000000110 2
2 0 599899 578776 4 16 5 17 -1 -1 0020002020000002002000000000000000000000321000000030000000002200000022000000010100010000110100100000000000000000000000110 2
1 0 599898 578776 11 7 9 5 -1 -1 0020002020000002000000000000000200000000321000000030000000002200000022000000010100010000110100100000000000000000000000110 2
2 0 599898 574054 5 17 9 13 -1 -1 0020002020000002000000000000000200000000321000000030000000002200001022000000010100010000100100100000000000000000000000110 2
1 0 599897 574054 11 5 9 3 -1 -1 0020002020000002000000000000000000000000321000000030000000002200001022200000010100010000100100100000000000000000000000110 2
2 0 599897 570308 3 9 7 13 -1 -1 0020002020000002000000000000000000000000321000000030000000002200011022200000010100010000000100100000000000000000000000110 2
1 0 599897 570308 11 17 9 19 -1 -1 0020000020000002000000000000000000000000321000000032000000002200011022200000010100010000000100100000000000000000000000110 2
2 0 599897 565340 8 14 12 10 -1 -1 0020000020000002000000000000000000000000321000000032000000002200011022200100010100010000000100000000000000000000000000110 2
1 0 599896 565340 10 10 8 8 -1 -1 0020000020000002000000000000000000000000321000000032000000002000011022200100010100010000000100000000000200000000000000110 2
2 0 599896 560784 8 12 12 8 -1 -1 0020000020000002000000000000000000000000321000000032000000102000011022200100010000010000000100000000000200000000000000110 2
1 0 599895 560784 10 6 8 4 -1 -1 0020000020000002000000000000000000000000321000000032000000100000011022200100010000010000000100000000002200000000000000110 2
2 0 599895 554036 6 14 10 10 -1 -1 0020000020000002000000000000000000000000321000000032000010100000011022200100000000010000000100000000002200000000000000110 2
1 0 599894 554036 10 18 8 20 -1 -1 0020000020000002000000000000000000000000301000000032000010100000011022200100000200010000000100000000002200000000000000110 2
2 0 599894 550332 9 11 13 11 -1 -1 0020000020000002000000000000000000000000301000000032000010100000111022200100000200000000000100000000002200000000000000110 2
1 0 599894 550332 9 3 7 5 -1 -1 0020000020000002000000000000000000000000301000000032000010100000111020200100000200000000000100000000002200000000200000110 2
2 0 599894 543678 4 10 4 12 -1 -1 0020000020000002000000000000000000000000301000010032000010100000101020200100000200000000000100000000002200000000200000110 2
1 0 599894 543678 9 5 7 7 -1 -1 0020000020000000200000000000000000000000301000010032000010100000101020200100000200000000000100000000002200000000200000110 2
2 0 599894 536133 7 13 11 9 -1 -1 0020000020000000200000000000000000000000301000011032000010100000100020200100000200000000000100000000002200000000200000110 2
1 0 599893 536133 8 8 6 6 -1 -1 0020000020000000200000000000000000000000301000011030000010100000100020200100000200000000002100000000002200000000200000110 2
2 0 599893 532273 3 13 5 11 -1 -1 0020000020000000200000000000000000000100301000011030000010000000100020200100000200000000002100000000002200000000200000110 2
1 0 599882 532273 7 5 5 7 -1 -1 0020000000000000200000000000200000000100301000011030000010000000100020200100000200000000002100000000002200000000200000110 2
2 0 599882 527907 4 12 10 14 -1 -1 0020000000000000200000000010200000000100301000001030000010000000100020200100000200000000002100000000002200000000200000110 2
1 0 599881 527907 7 7 5 9 -1 -1 0020000000000000000000000010200000000100301000001030000010000000100020200100000202000000002100000000002200000000200000110 2
2 0 599881 523180 5 11 6 10 -1 -1 0020000000000000000000000011200000000100301000000030000010000000100020200100000202000000002100000000002200000000200000110 2
1 0 599881 523180 6 6 4 8 -1 -1 0020000000000000000000000011000000000102301000000030000010000000100020200100000202000000002100000000002200000000200000110 2
2 0 599881 515765 10 14 11 15 -1 -1 0020000000000010000000000011000000000002301000000030000010000000100020200100000202000000002100000000002200000000200000110 2
1 0 599880 515765 5 7 3 9 -1 -1 0020000000000010000000000011000000000002301000000030000010000000100020200100000200000000002102000000002200000000200000110 2
2 0 599880 511795 6 10 12 16 -1 -1 0020001000000010000000000001000000000002301000000030000010000000100020200100000200000000002102000000002200000000200000110 2
1 0 599879 511795 4 8 2 10 -1 -1 0020001000000010000000000001000000000000301000000030000010000000100020200100000200000000002102000000002200200000200000110 2
2 0 599879 506589 10 10 16 12 -1 -1 0021001000000000000000000001000000000000301000000030000010000000100020200100000200000000002102000000002200200000200000110 2
1 0 599878 506589 3 9 1 11 -1 -1 0021001000000000000000000001000000000000301000000030000010000000100020200100000000000000002102000000002200200000200000112 2
2 0 599878 502305 11 9 13 15 -1 -1 0121000000000000000000000001000000000000301000000030000010000000100020200100000000000000002102000000002200200000200000112 2
1 0 599877 502305 2 10 0 12 -1 -1 0121000000000000000000000001000000000000301000000030000010000000100020200100000000000000000102000000002200200000202000112 2
2 0 599877 498406 12 8 13 9 -1 -1 1120000000000000000000000001000000000000301000000030000010000000100020200100000000000000000102000000002200200000202000112 2
1 0 599877 498406 15 11 14 10 -1 -1 1120000000000000000000000001000000000000301000000030000010000000100020200100000000000000000102000000000200200002202000112 2
2 0 599877 496053 9 9 10 10 -1 -1 1120000000000000000000000001000000000000301000000030000010000000100020200100000000000000000102000000000200200002202100012 2
1 0 599876 496053 14 10 12 8 -1 -1 1120000000000000000000000001000000000000301000000030000010000000100000200100000200000000000102000000000200200002202100012 2
2 0 599876 493119 10 10 14 10 -1 -1 1120000000000000000000000001000000000000301000000030000010000000100000200100000200000000000102000000001200200002202000012 2
1 0 599876 493119 12 8 10 10 -1 -1 1120000000000000000000000001000000000000301000000030000010000000100000200100000000000000000102000000001200200002202200012 2
2 0 599876 490683 1 13 2 12 -1 -1 1120000000000000000000000001000000000000301000000030000010000000100000200100000100000000000102000000000200200002202200012 2
1 0 599875 490683 11 11 9 9 -1 -1 1100200000000000000000000001000000000000301000000030000010000000100000200100000100000000000102000000000200200002202200012 2
2 0 599875 483946 12 10 14 12 -1 -1 1100200000000000000000000001000000000000301000000030000010000000100010200100000100000000000002000000000200200002202200012 2
1 0 599874 483946 10 10 8 8 -1 -1 1100200000000000000000000001000000000000301000000030000010000000100010200100000100000000000002000000000000200002202220012 2
2 0 599874 481320 12 16 12 14 -1 -1 1100200000000000000000000001000000000000301000000030000010100000100010200100000000000000000002000000000000200002202220012 2
1 0 599874 481320 9 9 7 7 -1 -1 1100200000000000000000000001000000000000301000000030000010100000100010200100000000000000000002000000000002000002202220012 2
2 0 599874 478947 9 13 10 14 -1 -1 1100200000000000000000000001000000000000301000001030000010100000100000200100000000000000000002000000000002000002202220012 2
1 0 599873 478947 8 8 6 6 -1 -1 1100200000000000000000000001000000000000301000001030000010100000100000000100000002000000000002000000000002000002202220012 2
2 0 599873 477243 10 14 14 14 -1 -1 1100200000000000000000000001000000000100301000001030000010000000100000000100000002000000000002000000000002000002202220012 2
1 0 599868 477243 9 19 7 21 -1 -1 1100200000000000000000000001000000000100301000001030000010000000100000000100000000000000000002000000000002000002202222012 2
2 0 599868 476390 11 15 15 11 -1 -1 1100200000000000000000000001000000000100301000001030000110000000100000000000000000000000000002000000000002000002202222012 2
1 0 599868 476390 8 20 7 19 -1 -1 1100200000000000000000000001000000000100301000001030000110000000100000000000000000000000000000000000000002000002202222212 2
2 0 599868 476128 12 14 13 13 -1 -1 1100200000000000000000000001000000000100301000001030001110000000000000000000000000000000000000000000000002000002202222212 2
