1322295483000
kingfish
eigenbot
1 0 599844 600000 14 10 12 12 -1 -1 2222222222000000000000000000000000000000000000000000000000000000000000000000000000000000000000000000000000000001111111111 2
2 0 599844 591874 3 11 4 10 -1 -1 2222222222000000000000000000000000000000000000000000000000000000000000000000000000000000000000000000000010000001111011111 2
1 0 599842 591874 16 12 12 8 -1 -1 2222222022000002000000000000000000000000000000000000000000000000000000000000000000000000000000000000000010000001111011111 2
2 0 599842 584079 3 9 5 11 -1 -1 2222222022000002000000000000000000000000000000000000000000000000000000000000000000000000000000000000001010000001111011110 2
1 0 599829 584079 13 13 11 11 -1 -1 2222220022000002000000000000200000000000000000000000000000000000000000000000000000000000000000000000001010000001111011110 2
2 0 599829 576247 2 14 6 10 -1 -1 2222220022000002000000000000200000000000000000000000000000000000000000000000000000000000000100000000001010000001101011110 2
1 0 599828 576247 14 12 10 12 -1 -1 2222200022000002000000000000200000000002000000000000000000000000000000000000000000000000000100000000001010000001101011110 2
2 0 599828 568430 1 13 5 13 -1 -1 2222200022000002000000000000200000000002000000000000000000000000000000000000000010000000000100000000001010000001101001110 2
1 0 599820 568430 13 11 9 11 -1 -1 2202200022000002000000000000220000000002000000000000000000000000000000000000000010000000000100000000001010000001101001110 2
2 0 599820 560715 3 15 3 11 -1 -1 2202200022000002000000000000220000000002000000000000000000000000000001000000000010000000000100000000001010000001001001110 2
1 0 599634 560715 12 12 8 12 -1 -1 2202200220000002000000000000220000000002000000000000000000000000000001000000000010000000000100000000001010000001001001110 2
2 0 599634 553079 2 10 6 14 -1 -1 2202200220000002000000000000220000000002000000000000000000001000000001000000000010000000000100000000001000000001001001110 2
1 0 593086 553079 11 11 5 9 -1 -1 2200200220000002000000000000220000000002020000000000000000001000000001000000000010000000000100000000001000000001001001110 2
2 0 593086 545601 0 12 4 12 -1 -1 2200200220000002000000000001220000000002020000000000000000001000000001000000000010000000000000000000001000000001001001110 2
1 0 590105 545601 9 11 5 15 -1 -1 0200200220000002200000000001220000000002020000000000000000001000000001000000000010000000000000000000001000000001001001110 2
2 0 590105 538413 6 14 6 12 -1 -1 0200200220000002200000000001221000000002020000000000000000001000000000000000000010000000000000000000001000000001001001110 2
1 0 586486 538413 13 9 11 7 -1 -1 0200200220000002200000000001221000000002200000000000000000001000000000000000000010000000000000000000001000000001001001110 2
2 0 586486 531273 5 11 11 13 -1 -1 0200200220000002200000000001221000000002200000000000000000001000000000000000000010000000010000000000001000000000001001110 2
1 0 584060 531273 5 15 3 9 -1 -1 0200200220000002200000000001021000000002200000000000000000001000000000000000000010000000010020000000001000000000001001110 2
2 0 584060 524332 3 13 9 11 -1 -1 0200201220000002200000000001020000000002200000000000000000001000000000000000000010000000010020000000001000000000001001110 2
1 0 581828 524332 10 12 8 14 -1 -1 0200201200000002200000000001020000000002200000000000000000001000000002000000000010000000010020000000001000000000001001110 2
2 0 581828 517713 5 13 9 13 -1 -1 0200201200000002200000000001020000000002200000000000000000001100000002000000000000000000010020000000001000000000001001110 2
1 0 579888 517713 12 8 10 6 -1 -1 0200201200000002200000000001000000000002200000000000000000001100000002200000000000000000010020000000001000000000001001110 2
2 0 579888 511303 11 13 12 12 -1 -1 0200201200000002200000000001000000000002200000000000000000001100000002200000010000000000010020000000000000000000001001110 2
1 0 578020 511303 11 7 9 5 -1 -1 0200201200000002200000000001000000000002200000000000000000001100000002200000010000000000010000000000000020000000001001110 2
2 0 578020 504948 1 11 9 15 -1 -1 0200201200000002200000000001000000000002200000000000000000001100001002200000010000000000000000000000000020000000001001110 2
1 0 575503 504948 10 6 8 4 -1 -1 0000201200000002200000000001000000000002200000000000000000001100001002220000010000000000000000000000000020000000001001110 2
2 0 575503 498896 2 12 3 13 -1 -1 0000201200000002200000000001000000000002200000000000000010001100001002220000000000000000000000000000000020000000001001110 2
1 0 571075 498896 9 5 7 3 -1 -1 0000001220000002200000000001000000000002200000000000000010001100001002220000000000000000000000000000000020000000001001110 2
2 0 571075 493085 9 11 9 9 -1 -1 0000001220000002200000000001000000000002200000100000000010001100000002220000000000000000000000000000000020000000001001110 2
1 0 568187 493085 8 4 6 2 -1 -1 0000001220000002200000000001000000000002200000100000000010001100000020220000000000000000000000000000000020000000001001110 2
2 0 568187 487406 3 11 7 11 -1 -1 0000001220000002200000000001000000010002200000100000000000001100000020220000000000000000000000000000000020000000001001110 2
1 0 566284 487406 5 9 3 11 -1 -1 0000001020000002200000000001000000010002200000100020000000001100000020220000000000000000000000000000000020000000001001110 2
2 0 566284 481963 9 13 10 12 -1 -1 0000001120000002200000000000000000010002200000100020000000001100000020220000000000000000000000000000000020000000001001110 2
1 0 563808 481963 7 3 5 1 -1 -1 0000001120000002200000000000000000010002200000100020000000001100000020020000000020000000000000000000000020000000001001110 2
2 0 563808 476589 3 13 11 13 -1 -1 0000001120000002200000010000000000010002200000000020000000001100000020020000000020000000000000000000000020000000001001110 2
1 0 560262 476589 6 2 4 0 -1 -1 0000001100000002200000010000000000010002200000000020000000001100000020020000000020000000000020000000000020000000001001110 2
2 0 560262 471490 4 10 5 11 -1 -1 0000001100100002200000010000000000000002200000000020000000001100000020020000000020000000000020000000000020000000001001110 2
1 0 553544 471490 14 14 13 13 -1 -1 0000001100100000200000010000200000000002200000000020000000001100000020020000000020000000000020000000000020000000001001110 2
2 0 553544 466514 6 12 10 8 -1 -1 0000001100100000200000010000200000000002200000000020000000001100000020020000000020000000000020000000000020000000011000110 2
1 0 545850 466514 8 14 2 12 -1 -1 0000001100100000200000010000200000000002000000000020000000001100000020020000002020000000000020000000000020000000011000110 2
2 0 545850 461634 5 11 11 9 -1 -1 0000101100100000200000010000200000000002000000000020000000001000000020020000002020000000000020000000000020000000011000110 2
1 0 537467 461634 13 13 11 11 -1 -1 0000101100100000200000010000000000000002000000000020000000001000000020020000002020000000002020000000000020000000011000110 2
2 0 537467 457002 4 12 5 11 -1 -1 0000101100100000200000010000000000000002000000000020000000001000000020020000002020000000002120000000000020000000001000110 2
1 0 530114 457002 13 15 12 14 -1 -1 0000101100100000000000010000200000000002000000000020000000001000000020020000002020000000002120000000000020000000001000110 2
2 0 530114 452596 9 15 10 14 -1 -1 0000101100100000000000010000200000000002000000000020000000001000000020020000002020000000002120000000000021000000000000110 2
1 0 523496 452596 8 12 7 13 -1 -1 0000101100100000000000010000200000000002000000000020000000001000000020000000002022000000002120000000000021000000000000110 2
2 0 523496 448430 5 11 7 9 -1 -1 0000101100100000000000010000200000000002000000000021000000000000000020000000002022000000002120000000000021000000000000110 2
1 0 519272 448430 15 13 14 12 -1 -1 0000101100100000000000010000000000000002000000000221000000000000000020000000002022000000002120000000000021000000000000110 2
2 0 519272 444332 10 14 11 15 -1 -1 0000101100100000000000010000000000000002000000000221000000000000000020000000002022000000002120000000000021000000000010100 2
1 0 513385 444332 15 11 13 13 -1 -1 0000101100100000000000010000000000000002000000000221000000000000000020000000002020000000002122000000000021000000000010100 2
2 0 513385 440299 7 9 8 8 -1 -1 0000101100100000000000010000000000000002000000000221000000000000000020000000002020000000002122000000000021000000010010000 2
1 0 506616 440299 11 11 10 10 -1 -1 0000101100100000000000010000000000000002000000000021000000200000000020000000002020000000002122000000000021000000010010000 2
2 0 506616 436252 12 12 14 10 -1 -1 0000101100100000000000010000000000000002000000000021000000200000000020000000002120000000002022000000000021000000010010000 2
1 0 497858 436252 12 14 10 16 -1 -1 0000101100100000000000010000000000000002000000000021000000200000000020000000002120000000002022000000000001000000010210000 2
2 0 497858 432173 6 10 8 12 -1 -1 0000101100100000000000010000000000000002000000000021000000200000000020000000002120100000002022000000000000000000010210000 2
1 0 490818 432173 10 16 9 15 -1 -1 0000101100100000000000010000000000000000000000000021000000202000000020000000002120100000002022000000000000000000010210000 2
2 0 490818 428430 10 8 12 14 -1 -1 0000101100100000000000010000000000000000000000000021000000202000000020010000002120000000002022000000000000000000010210000 2
1 0 477677 428430 14 12 14 14 -1 -1 0000101100100000000000010000000000000000000000000021000000202000000020010000000120000000002022000000000002000000010210000 2
2 0 477677 424655 7 11 9 13 -1 -1 0000101100100000000000010000000000000000000000000021000000202000000020010000000120000000002022000000000002000000010201000 2
1 0 470301 424655 14 14 10 14 -1 -1 0000101100100000000000010000000000000000000000000001000000202000000020210000000120000000002022000000000002000000010201000 2
2 0 470301 421051 9 13 11 11 -1 -1 0000101100100000000000010000000000000000000000000001000000202000000020210000000121000000002022000000000002000000010200000 2
1 0 463527 421051 10 14 8 16 -1 -1 0000101100100000000000010000000000000000000000000001000000202000000020010000000121000000002222000000000002000000010200000 2
2 0 463527 417503 14 10 14 12 -1 -1 0000101100100000000000010000000000000000000000000001000000202010000020010000000120000000002222000000000002000000010200000 2
1 0 457435 417503 7 13 6 12 -1 -1 0000101100100000000000010000000000000000000000000001000000202010000020010000000120000000002222000000000002000000010020000 2
2 0 457435 414207 11 13 15 13 -1 -1 0000101100100000000000010000000000000000100000000000000000202010000020010000000120000000002222000000000002000000010020000 2
1 0 447681 414207 8 16 7 15 -1 -1 0000101100100000000000010000000000000000100000000000000000202010000020010000000120000000002202000000000002000000010020020 2
2 0 447681 411047 8 12 9 11 -1 -1 0000101100100000000000010000000000000000100000000000100000202000000020010000000120000000002202000000000002000000010020020 2
1 0 441320 411047 10 10 8 16 -1 -1 0000101100100000000000010000000000000000100000000000100000200000000022010000000120000000002202000000000002000000010020020 2
2 0 441320 408262 9 11 13 11 -1 -1 0000101100100000000000010000000000000000100000000000100000200010000022010000000020000000002202000000000002000000010020020 2
1 0 435903 408262 9 15 5 11 -1 -1 0000101100100000000000010000000000000000100000000000100000200010000020010000000020000000002202000000000002000000210020020 2
2 0 435903 405696 11 9 12 8 -1 -1 0000101100100000000000010000100000000000100000000000100000200010000020000000000020000000002202000000000002000000210020020 2
1 0 432139 405696 13 13 12 12 -1 -1 0000101100100000000000010000100000000000100000000000100000200010000020000000000020000000000202000000002002000000210020020 2
2 0 432139 403147 8 8 10 10 -1 -1 0000101100100000000000010000100000000000100000000000100000200010000020000000000020000000000202000000002012000000200020020 2
1 0 427010 403147 8 16 2 14 -1 -1 0000101100100000000000010000100000000000100000000000100000000010000020000000000220000000000202000000002012000000200020020 2
2 0 427010 400698 9 9 10 8 -1 -1 0000111100100000000000010000100000000000100000000000100000000000000020000000000220000000000202000000002012000000200020020 2
1 0 422307 400698 7 15 6 14 -1 -1 0000111100100000000000010000100000000000100000000000100000000000000000000000002220000000000202000000002012000000200020020 2
2 0 422307 398332 10 8 11 9 -1 -1 0000111100100000000000010000100000000000110000000000000000000000000000000000002220000000000202000000002012000000200020020 2
1 0 420167 398332 2 12 1 11 -1 -1 0000111100100000000000010000100000000000110000000000000000000000000000000000000220000000002202000000002012000000200020020 2
2 0 420167 396099 11 15 15 11 -1 -1 0100011100100000000000010000100000000000110000000000000000000000000000000000000220000000002202000000002012000000200020020 2
1 0 417551 396099 6 14 0 12 -1 -1 0100011100100000000000010000100000000000110000000000000000000000000000000000000220000000002200000000002012000000200020220 2
2 0 417551 394044 14 12 14 10 -1 -1 1100011100100000000000010000100000000000100000000000000000000000000000000000000220000000002200000000002012000000200020220 2
1 0 416023 394044 6 12 2 12 -1 -1 1100011100100000000000010000100000000000100000000000000000000000000000000000000220000000002200000000002012000000200200220 2
2 0 416023 392089 11 9 13 15 -1 -1 1100111100100000000000010000100000000000000000000000000000000000000000000000000220000000002200000000002012000000200200220 2
1 0 414337 392089 5 1 4 2 -1 -1 1100111100100000000000010000100000000000000000000000000000000000000000000000000220000000000200000000002012000000202200220 2
2 0 414337 390321 12 14 12 16 -1 -1 1100111100110000000000000000100000000000000000000000000000000000000000000000000220000000000200000000002012000000202200220 2
1 0 412603 390321 5 11 4 12 -1 -1 1100111100110000000000000000100000000000000000000000000000000000000000000000000220000000000200000000002010200000202200220 2
2 0 412603 388678 12 8 13 9 -1 -1 1100111100110000100000000000000000000000000000000000000000000000000000000000000220000000000200000000002010200000202200220 2
1 0 411094 388678 12 12 11 13 -1 -1 1100111100110000100000000000000000000000000000000000000000000000000000000000000220000000000200000000000010200002202200220 2
2 0 411094 387288 10 10 12 12 -1 -1 1100111100110000100000000000000000000000000000000000000000000000000000000000000220000000000210000000000000200002202200220 2
1 0 409689 387288 11 13 9 11 -1 -1 1100111100110000100000000000000000000000000000000000000000000000000000000000000020000000000210000000000020200002202200220 2
2 0 409689 386047 10 12 14 12 -1 -1 1100111100110000100000000000000000000000000000000000000000000000000001000000000020000000000200000000000020200002202200220 2
1 0 408679 386047 4 12 3 13 -1 -1 1100111100110000100000000000000000000000000000000000000000000000000001000000000000000000000200000000000020200002202220220 2
2 0 408679 385017 11 11 13 13 -1 -1 1100111110110000000000000000000000000000000000000000000000000000000001000000000000000000000200000000000020200002202220220 2
1 0 408275 385017 9 11 8 12 -1 -1 1100111110110000000000000000000000000000000000000000000000000000000001000000000000000000000000000000000020200002222220220 2
2 0 408275 384308 12 16 16 12 -1 -1 1100111110110000000000000000000000000000000000000000000000001000000000000000000000000000000000000000000020200002222220220 2
1 0 408052 384308 8 12 7 11 -1 -1 1100111110110000000000000000000000000000000000000000000000001000000000000000000000000000000000000000000020000002222220222 2
2 0 408052 384120 12 12 14 14 -1 -1 1100111110110000000000000000000000000000000000000010000000000000000000000000000000000000000000000000000020000002222220222 2
