1322288368000
kingfish
droptable
1 0 599812 600000 14 10 12 12 -1 -1 2222222222000000000000000000000000000000000000000000000000000000000000000000000000000000000000000000000000000001111111111 2
2 0 599812 586582 3 13 4 14 -1 -1 2222222222000000000000000000000000000000000000000000000000000000000000000000000000000000000000000000000010000001111011111 2
1 0 599810 586582 16 12 12 8 -1 -1 2222222202000000020000000000000000000000000000000000000000000000000000000000000000000000000000000000000010000001111011111 2
2 0 599810 576412 2 14 4 12 -1 -1 2222222202000000020000000000000000000000000000000000000000000000000000000000000000000000000000000000001010000001111011110 2
1 0 599809 576412 13 13 11 11 -1 -1 2222202202000000220000000000000000000000000000000000000000000000000000000000000000000000000000000000001010000001111011110 2
2 0 599809 545988 3 9 5 11 -1 -1 2222202202000000220000000000000000000000000000000000000000000000000000000000000000000000000100000000001010000001101011110 2
1 0 599808 545988 14 12 10 12 -1 -1 2222200202000000220000000000200000000000000000000000000000000000000000000000000000000000000100000000001010000001101011110 2
2 0 599808 516374 2 12 6 12 -1 -1 2222200202000000220000000000200000000000000000000000000000000000000000000000000010000000000100000000001010000001101001110 2
1 0 599807 516374 13 11 9 11 -1 -1 2222000202000000220000000000200000000000200000000000000000000000000000000000000010000000000100000000001010000001101001110 2
2 0 599807 484068 1 11 3 13 -1 -1 2222000202000000220000000000200000000000200000000000000000000000000001000000000010000000000100000000001010000001001001110 2
1 0 599624 484068 12 12 8 12 -1 -1 2022000222000000220000000000200000000000200000000000000000000000000001000000000010000000000100000000001010000001001001110 2
2 0 599624 472958 3 11 9 9 -1 -1 2022000222000000220000000000200000000000200000000000000000001000000001000000000010000000000100000000001000000001001001110 2
1 0 594638 472958 11 11 3 11 -1 -1 2022000022000000220000000000200000000000200000000000000000001000000021000000000010000000000100000000001000000001001001110 2
2 0 594638 458205 4 12 6 14 -1 -1 2022000122000000220000000000200000000000200000000000000000001000000021000000000010000000000000000000001000000001001001110 2
1 0 591369 458205 9 11 5 15 -1 -1 2022000122000000020000000000200000000000220000000000000000001000000021000000000010000000000000000000001000000001001001110 2
2 0 591369 441896 2 10 4 12 -1 -1 2022000122000000020000000000201000000000220000000000000000001000000020000000000010000000000000000000001000000001001001110 2
1 0 587423 441896 13 9 11 7 -1 -1 2020000122000000220000000000201000000000220000000000000000001000000020000000000010000000000000000000001000000001001001110 2
2 0 587423 426498 5 11 11 13 -1 -1 2020000122000000220000000000201000000000220000000000000000001000000020000000000010000000010000000000001000000000001001110 2
1 0 581429 426498 12 8 10 6 -1 -1 2020000122000000220000000000001000000000220000000000000000001000000020000000000010000000010020000000001000000000001001110 2
2 0 581429 412990 6 14 7 13 -1 -1 2020000122000000220000000000001000000000220000000000000000001000000020000000010010000000010020000000000000000000001001110 2
1 0 577722 412990 8 12 2 14 -1 -1 2020000122000000220000000000001000000000200000000002000000001000000020000000010010000000010020000000000000000000001001110 2
2 0 577722 406368 0 12 1 11 -1 -1 2020010122000000220000000000001000000000200000000002000000000000000020000000010010000000010020000000000000000000001001110 2
1 0 575647 406368 11 7 9 5 -1 -1 0220010122000000220000000000001000000000200000000002000000000000000020000000010010000000010020000000000000000000001001110 2
2 0 575647 395504 7 13 8 12 -1 -1 0220010122000000220000000000001000000000200000000002000000000000001020000000010010000000000020000000000000000000001001110 2
1 0 573427 395504 10 6 8 4 -1 -1 0220010122000000220000000000001000000000200000000000000000002000001020000000010010000000000020000000000000000000001001110 2
2 0 573427 384848 3 15 5 13 -1 -1 0220010122000000220000000000001000000000200000000000000010002000001020000000000010000000000020000000000000000000001001110 2
1 0 569721 384848 10 12 9 11 -1 -1 0220010120000000220000000000021000000000200000000000000010002000001020000000000010000000000020000000000000000000001001110 2
2 0 569721 370219 8 12 9 13 -1 -1 0220010120000000220000000000021000000000200000000000000010002000001021000000000000000000000020000000000000000000001001110 2
1 0 566744 370219 13 15 13 13 -1 -1 0220010120000000220000000000021000000000200000000000000010000000001021200000000000000000000020000000000000000000001001110 2
2 0 566744 357791 6 12 7 13 -1 -1 0220010120000000220000000000021000000000200000000000000010000000001021200000000000000000000020000000000000000000010001110 2
1 0 560260 357791 14 14 8 12 -1 -1 0220010120000000220000000000021000000000000000000002000010000000001021200000000000000000000020000000000000000000010001110 2
2 0 560260 343294 1 13 3 15 -1 -1 0220010120000000220000000000021000000000000000000002000010001000001021200000000000000000000020000000000000000000010000110 2
1 0 557483 343294 8 12 4 16 -1 -1 0200010122000000220000000000021000000000000000000002000010001000001021200000000000000000000020000000000000000000010000110 2
2 0 557483 335723 5 13 6 14 -1 -1 0200010122000000221000000000021000000000000000000002000010000000001021200000000000000000000020000000000000000000010000110 2
1 0 554044 335723 9 5 7 3 -1 -1 0200010122000000221000000000001000000000020000000002000010000000001021200000000000000000000020000000000000000000010000110 2
2 0 554044 326193 4 14 10 8 -1 -1 0200010122000000221000000000001000000000020000100002000010000000000021200000000000000000000020000000000000000000010000110 2
1 0 547365 326193 15 13 14 12 -1 -1 0200010122000000201000000000001000000000020000100002000010000000000021200000002000000000000020000000000000000000010000110 2
2 0 547365 315709 3 15 7 11 -1 -1 0200010122000000201000000000001000000000020000100002000010000000000021200000002000000000000020000000000000000000010010100 2
1 0 541712 315709 14 12 2 12 -1 -1 0200010120000000201000000000001000000000020000100022000010000000000021200000002000000000000020000000000000000000010010100 2
2 0 541712 311206 10 8 12 14 -1 -1 0200110120000000201000000000001000000000020000100022000010000000000021200000002000000000000020000000000000000000010000100 2
1 0 537436 311206 4 16 3 15 -1 -1 0200110120000000201000000000001000000000020000100022000010000000000021200000000000000000000020000000000002000000010000100 2
2 0 537436 308956 6 14 12 16 -1 -1 0200110121000000200000000000001000000000020000100022000010000000000021200000000000000000000020000000000002000000010000100 2
1 0 531579 308956 13 13 11 11 -1 -1 0200110121000000200000000000001000000000000000100022000010000000000021200000000000000000000020000000000002200000010000100 2
2 0 531579 305087 7 13 8 12 -1 -1 0200110121000000200000000000001000000000000000100022000010000000000021200000000000000000000120000000000002200000000000100 2
1 0 528017 305087 8 4 6 2 -1 -1 0200110121000000200000000000001000000000000000100020000010002000000021200000000000000000000120000000000002200000000000100 2
2 0 528017 303809 12 14 13 13 -1 -1 0200110121000000200000000000001000010000000000100020000000002000000021200000000000000000000120000000000002200000000000100 2
1 0 523926 303809 15 11 14 12 -1 -1 0200110121000000200000000000001000010000000000100020000000002000000021200000000000000000000120000000000000200000020000100 2
2 0 523926 301826 11 13 12 14 -1 -1 0200110121000000200000000000001000010000000000100020000000002000000021200000000000000000000120000000000000200000020010000 2
1 0 520384 301826 9 11 7 13 -1 -1 0200110121000000200000000000001000010000000000100020000000002000000021200000000000000000000100000000000002200000020010000 2
2 0 520384 297194 13 13 15 11 -1 -1 0200110121000000200000000000001000010000000000100021000000002000000020200000000000000000000100000000000002200000020010000 2
1 0 513981 297194 14 12 13 13 -1 -1 0200110121000000200000000000001000010000000000100021000000002000000020200000000000000000000100000000000002200000000010200 2
2 0 513981 294115 8 12 10 14 -1 -1 0200110121000000200000000000001000010000000000100021000000002000000020200000000000000000000100000000000002200000010000200 2
1 0 508641 294115 13 13 11 15 -1 -1 0200110121000000200000000000001000010000000000100021000000000000000020200000000002000000000100000000000002200000010000200 2
2 0 508641 291437 9 9 10 8 -1 -1 0200110121000000200000000000001000010000000000100021000000000000000020200000000002000000000101000000000002200000000000200 2
1 0 503786 291437 11 11 10 12 -1 -1 0200110121000000200000000000001000010000000000100021000000000000000000200000002002000000000101000000000002200000000000200 2
2 0 503786 286226 12 14 13 13 -1 -1 0200110121000000200000000000001000010000000000100021000000000000000000200000002012000000000001000000000002200000000000200 2
1 0 499599 286226 10 12 6 12 -1 -1 0200110121000000200000000000001000010000000000100021000000000000000000200000002012000000000001000000000000200000020000200 2
2 0 499599 278286 1 11 2 10 -1 -1 0200110121000000200000000000001000010000100000100021000000000000000000200000002002000000000001000000000000200000020000200 2
1 0 495115 278286 11 15 10 16 -1 -1 0002110121000000200000000000001000010000100000100021000000000000000000200000002002000000000001000000000000200000020000200 2
2 0 495115 274295 10 14 11 13 -1 -1 0002110121000000200000000000001000010000100000100021000000000000000000200000002002100000000000000000000000200000020000200 2
1 0 490040 274295 7 3 5 1 -1 -1 0002110121000000200000000000001000010000100000100021000000000000000000200000002000100000000020000000000000200000020000200 2
2 0 490040 271728 3 13 5 11 -1 -1 0002110121000000200000010000001000010000100000000021000000000000000000200000002000100000000020000000000000200000020000200 2
1 0 486684 271728 6 2 4 0 -1 -1 0002110101000000200000010000201000010000100000000021000000000000000000200000002000100000000020000000000000200000020000200 2
2 0 486684 270643 4 12 14 14 -1 -1 0002110101100000200000010000201000000000100000000021000000000000000000200000002000100000000020000000000000200000020000200 2
1 0 483210 270643 6 12 4 10 -1 -1 0002110101100000000000010000201000000000100000000021000000000000000000200000002000100000000020000000000000200000020002200 2
2 0 483210 268552 2 10 12 12 -1 -1 0002110101100001000000010000201000000000000000000021000000000000000000200000002000100000000020000000000000200000020002200 2
1 0 480068 268552 2 14 1 13 -1 -1 0000110101100001000000010000201000000000000000000021000000000000000000200000002000100000000020000000000020200000020002200 2
2 0 480068 266546 10 8 11 9 -1 -1 0010100101100001000000010000201000000000000000000021000000000000000000200000002000100000000020000000000020200000020002200 2
1 0 475419 266546 4 10 3 9 -1 -1 0010100101100001000000010000201000000000000000000021000000000000000000200000000000100000002020000000000020200000020002200 2
2 0 475419 262622 12 12 13 11 -1 -1 0010101101100000000000010000201000000000000000000021000000000000000000200000000000100000002020000000000020200000020002200 2
1 0 468425 262622 7 13 6 14 -1 -1 0010101101100000000000010000201000000000000000000021000000000000000000200000000000100000002020000000000000200000220002200 2
2 0 468425 256829 5 11 6 10 -1 -1 0010101101100000000000010000201000000000010000000020000000000000000000200000000000100000002020000000000000200000220002200 2
1 0 465360 256829 6 14 0 12 -1 -1 0010101101100000000000010000001000000002010000000020000000000000000000200000000000100000002020000000000000200000220002200 2
2 0 465360 254573 6 10 16 12 -1 -1 1010101101100000000000010000001000000002000000000020000000000000000000200000000000100000002020000000000000200000220002200 2
1 0 462213 254573 5 1 4 2 -1 -1 1010101101100000000000010000001000000000000000000020000000000000000000200000000000100000002020000000000000200000220002202 2
2 0 462213 251759 7 11 8 12 -1 -1 1010101101110000000000000000001000000000000000000020000000000000000000200000000000100000002020000000000000200000220002202 2
1 0 459413 251759 5 15 4 14 -1 -1 1010101101110000000000000000001000000000000000000000000000002000000000200000000000100000002020000000000000200000220002202 2
2 0 459413 239064 8 12 14 10 -1 -1 1010101101110000010000000000000000000000000000000000000000002000000000200000000000100000002020000000000000200000220002202 2
1 0 457790 239064 4 14 3 13 -1 -1 1010101101110000010000000000000000000000000000000000000000000000000000200000000000100000002020000000000000200000220202202 2
2 0 457790 227738 13 11 15 13 -1 -1 1010101111110000000000000000000000000000000000000000000000000000000000200000000000100000002020000000000000200000220202202 2
1 0 456086 227738 10 16 9 15 -1 -1 1010101111110000000000000000000000000000000000000000000000000000000000200000000000100000002020000000000000200000020202222 2
2 0 456086 212688 9 13 10 12 -1 -1 1010101111110000000000000000000000000000000000000000000000000000000000210000000000000000002020000000000000200000020202222 2
1 0 454932 212688 9 15 8 14 -1 -1 1010101111110000000000000000000000000000000000000000000000000000000000010000000020000000002020000000000000200000020202222 2
2 0 454932 208350 10 12 14 12 -1 -1 1010101111110000000000000000000000000000000000000000000000000100000000000000000020000000002020000000000000200000020202222 2
1 0 454116 208350 8 14 7 13 -1 -1 1010101111110000000000000000000000000000000000000000000000000100000000000000000000000000002020000000000000200000020222222 2
2 0 454116 208349 12 16 13 15 4 12 1010101111110000000000000000000000000000000000000001000000000000000000000000000000000000002020000000000000200000020222222 2
1 0 453530 208349 7 13 6 12 -1 -1 1010101111110000300000000000000000000000000000000001000000000000000000000000000000000000002020000000000000000000022222222 2
2 0 453530 208348 11 9 12 10 -1 -1 1010101111110000300000000000000000000000100000000000000000000000000000000000000000000000002020000000000000000000022222222 2
1 0 452665 208348 6 12 5 11 -1 -1 1010101111110000300000000000000000000000100000000000000000000000000000000000000000000000000020000000000200000000022222222 2
2 0 452665 208347 11 13 12 12 -1 -1 1010101111110000300000000000100000000000000000000000000000000000000000000000000000000000000020000000000200000000022222222 2
1 0 452031 208347 3 13 1 11 -1 -1 1010101111110000300000000000100000000000000000000000000000000000000000000000000000000000000000000000000220000000022222222 2
2 0 452031 208346 12 10 13 11 -1 -1 1110101101110000300000000000100000000000000000000000000000000000000000000000000000000000000000000000000220000000022222222 2
1 0 451834 208346 5 11 3 13 -1 -1 1110101101110000300000000000100000000000000000000000000000000000000000000000000000000000000000000000000020000000222222222 2
2 0 451834 208345 12 12 12 10 -1 -1 1110101111110000300000000000000000000000000000000000000000000000000000000000000000000000000000000000000020000000222222222 2
1 0 451705 208345 4 0 4 4 -1 -1 1110101111110000300000000000000000000000000000000000000000000000000000000000000000000000000000000000000200000000222222222 2
2 0 451705 208345 12 10 13 9 -1 -1 1110101111011000300000000000000000000000000000000000000000000000000000000000000000000000000000000000000200000000222222222 2
