1322295673000
artificialwintelligence
kingfish
1 0 599621 600000 14 12 12 10 -1 -1 2222222222000000000000000000000000000000000000000000000000000000000000000000000000000000000000000000000000000001111111111 2
2 0 599621 599915 2 14 4 12 -1 -1 2222222222000000000000000000000000000000000000000000000000000000000000000000000000000000000000000000000100000001111101111 2
1 0 599224 599915 13 11 11 9 -1 -1 2222202222000000200000000000000000000000000000000000000000000000000000000000000000000000000000000000000100000001111101111 2
2 0 599224 599914 0 12 4 16 -1 -1 2222202222000000200000000000000000000000000000000000000000000000000000000000000000000000001000000000000100000001011101111 2
1 0 598828 599914 14 14 12 8 -1 -1 0222202222000000202000000000000000000000000000000000000000000000000000000000000000000000001000000000000100000001011101111 2
2 0 598828 599913 2 12 4 10 -1 -1 0222202222000000202000000000000000000000000000000000000000000000000000000000000000000000001000000000001100000001011100111 2
1 0 598324 599913 16 12 12 16 -1 -1 0222002222000002202000000000000000000000000000000000000000000000000000000000000000000000001000000000001100000001011100111 2
2 0 598324 599912 3 9 5 11 -1 -1 0222002222000002202000000000000000000000000000000000000000000000000000000000000000000000001000000000001100100001011100110 2
1 0 597267 599912 12 10 10 8 -1 -1 0222000222000002202000000000200000000000000000000000000000000000000000000000000000000000001000000000001100100001011100110 2
2 0 597267 599911 1 11 3 9 -1 -1 0222000222000002202000000000200000000000000000000000000000000000000000000000001000000000001000000000001000100001011100110 2
1 0 596123 599911 13 9 9 9 -1 -1 0022002222000002202000000000200000000000000000000000000000000000000000000000001000000000001000000000001000100001011100110 2
2 0 596123 599760 3 11 5 13 -1 -1 0022002222000002202000000000200000000000000000000000000000000000000010000000001000000000001000000000001000100000011100110 2
1 0 593723 599760 12 8 8 8 -1 -1 0022002022000002202000000000220000000000000000000000000000000000000010000000001000000000001000000000001000100000011100110 2
2 0 593723 599759 3 15 5 9 -1 -1 0022002022000002202000000000220000000000000000000000000000100000000010000000001000000000001000000000000000100000011100110 2
1 0 592333 599759 11 9 7 9 -1 -1 0022002020000002202000000002220000000000000000000000000000100000000010000000001000000000001000000000000000100000011100110 2
2 0 592333 595472 4 10 8 10 -1 -1 0022002020000002202000000002220000000000000000000100000000100000000010000000001000000000000000000000000000100000011100110 2
1 0 590289 595472 15 13 14 14 -1 -1 0022002020000000202000000002220000000000000000000100000000120000000010000000001000000000000000000000000000100000011100110 2
2 0 590289 592576 2 10 6 10 -1 -1 0022002020000000202000000002220000000000000000000100000000120000000010000000001000000000000000000000000000100000011101100 2
1 0 588746 592576 15 11 13 9 -1 -1 0020002020000000202000000002220000000002000000000100000000120000000010000000001000000000000000000000000000100000011101100 2
2 0 588746 590278 1 13 2 12 -1 -1 0020002020000000202000000002220000000002000000000100000000120000000010000000001000000000000000000000000000100001011101000 2
1 0 587074 590278 14 10 13 11 -1 -1 0000202020000000202000000002220000000002000000000100000000120000000010000000001000000000000000000000000000100001011101000 2
2 0 587074 586272 4 12 6 14 -1 -1 0000202020000000202000000002220000000002000000000100000000120000000010000000001000000000000000000000000000100001111001000 2
1 0 583928 586272 7 9 6 8 -1 -1 0000202020000000002000000002220000000002020000000100000000120000000010000000001000000000000000000000000000100001111001000 2
2 0 583928 577887 5 11 9 7 -1 -1 0000202020000000002000000002220000000012020000000000000000120000000010000000001000000000000000000000000000100001111001000 2
1 0 581842 577887 14 14 12 8 -1 -1 0000202020000000002000000002020000000012020000000000000000120000000210000000001000000000000000000000000000100001111001000 2
2 0 581842 573310 2 12 4 14 -1 -1 0000202020000000002000000002020000000012020000000000000000120000000210000000001000000000000000000000001000100001111000000 2
1 0 578470 573310 13 13 12 14 -1 -1 0000002020000000022000000002020000000012020000000000000000120000000210000000001000000000000000000000001000100001111000000 2
2 0 578470 565851 3 13 7 13 -1 -1 0000002020000000022000000002020000000012020000000000000000120000000210000000001000000000000000000000001001100001101000000 2
1 0 575040 565851 13 9 11 15 -1 -1 0000002000000000022000000002020000000012020000000002000000120000000210000000001000000000000000000000001001100001101000000 2
2 0 575040 557141 4 14 8 14 -1 -1 0000002000000000022000000002020000000012020000000002000000120000000210000000001000000000000001000000001001100000101000000 2
1 0 571720 557141 9 9 7 15 -1 -1 0000002000000000002000000002020000000012020000000002000000120200000210000000001000000000000001000000001001100000101000000 2
2 0 571720 548634 5 9 13 13 -1 -1 0000002000000000002000000002020000000012020000000002100000120200000200000000001000000000000001000000001001100000101000000 2
1 0 569188 548634 7 15 5 9 -1 -1 0000002000000000002000000000020000000012020000000002100000120200000200000000001000000000000001000000001001100000121000000 2
2 0 569188 537470 5 13 13 9 -1 -1 0000002000000000002000000001020000000012020000000002000000120200000200000000001000000000000001000000001001100000121000000 2
1 0 566561 537470 13 15 11 13 -1 -1 0000002000000000002000000001000000000012020000000002000000120200000200000000001000000000000001000000001001100002121000000 2
2 0 566561 528748 6 14 8 12 -1 -1 0000002000000000002000000001000000000012020000000002000000120200000200000000001000000000000011000000001001100002120000000 2
1 0 563201 528748 13 11 12 10 -1 -1 0000002000000000002000000001000000000012000000000002000000122200000200000000001000000000000011000000001001100002120000000 2
2 0 563201 514337 9 7 13 15 -1 -1 0000002000000000002000000001000000000012000000000002000000122200000200000000001000000000000011000000001101100002020000000 2
1 0 560529 514337 12 10 11 9 -1 -1 0000002000000000002000000001000000000012000000000002000000122200000000000000001000000000000011000000001101100002022000000 2
2 0 560529 510281 6 10 7 11 -1 -1 0000002000000000002000000001000000000012000000000002000000122200000000000000001000000000001011000000001001100002022000000 2
1 0 558192 510281 11 9 5 11 -1 -1 0000002000000000002000000001000000000010000000000022000000122200000000000000001000000000001011000000001001100002022000000 2
2 0 558192 504159 7 11 11 7 -1 -1 0000002000000000002000000001100000000010000000000022000000122200000000000000001000000000000011000000001001100002022000000 2
1 0 555963 504159 12 14 10 12 -1 -1 0000002000000000002000000001100000000010000000000002000000122200000000000000001000000000020011000000001001100002022000000 2
2 0 555963 497081 7 13 11 5 -1 -1 0000002000000000002000000001100000000010000000000002000000122200000000000000001010000000020011000000001000100002022000000 2
1 0 552804 497081 11 13 7 9 -1 -1 0000002000000000002000000001100000000010000000000000000000122200000000000000001010000000220011000000001000100002022000000 2
2 0 552804 493186 3 9 4 10 -1 -1 0000002000000000002000000001100000000010000000000100000000122200000000000000001010000000220001000000001000100002022000000 2
1 0 550315 493186 8 8 4 8 -1 -1 0000000000000002002000000001100000000010000000000100000000122200000000000000001010000000220001000000001000100002022000000 2
2 0 550315 490133 4 10 6 12 -1 -1 0000000000000012002000000001100000000010000000000100000000022200000000000000001010000000220001000000001000100002022000000 2
1 0 548014 490133 12 8 10 14 -1 -1 0000000000000010002000000001100000000010200000000100000000022200000000000000001010000000220001000000001000100002022000000 2
2 0 548014 482641 6 12 7 13 -1 -1 0000000000000010002000000001100000000010200000000100000000022200000000000000001011000000220001000000000000100002022000000 2
1 0 545965 482641 11 15 7 15 -1 -1 0000000000000010002000000001100000000010000000000102000000022200000000000000001011000000220001000000000000100002022000000 2
2 0 545965 477256 13 13 12 12 -1 -1 0000000000000010002000000001100000000010000000000102100000022200000000000000001011000000220000000000000000100002022000000 2
1 0 543473 477256 12 16 11 15 -1 -1 0000000000000010002000000001100000000010000000000102100000022200000000000000001011000000220000000000000020100002002000000 2
2 0 543473 469450 7 13 13 11 -1 -1 0000000000000010002000000001100000000010000000000102100000022200000000000000001011000000220001000000000020000002002000000 2
1 0 539530 469450 11 15 7 7 -1 -1 0000000000000010002000000001100000000010000000000100100000022200000000000000001011000000220001000000000020000002202000000 2
2 0 539530 463103 8 10 9 11 -1 -1 0000000000000010002000000001100000000010000000001100100000022200000000000000001011000000220000000000000020000002202000000 2
1 0 536446 463103 10 12 8 10 -1 -1 0000000000000010002000000001100000000010000000001100100000002200000002000000001011000000220000000000000020000002202000000 2
2 0 536446 457810 8 12 14 10 -1 -1 0000000000000010002000000001100000000010000000001100100000012200000002000000001001000000220000000000000020000002202000000 2
1 0 534351 457810 7 9 3 9 -1 -1 0000000000000010002000000001100000000010000000001100100000010200000002000000001001000000220000000000000020000002202200000 2
2 0 534351 453455 4 16 5 17 -1 -1 0000001000000010002000000001100000000010000000001000100000010200000002000000001001000000220000000000000020000002202200000 2
1 0 531829 453455 5 9 4 10 -1 -1 0000001000000010000000000001100200000010000000001000100000010200000002000000001001000000220000000000000020000002202200000 2
2 0 531829 448742 12 12 13 13 -1 -1 0000001000000011000000000000100200000010000000001000100000010200000002000000001001000000220000000000000020000002202200000 2
1 0 530126 448742 7 7 3 11 -1 -1 0000001000000011000000000000100200000010000000001000100000010200000002000000001001000000220000000000000000000002222200000 2
2 0 530126 446043 5 17 6 16 -1 -1 0000001100000011000000000000100200000010000000000000100000010200000002000000001001000000220000000000000000000002222200000 2
1 0 527592 446043 10 14 9 15 -1 -1 0000001100000011000000000000100000000010002000000000100000010200000002000000001001000000220000000000000000000002222200000 2
2 0 527592 442263 8 14 10 16 -1 -1 0000001100000011000000000000100000000010002000000000100000010200000002010000001000000000220000000000000000000002222200000 2
1 0 525735 442263 10 8 9 9 -1 -1 0000001100000011000000000000100000000010002000000000100000010000000002010000001000200000220000000000000000000002222200000 2
2 0 525735 439436 6 16 8 14 -1 -1 0000001100000011000000000000100000000010002000000000100000010000000012010000000000200000220000000000000000000002222200000 2
1 0 523246 439436 9 15 7 17 -1 -1 0000001100000011000000000000100000000010000000000000100000010200000012010000000000200000220000000000000000000002222200000 2
2 0 523246 437924 8 14 9 13 -1 -1 0000001100000011000000000000100000000010000000000000110000010200000012000000000000200000220000000000000000000002222200000 2
1 0 521166 437924 9 9 7 11 -1 -1 0000001100000011000000000000100000000010000000000000110000010000000012200000000000200000220000000000000000000002222200000 2
2 0 521166 436256 9 11 11 17 -1 -1 0000001100000011000000000000100000000010000000000010110000010000000002200000000000200000220000000000000000000002222200000 2
1 0 519014 436256 8 10 8 12 -1 -1 0000001100000011000000000000100000000010000000000010110000010000000000200000000000200000220000200000000000000002222200000 2
2 0 519014 433710 9 13 10 14 -1 -1 0000001100000011000000000000100000000010000000000010110000001000000000200000000000200000220000200000000000000002222200000 2
1 0 516701 433710 8 12 2 10 -1 -1 0000001100000011000000000000100000000010000000000010110000001000000000000000000002200000220000200000000000000002222200000 2
2 0 516701 430041 11 17 11 13 -1 -1 0001001100000011000000000000100000000010000000000010110000000000000000000000000002200000220000200000000000000002222200000 2
1 0 514826 430041 3 9 1 11 -1 -1 0001001100000011000000000000100000000010000000000010110000000000000000000000000002200000220020000000000000000002222200000 2
2 0 514826 426585 10 16 14 12 -1 -1 0101000100000011000000000000100000000010000000000010110000000000000000000000000002200000220020000000000000000002222200000 2
1 0 513294 426585 7 17 3 13 -1 -1 0101000100000011000000000000100000000010000000000010110000000000000000000000000002000000220020000000000000000002222220000 2
2 0 513294 424359 10 14 14 14 -1 -1 0101000110000011000000000000100000000010000000000010100000000000000000000000000002000000220020000000000000000002222220000 2
1 0 511946 424359 7 11 6 10 -1 -1 0101000110000011000000000000100000000010000000000010100000000000000000000000000000000000220020000000000000000002222222000 2
2 0 511946 423028 11 5 12 6 -1 -1 0101000110000011000000000000100000000011000000000000100000000000000000000000000000000000220020000000000000000002222222000 2
1 0 510892 423028 6 10 2 14 -1 -1 0101000110000011000000000000100000000011000000000000100000000000000000000000000000000000020020000000020000000002222222000 2
2 0 510892 421921 11 7 12 8 -1 -1 0101010110000011000000000000100000000010000000000000100000000000000000000000000000000000020020000000020000000002222222000 2
1 0 510204 421921 5 11 3 9 -1 -1 0101010110000011000000000000100000000010000000000000100000000000000000000000000000000000000020000000022000000002222222000 2
2 0 510204 421002 11 13 12 12 -1 -1 0101011110000011000000000000000000000010000000000000100000000000000000000000000000000000000020000000022000000002222222000 2
1 0 509485 421002 7 15 6 16 -1 -1 0101011110000011000000000000000000000010000000000000100000000000000000000000000000000000000000000000022020000002222222000 2
2 0 509485 420305 14 10 15 11 -1 -1 0101011110000011000000000000000000000010001000000000000000000000000000000000000000000000000000000000022020000002222222000 2
1 0 508896 420305 6 16 5 17 -1 -1 0101011110000011000000000000000000000010001000000000000000000000000000000000000000000000000000000000022020000002222022200 2
2 0 508896 419362 14 12 15 13 -1 -1 0101011110000011000000000000000100000010000000000000000000000000000000000000000000000000000000000000022020000002222022200 2
1 0 508258 419362 6 8 5 7 -1 -1 0101011110000011000000000000000100000010000000000000000000000000000000000000000000000000000000000000022020000002222002220 2
2 0 508258 418793 12 6 14 12 -1 -1 0101011110000011000000000010000100000000000000000000000000000000000000000000000000000000000000000000022020000002222002220 2
1 0 507533 418793 4 10 2 12 -1 -1 0101011110000011000000000010000100000000000000000000000000000000000000000000000000000000000000000000002020000002222022220 2
2 0 507533 418493 12 8 16 12 -1 -1 0101111110000010000000000010000100000000000000000000000000000000000000000000000000000000000000000000002020000002222022220 2
1 0 507225 418493 3 11 1 13 -1 -1 0101111110000010000000000010000100000000000000000000000000000000000000000000000000000000000000000000000020000002222022222 2
2 0 507225 418281 12 12 14 10 -1 -1 0111111010000010000000000010000100000000000000000000000000000000000000000000000000000000000000000000000020000002222022222 2
