1322286001000
kingfish
googolhex
1 0 599831 600000 14 10 12 12 -1 -1 2222222222000000000000000000000000000000000000000000000000000000000000000000000000000000000000000000000000000001111111111 1
2 0 599831 599355 3 9 4 10 -1 -1 2222222222000000000000000000000000000000000000000000000000000000000000000000000000000000000000000000000010000001111011111 1
1 0 599830 599355 16 12 12 8 -1 -1 2222220222000002000000000000000000000000000000000000000000000000000000000000000000000000000000000000000010000001111011111 1
2 0 599830 598074 1 11 5 11 -1 -1 2222220222000002000000000000000000000000000000000000000000000000000000000000000000000000000000000000001010000001111011110 1
1 0 599829 598074 13 13 11 11 -1 -1 2022220222000002000000000000200000000000000000000000000000000000000000000000000000000000000000000000001010000001111011110 1
2 0 599829 594291 2 10 6 10 -1 -1 2022220222000002000000000000200000000000000000000000000000000000000000000000000000000000000100000000001010000001101011110 1
1 0 599828 594291 14 12 10 12 -1 -1 2020220222000002000000000000200000000002000000000000000000000000000000000000000000000000000100000000001010000001101011110 1
2 0 599828 587703 3 11 7 11 -1 -1 2020220222000002000000000000200000000002000000000000000000000000000000000000000010000000000100000000001010000001101001110 1
1 0 599827 587703 13 11 9 11 -1 -1 2020220022000002000000000000200000000002000000000020000000000000000000000000000010000000000100000000001010000001101001110 1
2 0 599827 573658 6 10 10 14 -1 -1 2020220022000002000000000000200000000002000000000020000000000000000001000000000010000000000100000000001010000001001001110 1
1 0 598555 573658 12 12 4 12 -1 -1 2020220022000002000000000000200000000000000000000020000000000000000001000000000012000000000100000000001010000001001001110 1
2 0 598555 564584 10 14 12 12 -1 -1 2020220022000002100000000000200000000000000000000020000000000000000001000000000012000000000100000000001000000001001001110 1
1 0 597838 564584 10 12 6 12 -1 -1 2020220022000002100000000000200000000000000000000020000000000000000001000000000010000000000100000000001020000001001001110 1
2 0 597838 555275 12 12 13 11 -1 -1 2020220022000002100000000000200000000000100000000020000000000000000001000000000000000000000100000000001020000001001001110 1
1 0 594805 555275 14 14 6 10 -1 -1 2020220022000002100000000000200000000000100000000020000000000000000001000000000000000000000100000000001000000001201001110 1
2 0 594805 548881 5 11 7 13 -1 -1 2020220022000002100000000000200000000001100000000020000000000000000001000000000000000000000100000000001000000001201000110 1
1 0 594132 548881 12 8 8 12 -1 -1 2020220022000002100000000000000000000001100000000022000000000000000001000000000000000000000100000000001000000001201000110 1
2 0 594132 538144 7 11 9 9 -1 -1 2020220022000002100000000000000000000001100000000022000000001000000001000000000000000000000100000000000000000001201000110 1
1 0 593732 538144 8 12 7 11 -1 -1 2020220022000002100000000000000000000001100000000002000000001000000021000000000000000000000100000000000000000001201000110 1
2 0 593732 529397 4 10 4 14 -1 -1 2020220022000002100000000000000000000001100000000012000000000000000021000000000000000000000100000000000000000001201000110 1
1 0 593175 529397 15 11 14 10 -1 -1 2020220022000000120000000000000000000001100000000012000000000000000021000000000000000000000100000000000000000001201000110 1
2 0 593175 524069 13 11 13 13 -1 -1 2020220022000000120000000000000000000001100000000012000000000000000021000000000000000000000100000000000000000001201100010 1
1 0 592478 524069 15 13 14 12 -1 -1 2020220022000000120000000000000000000001100000000012000000000000000021000000000000000000000100000000000000000001021100010 1
2 0 592478 518262 3 13 5 15 -1 -1 2020220022000000120000000000000000000001100000000012000000000000000021000000000000000000000100000000000000000001021110000 1
1 0 590943 518262 14 10 4 16 -1 -1 2020220002000000120000000000002000000001100000000012000000000000000021000000000000000000000100000000000000000001021110000 1
2 0 590943 509422 13 13 15 11 -1 -1 2020220002000000121000000000002000000001100000000012000000000000000021000000000000000000000100000000000000000001021010000 1
1 0 590367 509422 7 11 5 13 -1 -1 2020220002000000121000000000002000000001100000000012000000000000000021000000000000000000000100000000000000000001001010200 1
2 0 590367 503857 15 11 16 12 -1 -1 2020220002000000121000000000012000000001100000000002000000000000000021000000000000000000000100000000000000000001001010200 1
1 0 589658 503857 13 9 12 10 -1 -1 2020220002000000121000000000012000000001100000000002000000000000000021000000000000000000000100000000000000000001001010002 1
2 0 589658 503662 16 12 15 11 -1 -1 2020220002000000121000000000012000000001100000000002000000000000000021000000000000000000000100000000000100000000001010002 1
1 0 588911 503662 12 10 8 10 -1 -1 2020220002000000121000000000012000000001100000000002000000000000000021000000000000000000000100000000000100000000001010200 1
2 0 588911 503432 4 14 6 16 -1 -1 2020220002000000121000000000012000000001100000000002000000010000000021000000000000000000000100000000000000000000001010200 1
1 0 587813 503432 5 13 3 11 -1 -1 2020220002000000101000000000012000000001102000000002000000010000000021000000000000000000000100000000000000000000001010200 1
2 0 587813 503067 3 15 7 15 -1 -1 2020220102000000101000000000002000000001102000000002000000010000000021000000000000000000000100000000000000000000001010200 1
1 0 586386 503067 9 11 3 9 -1 -1 2020220100000000101000000000002000000001102000000002200000010000000021000000000000000000000100000000000000000000001010200 1
2 0 586386 502580 1 13 7 11 -1 -1 2020221100000000101000000000002000000001102000000002200000010000000020000000000000000000000100000000000000000000001010200 1
1 0 584803 502580 8 10 7 9 -1 -1 2000221100000000101000000000002000000001102000000022200000010000000020000000000000000000000100000000000000000000001010200 1
2 0 584803 502169 0 12 1 13 -1 -1 2000221100000000101000000000002000000001102000000122200000000000000020000000000000000000000100000000000000000000001010200 1
1 0 583710 502169 7 9 1 11 -1 -1 0020221100000000101000000000002000000001102000000122200000000000000020000000000000000000000100000000000000000000001010200 1
2 0 583710 501798 2 12 4 14 -1 -1 0120221100000000101000000000002000000001102000000022200000000000000020000000000000000000000100000000000000000000001010200 1
1 0 583056 501798 4 12 3 13 -1 -1 0120021100000000121000000000002000000001102000000022200000000000000020000000000000000000000100000000000000000000001010200 1
2 0 583056 501471 9 9 10 10 -1 -1 0120021110000000021000000000002000000001102000000022200000000000000020000000000000000000000100000000000000000000001010200 1
1 0 582157 501471 11 11 9 9 -1 -1 0120021110000000021000000000002000000001102000000022200000000000000000000000000200000000000100000000000000000000001010200 1
2 0 582157 482485 15 11 16 12 -1 -1 0120021110000000021000000000002000000001102000000022200000000000000010000000000200000000000000000000000000000000001010200 1
1 0 581261 482485 13 15 12 14 -1 -1 0120021110000000021000000000002000000001102000000022200000000000000010000000000200000000000000000000000000000000001010002 1
2 0 581261 465958 10 10 10 12 -1 -1 0120021110000000021000000000002000000001102000000022200000000000000010000000000200000000000000000000000001000000000010002 1
1 0 580215 465958 12 14 11 13 -1 -1 0120021110000000021000000000002000000001102000000022200000000000000010000000000020000000000000000000000001000000000010002 1
2 0 580215 449249 7 15 8 14 -1 -1 0120021110000000021000000000002000000001102000000022200000000000000010000000000020000000000010000000000000000000000010002 1
1 0 579594 449249 4 16 3 15 -1 -1 0120021110000000021000000000002000000001102000000022000000000200000010000000000020000000000010000000000000000000000010002 1
2 0 579594 429773 7 11 9 13 -1 -1 0120021111000000020000000000002000000001102000000022000000000200000010000000000020000000000010000000000000000000000010002 1
1 0 578344 429773 6 10 4 16 -1 -1 0120021111000000020000000000002000000001102000000002000000000200000010200000000020000000000010000000000000000000000010002 1
2 0 578344 416360 4 14 5 13 -1 -1 0120021111000000021000000000002000000000102000000002000000000200000010200000000020000000000010000000000000000000000010002 1
1 0 576954 416360 6 12 6 14 -1 -1 0120021111000000001000000000022000000000102000000002000000000200000010200000000020000000000010000000000000000000000010002 1
2 0 576954 396265 8 14 9 15 -1 -1 0120021111000000001000000000022000000000012000000002000000000200000010200000000020000000000010000000000000000000000010002 1
1 0 576024 396265 11 13 9 11 -1 -1 0120021111000000001000000000022000000000012000000002000000000000000010220000000020000000000010000000000000000000000010002 1
2 0 576024 396263 6 16 10 16 -1 -1 0120021111000000001000000000022000000000012000000002000000000000000011220000000020000000000000000000000000000000000010002 1
1 0 575513 396263 9 9 8 8 -1 -1 0120021111000000001000000000022000000000010000000002000000000000000011220000000020200000000000000000000000000000000010002 1
2 0 575513 396262 9 15 11 17 11 9 0120021111000000001000000000022000000000010000000002000000100000000001220000000020200000000000000000000000000000000010002 1
1 0 574984 396262 8 8 7 9 -1 -1 0120021111000000001000000000022000000000010000000002000000100000000001200000000020200000003000200000000000000000000010002 1
2 0 574984 396261 9 13 11 7 -1 -1 0120021111000000001000000000022000000000010000000102000000000000000001200000000020200000003000200000000000000000000010002 1
1 0 574548 396261 4 16 4 14 -1 -1 0120021111000000001000000000022000000000010000000102000000000000000001000000000020200000023000200000000000000000000010002 1
2 0 574548 396260 5 13 7 11 -1 -1 0120021111000000010000000000022000000000010000000102000000000000000001000000000020200000023000200000000000000000000010002 1
1 0 574017 396260 7 9 6 10 -1 -1 0120021111000000010000000000002000000000010000000122000000000000000001000000000020200000023000200000000000000000000010002 1
2 0 574017 396259 2 14 4 8 -1 -1 0120021111000000010000000000002000000001010000000022000000000000000001000000000020200000023000200000000000000000000010002 1
1 0 573015 396259 6 14 2 10 -1 -1 0120001111000020010000000000002000000001010000000022000000000000000001000000000020200000023000200000000000000000000010002 1
2 0 573015 396258 11 7 12 8 -1 -1 0121001111000020010000000000002000000001000000000022000000000000000001000000000020200000023000200000000000000000000010002 1
1 0 571588 396258 6 10 0 12 -1 -1 0121001111000020010000000000002000000001000000000022000000000000000001000000000020200000003000200000002000000000000010002 1
2 0 571588 396257 12 8 13 9 5 13 1121001111000020010000000000002000000000000000000022000000000000000001000000000020200000003000200000002000000000000010002 1
1 0 570924 396257 14 12 14 10 -1 -1 1121001111000020010000000000032000000000000000000022000000000000000001000000000020200000003000200000000000000002000010002 1
2 0 570924 396256 13 9 15 11 -1 -1 1121001111000020010000000000032000000000000000000022000000000000000001000000000020200000003000200000000000000002000100002 1
1 0 570463 396256 4 14 2 12 -1 -1 1121001111000020010000000000032000000000000000000022000000000000000001000000000020200000003000200000000000000000000100202 1
2 0 570463 396255 11 17 12 16 -1 -1 1121101111000020000000000000032000000000000000000022000000000000000001000000000020200000003000200000000000000000000100202 1
1 0 569951 396255 9 11 8 10 -1 -1 1121101111000020000000000000032000000000000000000022000000000000000001000000000020200000003000000000000000200000000100202 1
2 0 569951 396254 7 13 11 13 -1 -1 1121101111000020000000000000032000000000000000000022000000010000000000000000000020200000003000000000000000200000000100202 1
1 0 569331 396254 8 10 4 14 -1 -1 1121101111000020000000000000032000000000000000000020000000010000000000000000000020200000003020000000000000200000000100202 1
2 0 569331 396254 10 12 12 14 -1 -1 1121101111000020010000000000032000000000000000000020000000000000000000000000000020200000003020000000000000200000000100202 1
1 0 568972 396254 3 13 2 14 -1 -1 1121101111000020010000000000032000000000000000000020000000000000000000000000000000200000003020000000000002200000000100202 1
2 0 568972 396254 11 13 13 15 -1 -1 1121111101000020010000000000032000000000000000000020000000000000000000000000000000200000003020000000000002200000000100202 1
1 0 568687 396254 4 14 3 13 -1 -1 1121111101000020010000000000032000000000000000000020000000000000000000000000000000200000003000000000000002200000002100202 1
