1322286348000
kingfish
droptable
1 0 599821 600000 14 10 12 12 -1 -1 2222222222000000000000000000000000000000000000000000000000000000000000000000000000000000000000000000000000000001111111111 2
2 0 599821 595066 3 15 4 14 -1 -1 2222222222000000000000000000000000000000000000000000000000000000000000000000000000000000000000000000000010000001111011111 2
1 0 599819 595066 16 12 12 8 -1 -1 2222222220000000020000000000000000000000000000000000000000000000000000000000000000000000000000000000000010000001111011111 2
2 0 599819 584751 2 10 4 12 -1 -1 2222222220000000020000000000000000000000000000000000000000000000000000000000000000000000000000000000001010000001111011110 2
1 0 599807 584751 13 13 11 11 -1 -1 2220222220000000220000000000000000000000000000000000000000000000000000000000000000000000000000000000001010000001111011110 2
2 0 599807 574246 4 12 5 11 -1 -1 2220222220000000220000000000000000000000000000000000000000000000000000000000000000000000000100000000001010000001101011110 2
1 0 599806 574246 14 12 10 12 -1 -1 2220222220000000020000000000200000000000000000000000000000000000000000000000000000000000000100000000001010000001101011110 2
2 0 599806 553083 3 9 4 10 -1 -1 2220222220000000020000000000200000000000000000000000000000000000000000000000000010000000000100000000001010000001101001110 2
1 0 599805 553083 13 11 9 11 -1 -1 2220220220000002020000000000200000000000000000000000000000000000000000000000000010000000000100000000001010000001101001110 2
2 0 599805 532403 4 10 6 12 -1 -1 2220220220000002020000000000200000000000000000000000000000000000000001000000000010000000000100000000001010000001001001110 2
1 0 599624 532403 12 12 8 12 -1 -1 2220220220000000020000000000200000000000200000000000000000000000000001000000000010000000000100000000001010000001001001110 2
2 0 599624 517764 1 13 9 13 -1 -1 2220220220000000020000000000200000000000200000000000000000001000000001000000000010000000000100000000001000000001001001110 2
1 0 598605 517764 12 8 11 9 -1 -1 2200220220000000020000000000200000000000200000000000000000001000000001200000000010000000000100000000001000000001001001110 2
2 0 598605 506312 5 11 7 13 -1 -1 2200220220000000020000000000200000000000200000000000000000001000000001200000000010000000001100000000000000000001001001110 2
1 0 598219 506312 8 12 6 10 -1 -1 2200220220000000020000000000000000000000200000000002000000001000000001200000000010000000001100000000000000000001001001110 2
2 0 598219 486734 0 12 1 13 -1 -1 2200220220000000020000000000000000000001200000000002000000000000000001200000000010000000001100000000000000000001001001110 2
1 0 596618 486734 14 14 6 14 -1 -1 0220220220000000020000000000000000000001200000000002000000000000000001200000000010000000001100000000000000000001001001110 2
2 0 596618 458215 3 11 7 15 -1 -1 0220220220000000020000000000000000000001210000000002000000000000000001200000000010000000001100000000000000000001001000110 2
1 0 595671 458215 15 11 14 10 -1 -1 0220220020000000020000000000000000000001210000000002200000000000000001200000000010000000001100000000000000000001001000110 2
2 0 595671 441534 7 15 8 14 -1 -1 0220220020000000020000000000000000000001210000000002200000000000000001200000000010000000001100000000000000000001001100010 2
1 0 594242 441534 14 10 8 12 -1 -1 0220220020000000020000000000000000000001210000000002000000000200000001200000000010000000001100000000000000000001001100010 2
2 0 594242 434957 4 14 5 13 -1 -1 0220220020000000020000000000000000000001210000000002000000001200000001200000000010000000001100000000000000000001001000010 2
1 0 593523 434957 6 14 4 12 -1 -1 0220220020000000000000000000020000000001210000000002000000001200000001200000000010000000001100000000000000000001001000010 2
2 0 593523 423146 5 13 7 11 -1 -1 0220220020000000100000000000020000000001200000000002000000001200000001200000000010000000001100000000000000000001001000010 2
1 0 593143 423146 4 12 3 11 -1 -1 0220220020000000100000000000000000000001200000000022000000001200000001200000000010000000001100000000000000000001001000010 2
2 0 593143 418562 2 14 4 12 -1 -1 0220220120000000000000000000000000000001200000000022000000001200000001200000000010000000001100000000000000000001001000010 2
1 0 592526 418562 6 10 5 11 -1 -1 0220200120000000200000000000000000000001200000000022000000001200000001200000000010000000001100000000000000000001001000010 2
2 0 592526 409142 7 13 9 15 -1 -1 0220200120000000200000000000100000000000200000000022000000001200000001200000000010000000001100000000000000000001001000010 2
1 0 591097 409142 9 11 7 13 -1 -1 0220200120000000200000000000100000000000200000000020000000001200000001220000000010000000001100000000000000000001001000010 2
2 0 591097 404462 1 11 2 10 -1 -1 0220200120000000200000000000100000000000200000000021000000001200000000220000000010000000001100000000000000000001001000010 2
1 0 590142 404462 11 9 9 11 -1 -1 0022200120000000200000000000100000000000200000000021000000001200000000220000000010000000001100000000000000000001001000010 2
2 0 590142 399776 4 12 6 10 -1 -1 0022200120000000200000000000100000000000200000000021000000001200000001220000000010000000000100000000000000000001001000010 2
1 0 589738 399776 7 13 6 14 -1 -1 0022200120000000000000000000100000000002200000000021000000001200000001220000000010000000000100000000000000000001001000010 2
2 0 589738 392001 6 12 8 10 -1 -1 0022200120000000000000000000100000000002210000000020000000001200000001220000000010000000000100000000000000000001001000010 2
1 0 589084 392001 9 11 5 15 -1 -1 0022200120000000000000000000100000000002010000000020000000021200000001220000000010000000000100000000000000000001001000010 2
2 0 589084 388023 8 14 10 16 -1 -1 0022200120000000000000000000101000000002010000000020000000021200000000220000000010000000000100000000000000000001001000010 2
1 0 587948 388023 11 11 11 13 -1 -1 0022200120000000000000000000101000000002010000000020000000021000000000220000000010200000000100000000000000000001001000010 2
2 0 587948 378215 8 10 9 11 -1 -1 0022200120000000000000000000101000000002010000000020000000021000000000220000000010200000000010000000000000000001001000010 2
1 0 585994 378215 10 12 6 12 -1 -1 0022200120000000000000000000101000000002010000000020000000001000000002220000000010200000000010000000000000000001001000010 2
2 0 585994 370153 2 12 6 16 -1 -1 0022200120000000000000000000101000000002110000000020000000001000000002220000000000200000000010000000000000000001001000010 2
1 0 584431 370153 6 14 4 16 -1 -1 0022000120000000000000000000101000000002112000000020000000001000000002220000000000200000000010000000000000000001001000010 2
2 0 584431 361320 1 13 2 12 -1 -1 0022000120000000001000000000101000000002102000000020000000001000000002220000000000200000000010000000000000000001001000010 2
1 0 583009 361320 6 12 4 10 -1 -1 0002200120000000001000000000101000000002102000000020000000001000000002220000000000200000000010000000000000000001001000010 2
2 0 583009 356725 10 16 11 17 -1 -1 0002200120000001001000000000101000000002002000000020000000001000000002220000000000200000000010000000000000000001001000010 2
1 0 582019 356725 11 13 10 12 -1 -1 0002200120000001001000000000101000000002002000000020000000001000000002220000000000000000000010200000000000000001001000010 2
2 0 582019 354015 2 12 4 14 -1 -1 0002200120000001001000000000101000000002002000000020000000001000000002220000000010000000000000200000000000000001001000010 2
1 0 580447 354015 4 10 2 12 -1 -1 0002000120000001021000000000101000000002002000000020000000001000000002220000000010000000000000200000000000000001001000010 2
2 0 580447 344268 4 14 5 13 -1 -1 0002100120000000021000000000101000000002002000000020000000001000000002220000000010000000000000200000000000000001001000010 2
1 0 576425 344268 10 12 4 14 -1 -1 0002100120000000001000000000121000000002002000000020000000001000000002220000000010000000000000200000000000000001001000010 2
2 0 576425 341297 2 10 6 14 -1 -1 0002100120000000011000000000121000000002002000000020000000001000000002220000000000000000000000200000000000000001001000010 2
1 0 573195 341297 15 13 14 14 -1 -1 0000100120000000011000000000121000000002022000000020000000001000000002220000000000000000000000200000000000000001001000010 2
2 0 573195 338891 5 13 6 12 -1 -1 0000100120000000011000000000121000000002022000000020000000001000000002220000000000000000000000200000000000000001001001000 2
1 0 570103 338891 4 16 2 14 -1 -1 0000100120000000011000000000101000000002222000000020000000001000000002220000000000000000000000200000000000000001001001000 2
2 0 570103 336751 11 17 12 16 -1 -1 0000110120000000010000000000101000000002222000000020000000001000000002220000000000000000000000200000000000000001001001000 2
1 0 568098 336751 5 11 4 10 -1 -1 0000110120000000010000000000101000000002222000000020000000001000000002220000000000000000000000000000000000200001001001000 2
2 0 568098 333927 3 13 7 13 -1 -1 0000110120000001010000000000001000000002222000000020000000001000000002220000000000000000000000000000000000200001001001000 2
1 0 566469 333927 5 15 1 11 -1 -1 0000110100000001010000000000001000000002222000000022000000001000000002220000000000000000000000000000000000200001001001000 2
2 0 566469 330821 6 10 7 9 -1 -1 0100110100000001010000000000000000000002222000000022000000001000000002220000000000000000000000000000000000200001001001000 2
1 0 564995 330821 4 10 5 11 -1 -1 0100110100000001010000000000000000000000222000000222000000001000000002220000000000000000000000000000000000200001001001000 2
2 0 564995 327915 7 9 8 10 -1 -1 0100110100000000010000000000100000000000222000000222000000001000000002220000000000000000000000000000000000200001001001000 2
1 0 563113 327915 8 12 0 12 -1 -1 0100110100000000010000000000100000000000222000000022000000021000000002220000000000000000000000000000000000200001001001000 2
2 0 563113 324877 6 12 10 16 -1 -1 1100110100000000010000000000100000000000222000000022000000020000000002220000000000000000000000000000000000200001001001000 2
1 0 559877 324877 4 14 3 13 -1 -1 1100110100000000010000000000100000000000022000000022000000020000000002220000000000200000000000000000000000200001001001000 2
2 0 559877 322568 6 16 8 14 -1 -1 1100110110000000000000000000100000000000022000000022000000020000000002220000000000200000000000000000000000200001001001000 2
1 0 558048 322568 5 11 4 12 -1 -1 1100110110000000000000000000100000000000020000000022000000020200000002220000000000200000000000000000000000200001001001000 2
2 0 558048 321128 6 14 8 16 -1 -1 1100110110000000100000000000000000000000020000000022000000020200000002220000000000200000000000000000000000200001001001000 2
1 0 557751 321128 4 12 2 10 -1 -1 1100110110000000100000000000000000000000000000000022000000020220000002220000000000200000000000000000000000200001001001000 2
2 0 557751 318850 8 16 10 10 -1 -1 1101110110000000000000000000000000000000000000000022000000020220000002220000000000200000000000000000000000200001001001000 2
1 0 556960 318850 13 9 12 8 -1 -1 1101110110000000000000000000000000000000000000000022000000020200000002220000000200200000000000000000000000200001001001000 2
2 0 556960 317620 7 13 8 12 -1 -1 1101110110000000000000000000000000000000000000000022000000020200000002220000000200200000000000000000001000200000001001000 2
1 0 556395 317620 13 15 11 17 -1 -1 1101110110000000000000000000000000000000000000000020000000022200000002220000000200200000000000000000001000200000001001000 2
2 0 556395 316461 9 11 11 9 -1 -1 1101110110000000000000000000000000000000000000000020000000022200000002220000000200200000000000100000001000200000000001000 2
1 0 555370 316461 12 8 11 7 -1 -1 1101110110000000000000000000000000000000000000000020000000022200000000220000000200200000002000100000001000200000000001000 2
2 0 555370 314978 7 11 11 11 -1 -1 1101110110000000000000000000000000000000000000000020000000022200000000220000000200200000012000100000000000200000000001000 2
1 0 554041 314978 11 7 10 8 -1 -1 1101110110000000000000000000000000000000000000000000000000022200000000220000000200200000012200100000000000200000000001000 2
2 0 554041 314021 10 16 12 18 -1 -1 1101110110000000000000000000000000000000000000000000000000022200000000220000001200200000002200100000000000200000000001000 2
1 0 552267 314021 11 17 10 18 -1 -1 1101110110000000000000000000000000000000000000000000000000022200000000220000001200000000002200100000000000220000000001000 2
2 0 552267 312909 8 12 10 14 -1 -1 1101110110000000000000000000000000000000000000000000000000022200000000220000001200010000002200000000000000220000000001000 2
1 0 550178 312909 14 14 13 15 -1 -1 1101110110000000000000000000000000000000000000000000000000020200000000220000001202010000002200000000000000220000000001000 2
2 0 550178 311858 8 14 10 12 -1 -1 1101110110000000000000000000000000000000000000000000000000020200000000220000001202010000002200000000000000220000001000000 2
1 0 547521 311858 13 15 9 19 -1 -1 1101110110000000000000000000000000000000000000000000000000020000000000220000001222010000002200000000000000220000001000000 2
2 0 547521 311297 11 9 12 10 -1 -1 1101110110000000000000000000000000000000000000000000000000020000000000220100001222010000002200000000000000220000000000000 2
1 0 545084 311297 10 8 11 9 -1 -1 1101110110000000000000000000000000000000000000000000000000020000000000220100001222010000000200000000000200220000000000000 2
2 0 545084 310819 8 10 9 11 -1 -1 1101110110000000000000000000000000000000000000000000000000020000000000220100000222010000001200000000000200220000000000000 2
1 0 544513 310819 10 18 8 20 -1 -1 1101110110000000000000000000000000000000000000000000000000000000000002220100000222010000001200000000000200220000000000000 2
2 0 544513 309847 11 11 12 12 -1 -1 1101110110000000000000000000000000000000000000000000000000000000100002220100000222000000001200000000000200220000000000000 2
1 0 543970 309847 11 9 11 11 -1 -1 1101110110000000000000000000000000000000000000000000000000000000100002220100000222000000001000000000000220220000000000000 2
2 0 543970 308462 12 12 13 13 -1 -1 1101110110000000000000000000000000000000000000000000000000000000100002220100000222000000000100000000000220220000000000000 2
1 0 543469 308462 9 19 7 21 -1 -1 1101110110000000000000000000000000000000000000000000000000000000100002220100000222000000000100000000000200220000020000000 2
2 0 543469 307158 12 18 14 12 -1 -1 1101110110000000000000000000000000000000000000000000000100000000100002220000000222000000000100000000000200220000020000000 2
1 0 543002 307158 8 20 6 22 -1 -1 1101110110000000000000000000000000000000000000000000000100000000100002220000000222000000000100000000000200200000020020000 2
2 0 543002 303368 9 15 13 15 -1 -1 1101110110000000000000000000000000000000000001000000000100000000000002220000000222000000000100000000000200200000020020000 2
1 0 542584 303368 7 21 5 23 -1 -1 1101110110000000000000000000000000000000000001000000000100000000000002200000000222000000000100000000000200200000022020000 2
2 0 542584 299262 9 11 15 13 -1 -1 1101110110000000000000000000000000100000000001000000000000000000000002200000000222000000000100000000000200200000022020000 2
1 0 541370 299262 11 11 9 9 -1 -1 1101110110000000000000000000000000100000000001000000000000000000000000200000000222000000000100000000000200200000022020020 2
2 0 541370 292354 12 10 13 11 -1 -1 1101110110000000000000000000000000100000000001000000000000000000000010200000000222000000000000000000000200200000022020020 2
1 0 540976 292354 6 22 4 24 -1 -1 1101110110000000000000000000000000100000000001000000000000000000000010200000000222000000000000000000000000200000222020020 2
2 0 540976 285265 9 13 11 11 -1 -1 1101110110000000000000100000000000100000000000000000000000000000000010200000000222000000000000000000000000200000222020020 2
1 0 540465 285265 5 23 4 22 -1 -1 1101110110000000000000100000000000100000000000000000000000000000000010000000000222000000000200000000000000200000222020020 2
2 0 540465 281175 10 10 16 12 -1 -1 1101110110000000000001100000000000000000000000000000000000000000000010000000000222000000000200000000000000200000222020020 2
1 0 539953 281175 9 9 8 10 -1 -1 1101110110000000000001100000000000000000000000000000000000000000000010000000000022000000000200000000000000200000222020022 2
2 0 539953 269855 10 14 14 14 -1 -1 1101110110000000000001100000000000000000000000000000000000010000000000000000000022000000000200000000000000200000222020022 2
1 0 539694 269855 8 10 7 11 -1 -1 1101110110000000000001100000000000000000000000000000000000010000000000000000000020000000000200000000000000200000222022022 2
2 0 539694 267734 10 12 12 10 -1 -1 1101110110000000000001100000000000000000000000000010000000000000000000000000000020000000000200000000000000200000222022022 2
1 0 539462 267734 7 11 6 12 -1 -1 1101110110000000000001100000000000000000000000000010000000000000000000000000000000000000000200000000000200200000222022022 2
2 0 539462 267732 13 13 15 11 -1 -1 1101110110000000000001100000000000000000100000000000000000000000000000000000000000000000000200000000000200200000222022022 2
1 0 539251 267732 6 12 5 11 -1 -1 1101110110000000000001100000000000000000100000000000000000000000000000000000000000000000000200000000000200200000202022222 2
2 0 539251 267731 11 11 13 13 -1 -1 1101110110000000000001100000100000000000000000000000000000000000000000000000000000000000000200000000000200200000202022222 2
1 0 539115 267731 5 11 4 10 -1 -1 1101110110000000000001100000100000000000000000000000000000000000000000000000000000000000000000000000000200200000222022222 2
2 0 539115 267730 12 10 13 9 -1 -1 1101110110000001000001100000000000000000000000000000000000000000000000000000000000000000000000000000000200200000222022222 2
1 0 538617 267730 4 10 3 9 -1 -1 1101110110000001000001100000000000000000000000000000000000000000000000000000000000000000000000000000000000200002222022222 2
2 0 538617 267729 13 9 14 10 -1 -1 1101111110000000000001100000000000000000000000000000000000000000000000000000000000000000000000000000000000200002222022222 2
1 0 538564 267729 4 24 4 20 -1 -1 1101111110000000000001100000000000000000000000000000000000000000000000000000000000000000000000000000000000200000222222222 2
2 0 538564 267728 12 16 12 14 -1 -1 1101111110000000000011000000000000000000000000000000000000000000000000000000000000000000000000000000000000200000222222222 2
1 0 538306 267728 4 22 4 18 -1 -1 1101111110000000000011000000000000000000000000000000000000000000000000000000000000000000000000000000000002000000222222222 2
2 0 538306 267728 12 14 12 12 11 11 1101111110000000000110000000000000000000000000000000000000000000000000000000000000000000000000000000000002000000222222222 2
1 0 538196 267728 2 14 3 15 -1 -1 1101111110000000000110000000000000000000000000000000000000000000000000000000000000000000000300000000000020000000222222222 2
2 0 538196 267728 12 12 12 10 -1 -1 1101101111000000000110000000000000000000000000000000000000000000000000000000000000000000000300000000000020000000222222222 2
1 0 538078 267728 4 20 2 14 -1 -1 1101101111000000000110000000000000000000000000000000000000000000000000000000000000000000000300000000000200000000222222222 2
2 0 538078 267727 12 10 13 9 -1 -1 1101111111000000000100000000000000000000000000000000000000000000000000000000000000000000000300000000000200000000222222222 2
