1322295991000
kingfish
googolhex
1 0 599812 600000 14 10 12 12 -1 -1 2222222222000000000000000000000000000000000000000000000000000000000000000000000000000000000000000000000000000001111111111 1
2 0 599812 599671 3 13 4 14 -1 -1 2222222222000000000000000000000000000000000000000000000000000000000000000000000000000000000000000000000010000001111011111 1
1 0 599810 599671 16 12 12 8 -1 -1 2222222202000000020000000000000000000000000000000000000000000000000000000000000000000000000000000000000010000001111011111 1
2 0 599810 599012 3 9 5 15 -1 -1 2222222202000000020000000000000000000000000000000000000000000000000000000000000000000000000000000000001010000001111011110 1
1 0 599809 599012 13 13 11 11 -1 -1 2222220202000000020000000000002000000000000000000000000000000000000000000000000000000000000000000000001010000001111011110 1
2 0 599809 597922 5 15 6 16 -1 -1 2222220202000000020000000000002000000000000000000000000000000000000000000000000000000000000100000000001010000001101011110 1
1 0 599808 597922 14 12 10 12 -1 -1 2222220202000000020000000000000000000000002000000000000000000000000000000000000000000000000100000000001010000001101011110 1
2 0 599808 597159 2 10 4 12 -1 -1 2222220202000000020000000000000000000000002000000000000000000000000000000000000010000000000100000000001010000001101001110 1
1 0 599807 597159 13 11 9 11 -1 -1 2220220202000000220000000000000000000000002000000000000000000000000000000000000010000000000100000000001010000001101001110 1
2 0 599807 595703 1 11 5 15 -1 -1 2220220202000000220000000000000000000000002000000000000000000000000001000000000010000000000100000000001010000001001001110 1
1 0 599617 595703 12 12 8 12 -1 -1 2020220202000000220000000000002000000000002000000000000000000000000001000000000010000000000100000000001010000001001001110 1
2 0 599617 593302 3 11 7 15 -1 -1 2020220202000000220000000000002000000000002000000000000000001000000001000000000010000000000100000000001000000001001001110 1
1 0 599616 593302 11 11 7 11 -1 -1 2020220002000000220000000000002000000000002000000000200000001000000001000000000010000000000100000000001000000001001001110 1
2 0 599616 589189 4 12 8 16 -1 -1 2020220002000000220000000000002000000000002000000010200000001000000001000000000010000000000000000000001000000001001001110 1
1 0 599616 589189 10 12 6 12 -1 -1 2020220002000000020000000000002000000000002000000010200000001020000001000000000010000000000000000000001000000001001001110 1
2 0 599616 585587 8 16 9 15 -1 -1 2020220002000000020000000000002000000000102000000010200000001020000001000000000000000000000000000000001000000001001001110 1
1 0 595256 585587 8 12 4 16 -1 -1 2020220002000000020000000000002000000000102000000010200000001000000001020000000000000000000000000000001000000001001001110 1
2 0 595256 583745 9 15 10 16 -1 -1 2020220002000000021000000000002000000000102000000010200000000000000001020000000000000000000000000000001000000001001001110 1
1 0 590310 583745 12 8 11 9 -1 -1 2020220002000000021000000000002000000000102000000010200000000000000001000000000000200000000000000000001000000001001001110 1
2 0 590310 582243 7 15 8 16 -1 -1 2020220002000000021000000000002000000000102000000010200000000000000001000000000000200000001000000000000000000001001001110 1
1 0 586733 582243 14 14 6 10 -1 -1 2020220002000000021000000000002000000000102000000010000000000020000001000000000000200000001000000000000000000001001001110 1
2 0 586733 580945 5 15 9 15 -1 -1 2020220002000000021000000000002000000001102000000010000000000020000001000000000000200000001000000000000000000001001000110 1
1 0 583899 580945 15 11 14 10 -1 -1 2020220002000000021000000000000000000001102000000010000000000020000001020000000000200000001000000000000000000001001000110 1
2 0 583899 578888 4 14 5 15 -1 -1 2020220002000000021000000000000000000001102000000010000000000020000001020000000000200000001000000000000000000001001100010 1
1 0 581157 578888 7 11 5 17 -1 -1 2020220002000000001000000000002000000001102000000010000000000020000001020000000000200000001000000000000000000001001100010 1
2 0 581157 577827 5 15 6 14 -1 -1 2020220002000000001000000000002100000001102000000000000000000020000001020000000000200000001000000000000000000001001100010 1
1 0 577984 577827 14 10 8 12 -1 -1 2020220002000000001000000000000100000001122000000000000000000020000001020000000000200000001000000000000000000001001100010 1
2 0 577984 575944 3 15 4 14 -1 -1 2020220002000000001000000000000100000001122000000000000000001020000001020000000000200000001000000000000000000001001000010 1
1 0 574060 575944 5 17 3 15 -1 -1 2020220000000000021000000000000100000001122000000000000000001020000001020000000000200000001000000000000000000001001000010 1
2 0 574060 567268 6 14 7 15 -1 -1 2020220001000000021000000000000000000001122000000000000000001020000001020000000000200000001000000000000000000001001000010 1
1 0 568133 567268 9 11 1 11 -1 -1 2020220001000000021000000000000000000001102000000000200000001020000001020000000000200000001000000000000000000001001000010 1
2 0 568133 560083 7 15 11 15 -1 -1 2120220001000000021000000000000000000001102000000000200000001020000000020000000000200000001000000000000000000001001000010 1
1 0 564966 560083 6 10 5 11 -1 -1 2120220001000000021000000000000000000001102000000000000000001020000000020000000000200000001002000000000000000001001000010 1
2 0 564966 552108 8 16 16 12 -1 -1 2120220001000000021000000000100000000000102000000000000000001020000000020000000000200000001002000000000000000001001000010 1
1 0 561680 552108 6 12 4 10 -1 -1 2120220001000000021000000000100000000000102000000000000000001000000000020000000000200000001002000000000000000001001000012 1
2 0 561680 545817 2 12 3 13 -1 -1 2120220001000001021000000000100000000000002000000000000000001000000000020000000000200000001002000000000000000001001000012 1
1 0 559021 545817 15 13 14 14 -1 -1 2120020021000001021000000000100000000000002000000000000000001000000000020000000000200000001002000000000000000001001000012 1
2 0 559021 540037 11 15 12 16 -1 -1 2120020021000001021000000000100000000000002000000000000000001000000000020000000000200000001002000000000000000001001001002 1
1 0 556549 540037 4 16 4 12 -1 -1 2120020021000001021000000000100000000000002000000000000000001000000000020000000000200000001000000000000000200001001001002 1
2 0 556549 536661 2 14 4 16 -1 -1 2120020021000001120000000000100000000000002000000000000000001000000000020000000000200000001000000000000000200001001001002 1
1 0 554001 536661 13 15 11 17 -1 -1 2120000021000001122000000000100000000000002000000000000000001000000000020000000000200000001000000000000000200001001001002 1
2 0 554001 531622 3 13 5 15 -1 -1 2120000021000001122000000000100000000000002000000000000000001000000000020000000000200000001000100000000000200001000001002 1
1 0 550572 531622 5 11 3 13 -1 -1 2120000001000001122000000000102000000000002000000000000000001000000000020000000000200000001000100000000000200001000001002 1
2 0 550572 530529 12 16 13 15 -1 -1 2120000011000001122000000000002000000000002000000000000000001000000000020000000000200000001000100000000000200001000001002 1
1 0 545913 530529 11 17 11 15 -1 -1 2120000011000001122000000000002000000000002000000000000000001000000000020000000000200000001000100000000000000001002001002 1
2 0 545913 529496 6 16 7 15 -1 -1 2120000011000001122000000000002000000000002000000000000000001000000000020000000000200000001001000000000000000001002001002 1
1 0 541313 529496 14 14 6 14 -1 -1 2120000011000001122000000000002000000000000000000000200000001000000000020000000000200000001001000000000000000001002001002 1
2 0 541313 526718 7 15 8 16 -1 -1 2120000011000001122000000000002000000000010000000000200000001000000000020000000000200000001001000000000000000001002000002 1
1 0 535286 526718 11 15 3 11 -1 -1 2120000011000001122000000000002000000000010000000000000000001020000000020000000000200000001001000000000000000001002000002 1
2 0 535286 525507 4 14 5 13 -1 -1 2120000111000001122000000000002000000000010000000000000000001020000000020000000000200000001000000000000000000001002000002 1
1 0 533063 525507 4 10 2 12 -1 -1 2120000111000001102000000000022000000000010000000000000000001020000000020000000000200000001000000000000000000001002000002 1
2 0 533063 523607 5 13 11 15 -1 -1 2120100111000000102000000000022000000000010000000000000000001020000000020000000000200000001000000000000000000001002000002 1
1 0 531135 523607 4 12 2 14 -1 -1 2120100111000000102000000000002000000000010000000000000000001020000000020000000000200000001002000000000000000001002000002 1
2 0 531135 521854 11 15 12 16 -1 -1 2120110111000000002000000000002000000000010000000000000000001020000000020000000000200000001002000000000000000001002000002 1
1 0 529047 521854 13 9 12 8 -1 -1 2120110111000000002000000000002000000000010000000000000000001020000000020000000000200000001000000000000000200001002000002 1
2 0 529047 521853 5 15 9 11 -1 -1 2120110111000000002000000000002000000000010000000000000000001020000000020000000000200000001000000000001000200000002000002 1
1 0 527782 521853 12 8 10 10 -1 -1 2120110111000000002000000000000000000000010000000000000000001020000002020000000000200000001000000000001000200000002000002 1
2 0 527782 521853 0 12 4 12 -1 -1 2120110111000000002000000000000000000000010000000000000000001020000002020000000100200000001000000000000000200000002000002 1
1 0 524861 521853 8 12 7 11 -1 -1 0120110111000000202000000000000000000000010000000000000000001020000002020000000100200000001000000000000000200000002000002 1
2 0 524861 521852 12 16 14 14 -1 -1 0120110111000000202000000000000000000000010000000010000000000020000002020000000100200000001000000000000000200000002000002 1
1 0 522458 521852 10 10 6 10 -1 -1 0120110111000000202000000000000000000000010000000010000000000020000002020000000100200000001000000000000000000000002002002 1
2 0 522458 521851 13 15 15 13 -1 -1 0120110111000000202000000000000000000001010000000010000000000020000002020000000000200000001000000000000000000000002002002 1
1 0 520455 521851 7 11 5 9 -1 -1 0120110111000000202000000000000000000001010000000010000000000020000002020000000000200000001000000000000000000000000002022 1
2 0 520455 521850 9 15 11 17 -1 -1 0120110111000000202000000001000000000001010000000000000000000020000002020000000000200000001000000000000000000000000002022 1
1 0 518504 521850 6 10 4 8 -1 -1 0120110111000000202000000001000000000001010000000000000000000020000002000000000000200000001000200000000000000000000002022 1
2 0 518504 521849 11 17 12 16 -1 -1 0120110111000010202000000001000000000000010000000000000000000020000002000000000000200000001000200000000000000000000002022 1
1 0 516738 521849 4 8 3 9 -1 -1 0120110111000010202000000001000000000000010000000000000000000020000002000000000000200000001000000000000000200000000002022 1
2 0 516738 521848 4 12 6 10 -1 -1 0120111111000000202000000001000000000000010000000000000000000020000002000000000000200000001000000000000000200000000002022 1
1 0 514500 521848 5 9 4 10 -1 -1 0120111111000000002000000001000000000002010000000000000000000020000002000000000000200000001000000000000000200000000002022 1
2 0 514500 521847 12 16 13 15 -1 -1 0120111111000001002000000000000000000002010000000000000000000020000002000000000000200000001000000000000000200000000002022 1
1 0 512920 521847 6 14 5 13 -1 -1 0120111111000001002000000000000000000002010000000000000000000020000002000000000000200000001000000000000000000000002002022 1
2 0 512920 521843 10 16 11 17 8 10 0120111111000001002000000000010000000002000000000000000000000020000002000000000000200000001000000000000000000000002002022 1
1 0 511170 521843 11 9 10 10 -1 -1 0120111111000001002000000000010000000002000000000000000000030020000002000000000000000000001000200000000000000000002002022 1
2 0 511170 521843 9 11 11 9 5 11 0120111111000001002000000000010000000002000000000000000000030020000002000000000100000000000000200000000000000000002002022 1
1 0 509553 521843 5 13 4 12 -1 -1 0120111111000001002000000000310000000002000000000000000000030020000000000000000100000000002000200000000000000000002002022 1
2 0 509553 521842 11 17 12 16 -1 -1 0120111111000001102000000000300000000002000000000000000000030020000000000000000100000000002000200000000000000000002002022 1
1 0 508553 521842 4 12 0 12 -1 -1 0120111111000001102000000000300000000002000000000000000000030020000000000000000100000000002000000000000000200000002002022 1
2 0 508553 521841 11 9 12 10 -1 -1 1120111111000001002000000000300000000002000000000000000000030020000000000000000100000000002000000000000000200000002002022 1
1 0 507926 521841 10 10 9 11 -1 -1 1120111111000001002000000000300000000002000000000000000000030020000000000000000100000000000000000000000200200000002002022 1
2 0 507926 521841 12 10 13 9 -1 -1 1120111111000001002000000000300000000002000000000000000000030020000001000000000000000000000000000000000200200000002002022 1
1 0 507160 521841 9 11 7 9 -1 -1 1120111111000001002000000000300000000002000000000000000000030020000001000000000000000000000000000000000000200002002002022 1
2 0 507160 521841 6 10 8 12 -1 -1 1120111111000001002000000000300000000002000000000100000000030020000000000000000000000000000000000000000000200002002002022 1
1 0 506228 521841 4 10 4 8 -1 -1 1120111111000001002000000000300000000000000000000100000000032020000000000000000000000000000000000000000000200002002002022 1
2 0 506228 521841 13 9 14 10 -1 -1 1120111111000010002000000000300000000000000000000100000000032020000000000000000000000000000000000000000000200002002002022 1
1 0 504998 521841 7 9 6 10 -1 -1 1120111111000010002000000000300000000000000000000100000000032020000000000000000000000000000000000000000000200000002202022 1
2 0 504998 521841 14 10 15 11 -1 -1 1120111111000010002000000000300000000001000000000000000000032020000000000000000000000000000000000000000000200000002202022 1
1 0 504185 521841 6 10 2 10 -1 -1 1120111111000010002000000000300000000001000000000000000000032020000000000000000000000000000000000000000000200000002002222 1
