1322294343000
artificialwintelligence
kingfish
1 0 599620 600000 14 12 12 10 -1 -1 2222222222000000000000000000000000000000000000000000000000000000000000000000000000000000000000000000000000000001111111111 2
2 0 599620 599912 2 14 4 12 -1 -1 2222222222000000000000000000000000000000000000000000000000000000000000000000000000000000000000000000000100000001111101111 2
1 0 599071 599912 13 11 11 9 -1 -1 2222202222000000200000000000000000000000000000000000000000000000000000000000000000000000000000000000000100000001111101111 2
2 0 599071 599911 0 12 4 16 -1 -1 2222202222000000200000000000000000000000000000000000000000000000000000000000000000000000001000000000000100000001011101111 2
1 0 598431 599911 14 14 12 8 -1 -1 0222202222000000202000000000000000000000000000000000000000000000000000000000000000000000001000000000000100000001011101111 2
2 0 598431 599910 2 12 4 10 -1 -1 0222202222000000202000000000000000000000000000000000000000000000000000000000000000000000001000000000001100000001011100111 2
1 0 597484 599910 16 12 12 16 -1 -1 0222002222000002202000000000000000000000000000000000000000000000000000000000000000000000001000000000001100000001011100111 2
2 0 597484 599909 3 9 5 11 -1 -1 0222002222000002202000000000000000000000000000000000000000000000000000000000000000000000001000000000001100100001011100110 2
1 0 596381 599909 12 10 10 8 -1 -1 0222000222000002202000000000200000000000000000000000000000000000000000000000000000000000001000000000001100100001011100110 2
2 0 596381 599908 1 11 3 9 -1 -1 0222000222000002202000000000200000000000000000000000000000000000000000000000001000000000001000000000001000100001011100110 2
1 0 595464 599908 13 9 9 9 -1 -1 0022002222000002202000000000200000000000000000000000000000000000000000000000001000000000001000000000001000100001011100110 2
2 0 595464 599759 3 11 5 13 -1 -1 0022002222000002202000000000200000000000000000000000000000000000000010000000001000000000001000000000001000100000011100110 2
1 0 594187 599759 12 8 8 8 -1 -1 0022002022000002202000000000220000000000000000000000000000000000000010000000001000000000001000000000001000100000011100110 2
2 0 594187 599758 3 15 5 9 -1 -1 0022002022000002202000000000220000000000000000000000000000100000000010000000001000000000001000000000000000100000011100110 2
1 0 593446 599758 11 9 7 9 -1 -1 0022002020000002202000000002220000000000000000000000000000100000000010000000001000000000001000000000000000100000011100110 2
2 0 593446 595457 4 10 8 10 -1 -1 0022002020000002202000000002220000000000000000000100000000100000000010000000001000000000000000000000000000100000011100110 2
1 0 590900 595457 15 11 13 9 -1 -1 0022002020000000202000000002220000000000000000000100000000120000000010000000001000000000000000000000000000100000011100110 2
2 0 590900 592301 2 10 6 10 -1 -1 0022002020000000202000000002220000000000000000000100000000120000000010000000001000000000000000000000000000100001011100010 2
1 0 589865 592301 15 13 14 14 -1 -1 0020002020000000202000000002220000000002000000000100000000120000000010000000001000000000000000000000000000100001011100010 2
2 0 589865 590031 1 13 2 12 -1 -1 0020002020000000202000000002220000000002000000000100000000120000000010000000001000000000000000000000000000100001011101000 2
1 0 588322 590031 14 10 13 11 -1 -1 0000202020000000202000000002220000000002000000000100000000120000000010000000001000000000000000000000000000100001011101000 2
2 0 588322 585900 4 12 6 14 -1 -1 0000202020000000202000000002220000000002000000000100000000120000000010000000001000000000000000000000000000100001111001000 2
1 0 587200 585900 7 9 6 8 -1 -1 0000202020000000002000000002220000000002020000000100000000120000000010000000001000000000000000000000000000100001111001000 2
2 0 587200 577649 5 11 9 7 -1 -1 0000202020000000002000000002220000000012020000000000000000120000000010000000001000000000000000000000000000100001111001000 2
1 0 585573 577649 9 9 7 11 -1 -1 0000202020000000002000000002020000000012020000000000000000120000000210000000001000000000000000000000000000100001111001000 2
2 0 585573 571403 5 9 11 7 -1 -1 0000202020000000002000000002020000000012020000000010000000120000000200000000001000000000000000000000000000100001111001000 2
1 0 583533 571403 14 14 12 8 -1 -1 0000202020000000002000000000020000000012020000000010000000120000000200000000001000000000020000000000000000100001111001000 2
2 0 583533 565321 6 10 8 12 -1 -1 0000202020000000002000000000020000000012020000000010000000120000000200000000001000000000020000000000001000100001111000000 2
1 0 579556 565321 10 8 9 9 -1 -1 0000202020000000002000000000020000000010020000000010000000122000000200000000001000000000020000000000001000100001111000000 2
2 0 579556 558069 8 10 14 12 -1 -1 0000202020000000002000000000020000000010020000000010000000122000000210000000000000000000020000000000001000100001111000000 2
1 0 576434 558069 13 13 12 14 -1 -1 0000202020000000002000000000020000000010020000000010000000102000000210000000000000000000020000000000001000100001111020000 2
2 0 576434 553396 2 12 12 6 -1 -1 0000202020000000002000000000020000000010020000000010000000102000000210000000000000000000020000000000001001100001101020000 2
1 0 574677 553396 13 9 11 15 -1 -1 0000002020000000002000000000020000000010020000000010000000102000000210000000000000000000020000000000021001100001101020000 2
2 0 574677 548229 4 16 4 14 -1 -1 0000002020000000002000000000020000000010020000000010000000102000000210000000000000000000020001000000021001100000101020000 2
1 0 572226 548229 12 14 10 16 -1 -1 0000002020000000020000000000020000000010020000000010000000102000000210000000000000000000020001000000021001100000101020000 2
2 0 572226 541136 3 13 9 11 -1 -1 0000002020000000020000000000020000000010020000000010000000102000000210000000000000100000020001000000021000100000101020000 2
1 0 567841 541136 9 9 5 9 -1 -1 0000002000000000020000000000020000000010020000000010000000102000000212000000000000100000020001000000021000100000101020000 2
2 0 567841 533842 4 14 10 12 -1 -1 0000002000000000020000000001020000000010020000000010000000102000000202000000000000100000020001000000021000100000101020000 2
1 0 562685 533842 13 15 9 15 -1 -1 0000002000000000000000000001020000000010020000000010000000102000000202000000000020100000020001000000021000100000101020000 2
2 0 562685 520830 9 11 13 15 -1 -1 0000002000000000000000000001020000000010020000000010000000102000000202010000000020100000020001000000021000100000100020000 2
1 0 558160 520830 12 16 8 16 -1 -1 0000002000000000000000000001020000000010020000000010000000102000000200010000000020100000020001000000021000100000102020000 2
2 0 558160 509927 5 13 11 11 -1 -1 0000002000000000000000000001020000000010020000000010000000102010000200010000000020100000020001000000021000000000102020000 2
1 0 554884 509927 11 15 5 13 -1 -1 0000002000000000000000000001000000000010020000000010000000102010000200010000000020100000020201000000021000000000102020000 2
2 0 554884 499535 9 7 9 11 -1 -1 0000002000000000000000000001010000000010020000000010000000102010000200010000000020100000020200000000021000000000102020000 2
1 0 550922 499535 10 16 4 14 -1 -1 0000002000000000000000000001010000000010020000000010000000102010000002010000000020100000020200000000021000000000102020000 2
2 0 550922 487412 11 7 15 11 -1 -1 0000002000000000010000000001010000000010020000000010000000102010000002010000000020000000020200000000021000000000102020000 2
1 0 545825 487412 13 11 12 10 -1 -1 0000002000000000010000000001010000000010020000000010000000102010000002010000000020000000000200000000021000000000102020200 2
2 0 545825 476619 9 11 15 13 -1 -1 0000002000000000010000000001010000000010020000000010000000102010000002010000000020000000000200000000021100000000002020200 2
1 0 542426 476619 12 8 11 9 -1 -1 0000002000000000010000000001010000000010020000000010000000102010000000010000000020000000000200000000021100000000002020220 2
2 0 542426 470974 11 11 13 9 -1 -1 0000002000000000010000000001010000000010020000000010000000102010000000010000000020000000001200000000020100000000002020220 2
1 0 539210 470974 12 10 10 8 -1 -1 0000002000000000010000000001010000000010020000000010000000102010000000010000000020000000001000000000020100000002002020220 2
2 0 539210 465865 3 9 4 8 -1 -1 0000002000000000010000000001010000000010020000000010000000102010000000010000001020000000001000000000020000000002002020220 2
1 0 536309 465865 11 9 3 9 -1 -1 0000000000000020010000000001010000000010020000000010000000102010000000010000001020000000001000000000020000000002002020220 2
2 0 536309 461570 4 8 5 7 -1 -1 0000001000000020010000000001010000000010020000000010000000102010000000010000001020000000000000000000020000000002002020220 2
1 0 533514 461570 10 8 9 7 -1 -1 0000001000000000010000000021010000000010020000000010000000102010000000010000001020000000000000000000020000000002002020220 2
2 0 533514 459328 5 7 11 13 -1 -1 0000001000000000010000000021010000000010020000000010000000102010000100010000000020000000000000000000020000000002002020220 2
1 0 530094 459328 9 7 3 13 -1 -1 0000001000000000010000000001010000000010020000000010000000102010000100010000000020000000000020000000020000000002002020220 2
2 0 530094 455170 6 14 7 13 -1 -1 0000001010000000010000000001010000000010020000000010000000102010000000010000000020000000000020000000020000000002002020220 2
1 0 527971 455170 7 11 7 9 -1 -1 0000001010000000010000000001010000000010000000000012000000102010000000010000000020000000000020000000020000000002002020220 2
2 0 527971 452037 11 13 12 12 -1 -1 0000001010000000010000000001010000000010000000000102000000102010000000010000000020000000000020000000020000000002002020220 2
1 0 525205 452037 8 8 2 10 -1 -1 0000001010000000010000000001010000000010000000000102000000102010000000010000000020000000000000000000020020000002002020220 2
2 0 525205 450059 7 13 13 11 -1 -1 0001001010000000010000000001010000000010000000000102000000002010000000010000000020000000000000000000020020000002002020220 2
1 0 522801 450059 9 15 7 17 -1 -1 0001001010000000010000000001010000000010000000000100000000002010000000010000000020000000000000000000020020000002202020220 2
2 0 522801 448322 12 12 13 13 -1 -1 0001001010000000010000000001010000000010000000000100010000002010000000000000000020000000000000000000020020000002202020220 2
1 0 521999 448322 7 17 7 15 -1 -1 0001001010000000010000000001010000000010000000000100010000002010000000000000000020000000000000000000020000000002222020220 2
2 0 521999 447449 8 12 9 13 -1 -1 0001001010000000010000000001010000000010000000000100100000002010000000000000000020000000000000000000020000000002222020220 2
1 0 520773 447449 8 16 2 14 -1 -1 0001001010000000010000000001010000000010000000000100100000000010000000200000000020000000000000000000020000000002222020220 2
2 0 520773 446711 9 13 10 14 -1 -1 0001011010000000010000000001010000000010000000000100100000000000000000200000000020000000000000000000020000000002222020220 2
1 0 519468 446711 3 13 2 12 -1 -1 0001011010000000010000000001010000000010000000000100100000000000000000000000000022000000000000000000020000000002222020220 2
2 0 519468 446045 10 12 11 13 -1 -1 0001111000000000010000000001010000000010000000000100100000000000000000000000000022000000000000000000020000000002222020220 2
1 0 518029 446045 7 9 1 11 -1 -1 0001111000000000010000000001010000000010000000000100100000000000000000000000000002000000000020000000020000000002222020220 2
2 0 518029 445308 10 14 16 12 -1 -1 0101111000000000010000000001010000000010000000000000100000000000000000000000000002000000000020000000020000000002222020220 2
1 0 517325 445308 6 8 4 10 -1 -1 0101111000000000010000000001010000000010000000000000100000000000000000000000000000000000000020000000020000000002222020222 2
2 0 517325 444481 11 13 12 12 -1 -1 0101111000000001010000000001010000000000000000000000100000000000000000000000000000000000000020000000020000000002222020222 2
1 0 516730 444481 5 9 1 13 -1 -1 0101111000000001010000000001010000000000000000000000100000000000000000000000000000000000000000000000020020000002222020222 2
2 0 516730 443932 12 12 14 14 -1 -1 0111111000000001010000000000010000000000000000000000100000000000000000000000000000000000000000000000020020000002222020222 2
1 0 516125 443932 7 15 6 14 -1 -1 0111111000000001010000000000010000000000000000000000100000000000000000000000000000000000000000000000020000000002222022222 2
2 0 516125 443605 12 6 12 8 -1 -1 0111111000000001010000000000010000000000010000000000000000000000000000000000000000000000000000000000020000000002222022222 2
1 0 515471 443605 6 14 4 16 -1 -1 0111111000000001010000000000010000000000010000000000000000000000000000000000000000000000000000000000002000000002222022222 2
2 0 515471 443320 12 8 14 10 -1 -1 0111111000000001011000000000010000000000000000000000000000000000000000000000000000000000000000000000002000000002222022222 2
