1322295549000
kingfish
brogrammers
1 0 599803 600000 14 10 12 12 -1 -1 2222222222000000000000000000000000000000000000000000000000000000000000000000000000000000000000000000000000000001111111111 1
2 0 599803 599997 2 12 4 10 -1 -1 2222222222000000000000000000000000000000000000000000000000000000000000000000000000000000000000000000000010000001111011111 1
1 0 599802 599997 16 12 12 8 -1 -1 2222022222000002000000000000000000000000000000000000000000000000000000000000000000000000000000000000000010000001111011111 1
2 0 599802 599996 2 10 6 14 5 13 2222022222000002000000000000000000000000000000000000000000000000000000000000000000000000000000000000001010000001111011110 1
1 0 599801 599996 13 13 11 11 -1 -1 2220022222000002000000000000030000000000020000000000000000000000000000000000000000000000000000000000001010000001111011110 1
2 0 599801 599995 3 9 7 13 -1 -1 2220022222000002000000000000030000000000020000000000000000000000000000000000000000000000000100000000001010000001101011110 1
1 0 599800 599995 14 12 10 12 -1 -1 2220020222000002000000000000030000000000020000000002000000000000000000000000000000000000000100000000001010000001101011110 1
2 0 599800 599994 4 10 8 14 -1 -1 2220020222000002000000000000030000000000020000000002000000000000000000000000000010000000000100000000001010000001101001110 1
1 0 596472 599994 11 11 7 15 -1 -1 2220020222000000000000000000030000000000020000000002000000000200000000000000000010000000000100000000001010000001101001110 1
2 0 596472 599993 6 14 10 14 9 15 2220020222000000000000000000030000000000020000000002100000000200000000000000000010000000000000000000001010000001101001110 1
1 0 593963 599993 7 15 6 14 -1 -1 2220020222000000000000000000030000000000000000000002100000000200000000030000000012000000000000000000001010000001101001110 1
2 0 593963 599992 0 12 4 12 -1 -1 2220020222000000000000000000030000000000010000000002000000000200000000030000000012000000000000000000001010000001101001110 1
1 0 588375 599992 13 9 7 11 -1 -1 0220020222000000200000000000030000000000010000000002000000000200000000030000000012000000000000000000001010000001101001110 1
2 0 588375 599991 8 14 10 16 -1 -1 0220020222000000200000000000030000000000010000000012000000000200000000030000000012000000000000000000001010000000101001110 1
1 0 585037 599991 13 11 9 11 -1 -1 0220020222000000200000000000030000000000010000000012000000000000000000030000000012200000000000000000001010000000101001110 1
2 0 585037 599990 3 13 5 11 -1 -1 0220020222000000200000000000030000000000010000000012000000000000000001030000000012200000000000000000001010000000001001110 1
1 0 579871 599990 10 12 2 12 -1 -1 0220020202000000200000000000230000000000010000000012000000000000000001030000000012200000000000000000001010000000001001110 1
2 0 579871 599989 4 12 10 10 -1 -1 0220120202000000200000000000230000000000010000000012000000000000000001030000000002200000000000000000001010000000001001110 1
1 0 576524 599989 6 14 0 12 -1 -1 0220120202000000000000000000230000000000010000000012000000000000000001030000000202200000000000000000001010000000001001110 1
2 0 576524 599988 2 14 8 12 -1 -1 1220120202000000000000000000230000000000000000000012000000000000000001030000000202200000000000000000001010000000001001110 1
1 0 568733 599988 14 14 14 12 -1 -1 1220100202000000000000000000230000000000000000000012000000002000000001030000000202200000000000000000001010000000001001110 1
2 0 568733 599987 1 11 3 13 -1 -1 1220100202000000000000000000230000000000000000000012000000002000000001030000000202200000000000000000001010000000001010110 1
1 0 560714 599987 15 11 9 13 -1 -1 1020100222000000000000000000230000000000000000000012000000002000000001030000000202200000000000000000001010000000001010110 1
2 0 560714 599986 10 14 11 13 -1 -1 1020100222000000000000000000230000000000000000000012000000002000000001130000000202200000000000000000001010000000001010010 1
1 0 552070 599986 12 12 8 16 -1 -1 1020100222000000000000000000230000000000000000000012000000002000000001130000000200200000000020000000001010000000001010010 1
2 0 552070 599985 8 12 12 12 -1 -1 1020100222000000000000000000230000000000000000000012000000002010000001130000000200200000000020000000001000000000001010010 1
1 0 540683 599985 8 16 2 14 -1 -1 1020100222000000000000000000230000000000000000000012000000000010000001130000000200200000000020000000001020000000001010010 1
2 0 540683 599984 11 13 13 11 -1 -1 1020110222000000000000000000230000000000000000000012000000000000000001130000000200200000000020000000001020000000001010010 1
1 0 532022 599984 12 8 11 9 -1 -1 1020110222000000000000000000230000000000000000000012000000000000000001130000000200200000000000000000001020000000201010010 1
2 0 532022 599983 12 12 16 12 -1 -1 1020110222000000000000000000230000000000000000000012000000000000000001130000000200200000001000000000000020000000201010010 1
1 0 526290 599983 14 12 4 14 -1 -1 1020110222000000000000000000230000000000000000000012000000000000000001130000000200200000001000000000000000000000201010012 1
2 0 526290 599983 10 16 14 12 -1 -1 1020110222000000010000000000230000000000000000000012000000000000000001130000000200200000001000000000000000000000201000012 1
1 0 519658 599983 9 11 8 10 -1 -1 1020110222000000010000000000230000000000000000000012000000000000000001130000000200000000001000000000000000000000201020012 1
2 0 519658 599982 10 10 12 8 -1 -1 1020110222000000010000000000230000000000000000000012000000010000000000130000000200000000001000000000000000000000201020012 1
1 0 516289 599982 8 10 4 10 -1 -1 1020110222000000010000000000230000000000000000000012000000010000000000130000000000000000001000000000002000000000201020012 1
2 0 516289 599981 3 11 5 9 -1 -1 1020110222000001010000000000230000000000000000000012000000000000000000130000000000000000001000000000002000000000201020012 1
1 0 512615 599981 9 13 8 12 -1 -1 1020110022000001010000000002230000000000000000000012000000000000000000130000000000000000001000000000002000000000201020012 1
2 0 512615 599981 7 13 9 11 -1 -1 1020110022000001010000000002230000000000000000000012000000001000000000030000000000000000001000000000002000000000201020012 1
1 0 507248 599981 8 12 4 12 -1 -1 1020110022000001010000000002230000000000000000000010000000001000000002030000000000000000001000000000002000000000201020012 1
2 0 507248 599980 3 13 5 15 -1 -1 1020110022000001110000000002230000000000000000000010000000000000000002030000000000000000001000000000002000000000201020012 1
1 0 503907 599980 4 10 3 11 -1 -1 1020110002000001110000000002232000000000000000000010000000000000000002030000000000000000001000000000002000000000201020012 1
2 0 503907 599979 14 12 15 11 -1 -1 1020110102000000110000000002232000000000000000000010000000000000000002030000000000000000001000000000002000000000201020012 1
1 0 500569 599979 15 13 14 12 -1 -1 1020110102000000110000000002232000000000000000000010000000000000000002030000000000000000001000000000002000000000201000212 1
2 0 500569 599978 13 11 15 13 -1 -1 1020110102000000110000000002232000000000000000000010000000000000000002030000000000000000001000000000002000000000201010202 1
1 0 497999 599978 4 14 3 13 -1 -1 1020110102000000110000000002232000000000000000000010000000000000000002030000000000000000001000000000002000000000001010222 1
2 0 497999 599977 12 8 13 9 -1 -1 1020110112000000100000000002232000000000000000000010000000000000000002030000000000000000001000000000002000000000001010222 1
1 0 495091 599977 14 12 14 10 -1 -1 1020110112000000100000000002232000000000000000000010000000000000000002030000000000000000001000000000000000000002001010222 1
2 0 495091 599976 9 11 10 12 -1 -1 1020110112000000100000000002232000000000000000000010000000000000000002030000000000000000001000000000000000000002001100222 1
1 0 492596 599976 14 10 8 16 -1 -1 1020110112000000100000000002232000000000000000000010000000000000000000030000000020000000001000000000000000000002001100222 1
2 0 492596 599976 13 9 14 10 -1 -1 1020110112000000100000000002232000000000000000000010000000000010000000030000000020000000001000000000000000000002001000222 1
1 0 489506 599976 11 9 10 10 -1 -1 1020110112000000100000000002232000000000000000000010000000000010000000030000000020000000001000000000000000000000001200222 1
2 0 489506 599975 10 12 11 11 -1 -1 1020110112000000100000000002232000000000000000000010000000000010000000030000000120000000000000000000000000000000001200222 1
1 0 486898 599975 10 10 9 11 -1 -1 1020110112000000100000000002232000000000000000000010000000000010000000030000000100000000000200000000000000000000001200222 1
2 0 486898 599974 11 11 12 10 -1 -1 1020110112000000100000000002232000000000000000000010000000000010000001030000000000000000000200000000000000000000001200222 1
1 0 484865 599974 9 11 9 13 -1 -1 1020110112000000100000000002232000000000000000000010000000000010000001030000000000000000000000000000000200000000001200222 1
2 0 484865 599973 12 10 13 11 -1 -1 1020110112000000100000000002232000000000000000000010000000000010000000130000000000000000000000000000000200000000001200222 1
1 0 481998 599973 8 16 4 8 -1 -1 1020110112000000100000000002232000000000000000000010000000000010000000130000000000000000000000000000000000000000201200222 1
2 0 481998 599972 13 11 14 12 -1 -1 1020110112000010100000000002232000000000000000000010000000000000000000130000000000000000000000000000000000000000201200222 1
1 0 480231 599972 4 8 3 9 -1 -1 1020110112000010100000000002232000000000000000000010000000000000000000130000000000000000000000000000000000000000001220222 1
2 0 480231 599971 5 11 6 12 -1 -1 1020111112000000100000000002232000000000000000000010000000000000000000130000000000000000000000000000000000000000001220222 1
1 0 478494 599971 4 12 2 10 -1 -1 1020111112000000100000000002032000000000200000000010000000000000000000130000000000000000000000000000000000000000001220222 1
2 0 478494 599970 6 12 8 10 -1 -1 1021111112000000000000000002032000000000200000000010000000000000000000130000000000000000000000000000000000000000001220222 1
1 0 476682 599970 13 15 12 14 -1 -1 1021111112000000000000000002032000000000000000000010000000020000000000130000000000000000000000000000000000000000001220222 1
2 0 476682 599969 8 10 9 9 -1 -1 1021111112000000000000000002032000000000000000000010000000020000000000130000000000000000000000000000000001000000000220222 1
1 0 475012 599969 12 14 11 13 -1 -1 1021111112000000000000000002032000000000000000000010000000000000000020130000000000000000000000000000000001000000000220222 1
2 0 475012 599968 9 9 10 8 -1 -1 1021111112000000000000000002032000000000000000000010000000000000000020130000000000000000000010000000000000000000000220222 1
1 0 473063 599968 11 13 10 14 -1 -1 1021111112000000000000000002032000000000000000000010000000000000000000130000002000000000000010000000000000000000000220222 1
2 0 473063 599967 10 8 11 9 -1 -1 1021111112000000000000000002032000000000000000000010000000000000000000130000002001000000000000000000000000000000000220222 1
1 0 471272 599967 10 14 4 8 -1 -1 1021111112000000000000000002032000000000000000000010000000000000000000130000000001000000002000000000000000000000000220222 1
2 0 471272 599966 11 9 12 10 -1 -1 1021111112000010000000000002032000000000000000000010000000000000000000130000000000000000002000000000000000000000000220222 1
1 0 469967 599966 7 11 6 12 -1 -1 1021111112000010000000000002032000000000000000000010000000000000000000130000000000000000000000000000000200000000000220222 1
2 0 469967 599966 5 15 7 13 -1 -1 1021111112000010000000000002032000000000100000000000000000000000000000130000000000000000000000000000000200000000000220222 1
1 0 468734 599966 6 12 4 14 -1 -1 1021111112000010000000000002030000000000100000000002000000000000000000130000000000000000000000000000000200000000000220222 1
2 0 468734 599965 12 10 13 9 -1 -1 1021111112000010010000000002030000000000000000000002000000000000000000130000000000000000000000000000000200000000000220222 1
1 0 467697 599965 2 10 1 11 -1 -1 1021111112000010010000000002030000000000000000000002000000000000000000130000000000000000000000000000000000000002000220222 1
2 0 467697 599964 7 13 8 14 -1 -1 1120111112000010010000000002030000000000000000000002000000000000000000130000000000000000000000000000000000000002000220222 1
1 0 466925 599964 9 13 7 15 -1 -1 1120111112000010010000000002030000000000000000000000000000000200000000130000000000000000000000000000000000000002000220222 1
2 0 466925 599963 8 14 10 16 -1 -1 1120111112000010010000000002030000000000000000000000100000000200000000030000000000000000000000000000000000000002000220222 1
1 0 465347 599963 7 15 6 14 -1 -1 1120111112000010010000000002030000000000000000000000100000000000000000030000000000200000000000000000000000000002000220222 1
2 0 465347 599963 10 16 11 17 -1 -1 1120111112000010010000000002030000000000010000000000000000000000000000030000000000200000000000000000000000000002000220222 1
1 0 464207 599963 6 14 2 10 -1 -1 1120111112000010010000000002030000000000010000000000000000000000000000030000000000000000000000200000000000000002000220222 1
