1322296168000
kingfish
brogrammers
1 0 599819 600000 14 10 12 12 -1 -1 2222222222000000000000000000000000000000000000000000000000000000000000000000000000000000000000000000000000000001111111111 1
2 0 599819 599997 2 14 4 16 9 13 2222222222000000000000000000000000000000000000000000000000000000000000000000000000000000000000000000000010000001111011111 1
1 0 599817 599997 16 12 12 8 -1 -1 2222202222000000002000000000000000000000000000000000000000000000000000300000000000000000000000000000000010000001111011111 1
2 0 599817 599997 3 13 5 11 4 12 2222202222000000002000000000000000000000000000000000000000000000000000300000000000000000000000000000001010000001111011110 1
1 0 599816 599997 13 13 11 11 -1 -1 2222202202000000302000000000200000000000000000000000000000000000000000300000000000000000000000000000001010000001111011110 1
2 0 599816 599996 2 12 6 12 -1 -1 2222202202000000302000000000200000000000000000000000000000000000000000300000000000000000000100000000001010000001101011110 1
1 0 599815 599996 14 12 10 12 -1 -1 2222002202000000302000000000200000000000200000000000000000000000000000300000000000000000000100000000001010000001101011110 1
2 0 599815 599995 3 11 7 11 -1 -1 2222002202000000302000000000200000000000200000000000000000000000000000300000000010000000000100000000001010000001101001110 1
1 0 599814 599995 13 11 9 11 -1 -1 2222002002000000302000000000200000000000200000000020000000000000000000300000000010000000000100000000001010000001101001110 1
2 0 599814 599994 6 12 8 10 -1 -1 2222002002000000302000000000200000000000200000000020000000000000000001300000000010000000000100000000001010000001001001110 1
1 0 596409 599994 9 11 7 13 -1 -1 2222002002000000302000000000200000000000000000000020000000020000000001300000000010000000000100000000001010000001001001110 1
2 0 596409 599993 7 11 9 9 -1 -1 2222002002000000302000000000200000000000000000000021000000020000000000300000000010000000000100000000001010000001001001110 1
1 0 591096 599993 12 12 6 14 -1 -1 2222002002000000302000000000200000000000000000000001000000020000000020300000000010000000000100000000001010000001001001110 1
2 0 591096 599993 8 10 10 8 -1 -1 2222002002000000302000000000200000000000010000000001000000020000000020300000000010000000000100000000001000000001001001110 1
1 0 585005 599993 10 12 4 14 -1 -1 2222002002000000302000000000200000000000010000000001000000000000000020300000002010000000000100000000001000000001001001110 1
2 0 585005 599992 3 15 7 15 -1 -1 2222002002000000312000000000200000000000010000000001000000000000000020300000002000000000000100000000001000000001001001110 1
1 0 580272 599992 7 13 3 13 -1 -1 2222002000000000312000000000200000000000010000000001200000000000000020300000002000000000000100000000001000000001001001110 1
2 0 580272 599991 9 9 11 7 -1 -1 2222002010000000312000000000200000000000010000000000200000000000000020300000002000000000000100000000001000000001001001110 1
1 0 576610 599991 11 11 10 12 -1 -1 2222002010000000312000000000200000000000010000000000200000000000000000300000002000000000020100000000001000000001001001110 1
2 0 576610 599990 10 8 12 10 -1 -1 2222002010000000312000000000200000000000010000000000200000000000000000300000002010000000020000000000001000000001001001110 1
1 0 571655 599990 13 15 12 14 -1 -1 2222002010000000312000000000200000000000010000000000200000000000000000300000000010000000020000000000001200000001001001110 1
2 0 571655 599989 2 10 4 8 -1 -1 2222002010000000312000000000200000000000010000000000200000000000000000300000000010000000020000000000001201000001000001110 1
1 0 566820 599989 10 12 4 10 -1 -1 2220002010000020312000000000200000000000010000000000200000000000000000300000000010000000020000000000001201000001000001110 1
2 0 566820 599988 3 9 5 7 -1 -1 2220002010000021312000000000200000000000010000000000200000000000000000300000000000000000020000000000001201000001000001110 1
1 0 562349 599988 15 13 11 13 -1 -1 2220000010000021312000000020200000000000010000000000200000000000000000300000000000000000020000000000001201000001000001110 1
2 0 562349 599987 4 8 6 6 -1 -1 2220000010000021312000000020200000000000010000000000200000000000000000300000000000000000020010000000001201000001000001100 1
1 0 557439 599987 12 14 6 12 -1 -1 2220000010000001312000000020200000000200010000000000200000000000000000300000000000000000020010000000001201000001000001100 1
2 0 557439 599986 5 11 7 17 -1 -1 2220000010000001312000000020200000000200110000000000200000000000000000300000000000000000020010000000001200000001000001100 1
1 0 553048 599986 12 8 8 12 -1 -1 2220000010000001312000000020000000000200110000000000220000000000000000300000000000000000020010000000001200000001000001100 1
2 0 553048 599985 7 17 9 15 -1 -1 2220000010000001312000000020000000000200110000000000220000001000000000300000000000000000020010000000000200000001000001100 1
1 0 546250 599985 8 12 7 11 -1 -1 2220000010000001312000000020000000000200110000000000200000001000000000320000000000000000020010000000000200000001000001100 1
2 0 546250 599984 5 7 7 5 -1 -1 2220000010000001312000000020000000000200110000000010200000000000000000320000000000000000020010000000000200000001000001100 1
1 0 540720 599984 7 11 3 15 -1 -1 2220000010000001312000000000000000000200110000020010200000000000000000320000000000000000020010000000000200000001000001100 1
2 0 540720 599983 6 6 8 4 -1 -1 2220000011000001312000000000000000000200110000020000200000000000000000320000000000000000020010000000000200000001000001100 1
1 0 535768 599983 15 11 14 12 -1 -1 2220000011000001312000000000000000000000110000020000200020000000000000320000000000000000020010000000000200000001000001100 1
2 0 535768 599982 0 12 2 10 -1 -1 2220000011000001312000000000000000000000110000020000200020000000000000320000000000000000020010000000000200000001000011000 1
1 0 531809 599982 4 10 3 9 -1 -1 0222000011000001312000000000000000000000110000020000200020000000000000320000000000000000020010000000000200000001000011000 1
2 0 531809 599981 2 10 4 8 -1 -1 0222001011000000312000000000000000000000110000020000200020000000000000320000000000000000020010000000000200000001000011000 1
1 0 520515 599981 14 14 8 12 -1 -1 0220001011000020312000000000000000000000110000020000200020000000000000320000000000000000020010000000000200000001000011000 1
2 0 520515 599980 12 10 13 11 -1 -1 0220001011000020312000000000000000000000110000020000200020001000000000320000000000000000020010000000000200000001000010000 1
1 0 512478 599980 8 12 7 11 -1 -1 0220001011000020312000000000000000000000110000020000200020001000000000320000000000000000020010000000000000000001200010000 1
2 0 512478 599979 13 11 15 13 -1 -1 0220001011000020312000000000000000000000110000020010200020000000000000320000000000000000020010000000000000000001200010000 1
1 0 508617 599979 7 11 3 11 -1 -1 0220001011000020312000000000000000000000110000020010200020000000000000320000000000000000020010000000000000000001000010020 1
2 0 508617 599978 15 13 16 12 -1 -1 0220001111000020312000000000000000000000110000020000200020000000000000320000000000000000020010000000000000000001000010020 1
1 0 505522 599978 4 14 2 12 -1 -1 0220001111000020312000000000000000000000110000020000200020000000000000320000000000000000020010000000000000000001000010002 1
2 0 505522 599978 11 7 12 8 -1 -1 0220101111000020302000000000000000000000110000020000200020000000000000320000000000000000020010000000000000000001000010002 1
1 0 501916 599978 13 9 11 7 -1 -1 0220101111000020302000000000000000000000110000020000200020000000000000320000000000000000000010000000002000000001000010002 1
2 0 501916 599977 12 8 13 9 -1 -1 0220101111000020302000000000000000000000110000020000200020000000000000320000000000000000010010000000002000000000000010002 1
1 0 499315 599977 6 14 5 13 -1 -1 0220101111000020302000000000000000000000110000020000200020000000000000320000000000000000010010000000000000000002000010002 1
2 0 499315 599976 13 9 14 10 -1 -1 0220101111000020302000000000010000000000100000020000200020000000000000320000000000000000010010000000000000000002000010002 1
1 0 497653 599976 6 12 4 18 -1 -1 0220101111000020302000000000010000000000100000020000200020000000000000320000000000000000010010000000000000000000000210002 1
2 0 497653 599975 14 10 15 11 -1 -1 0220101111000020302100000000010000000000000000020000200020000000000000320000000000000000010010000000000000000000000210002 1
1 0 495516 599975 14 12 13 13 -1 -1 0220101111000020302100000000010000000000000000020000200020000000000000320000000000000000010010000000000000000000000010202 1
2 0 495516 599974 9 15 10 14 -1 -1 0220101111000020302100000000010000000000000000020000200020000000000000320000000000000000010010000000000000000000010000202 1
1 0 492697 599974 13 13 12 14 -1 -1 0220101111000020302100000000010000000000000000020000200020000000000000300000000002000000010010000000000000000000010000202 1
2 0 492697 599974 10 14 12 16 -1 -1 0220101111000020302100000000010000000000000000020000200020000000000000300000000002000000010010000000000001000000000000202 1
1 0 489703 599974 12 14 6 16 -1 -1 0220101111000020302100000000010000000000000000020000200020000000000000300000000000000000010010000000000001200000000000202 1
2 0 489703 599973 12 16 13 15 -1 -1 0220101111000020302100000000010000000000001000020000200020000000000000300000000000000000010010000000000000200000000000202 1
1 0 486814 599973 11 7 10 8 -1 -1 0220101111000020302100000000010000000000001000020000200020000000000000300000000000000000010010000000000000000000002000202 1
2 0 486814 599972 13 15 14 14 -1 -1 0220101111000020302100000000010000000000001000020000200020000000000000300000001000000000000010000000000000000000002000202 1
1 0 483923 599972 10 8 9 9 -1 -1 0220101111000020302100000000010000000000001000020000200020000000000000300000001000000000000010000000000000000000000002202 1
2 0 483923 599972 14 14 15 13 -1 -1 0220101111000020302100000000010000000000001000020000200020000000000010300000000000000000000010000000000000000000000002202 1
1 0 481238 599972 9 9 8 10 -1 -1 0220101111000020302100000000010000000000001000020000200020000000000010300000000000000000000010000000000000000000000000222 1
2 0 481238 599972 8 4 9 5 -1 -1 0220101111000020302100000000010000000000001000020000200020010000000000300000000000000000000010000000000000000000000000222 1
1 0 477612 599972 11 13 10 14 -1 -1 0220101111000020302100000000010000000000001000020000200000010000002000300000000000000000000010000000000000000000000000222 1
2 0 477612 599971 9 5 10 6 -1 -1 0220101111000020302100000000010000000000001000020000200000010000002000300000000001000000000000000000000000000000000000222 1
1 0 474854 599971 8 10 7 11 -1 -1 0220101111000020302100000000010000000000001000020000200000010000000000300000020001000000000000000000000000000000000000222 1
2 0 474854 599970 10 6 11 7 -1 -1 0220101111000020302100000000010000000000001000020010200000000000000000300000020001000000000000000000000000000000000000222 1
1 0 471303 599970 10 14 6 10 -1 -1 0220101111000020302100000000010000000000001000020010200000000000000000300000000001000000020000000000000000000000000000222 1
2 0 471303 599969 11 7 12 8 -1 -1 0220101111000020302100000000010000000001001000020010200000000000000000300000000000000000020000000000000000000000000000222 1
1 0 467634 599969 7 11 6 12 -1 -1 0220101111000020302100000000010000000001001000020010200000000000000000300000000000000000000000000000002000000000000000222 1
2 0 467634 599968 12 8 13 9 -1 -1 0220101111000020302100000000010000000001101000020000200000000000000000300000000000000000000000000000002000000000000000222 1
1 0 464230 599968 6 10 5 11 -1 -1 0220101111000020302100000000010000000001101000020000200000000000000000300000000000000000000000000000000000000002000000222 1
2 0 464230 599967 13 9 14 10 -1 -1 0220101111000020302100000000110000000000101000020000200000000000000000300000000000000000000000000000000000000002000000222 1
1 0 462799 599967 6 12 4 14 -1 -1 0220101111000020302100000000110000000000101000020000200000000000000000300000000000000000000000000000000000000000000200222 1
2 0 462799 599966 7 5 8 4 -1 -1 0220101111000020312100000000110000000000001000020000200000000000000000300000000000000000000000000000000000000000000200222 1
1 0 461788 599966 6 16 5 17 -1 -1 0220101111000020312100000000110000000000001000000000200020000000000000300000000000000000000000000000000000000000000200222 1
2 0 461788 599965 4 16 6 18 -1 -1 0220101111000020312100000000110100000000000000000000200020000000000000300000000000000000000000000000000000000000000200222 1
1 0 459767 599965 5 11 4 10 -1 -1 0220101111000020310100000000110100000000000200000000200020000000000000300000000000000000000000000000000000000000000200222 1
2 0 459767 599964 8 4 9 5 -1 -1 0220101111000021310100000000010100000000000200000000200020000000000000300000000000000000000000000000000000000000000200222 1
1 0 458133 599964 5 17 4 16 -1 -1 0220101111000021310100000000010100000000000200000000200000000000002000300000000000000000000000000000000000000000000200222 1
2 0 458133 599963 9 5 10 6 -1 -1 0220101111000021311100000000010000000000000200000000200000000000002000300000000000000000000000000000000000000000000200222 1
1 0 457318 599963 4 16 0 12 -1 -1 0220101111000021311100000000010000000000000200000000200000000000000000300000020000000000000000000000000000000000000200222 1
2 0 457318 599962 10 6 11 7 -1 -1 1220101111000021310100000000010000000000000200000000200000000000000000300000020000000000000000000000000000000000000200222 1
1 0 456290 599962 4 18 4 16 -1 -1 1220101111000021310100000000010000000000000200000000200000000000000000300000000000000000020000000000000000000000000200222 1
2 0 456290 599961 11 7 12 8 -1 -1 1220101111000021311000000000010000000000000200000000200000000000000000300000000000000000020000000000000000000000000200222 1
1 0 455495 599961 4 16 2 14 -1 -1 1220101111000021311000000000010000000000000200000000200000000000000000300000000000000000000000000000002000000000000200222 1
2 0 455495 599960 12 8 13 9 -1 -1 1220111111000021310000000000010000000000000200000000200000000000000000300000000000000000000000000000002000000000000200222 1
1 0 455179 599960 2 12 2 10 -1 -1 1220111111000021310000000000010000000000000200000000200000000000000000300000000000000000000000000000000000000002000200222 1
2 0 455179 599960 7 15 8 16 -1 -1 1221011111000021310000000000010000000000000200000000200000000000000000300000000000000000000000000000000000000002000200222 1
1 0 454889 599960 4 10 2 12 -1 -1 1221011111000021310000000000010000000000000200000000000000000020000000300000000000000000000000000000000000000002000200222 1
