1322288591000
kingfish
artificialwintelligence
1 0 599811 600000 14 10 12 12 -1 -1 2222222222000000000000000000000000000000000000000000000000000000000000000000000000000000000000000000000000000001111111111 1
2 0 599811 599768 2 12 4 14 -1 -1 2222222222000000000000000000000000000000000000000000000000000000000000000000000000000000000000000000000010000001111011111 1
1 0 599809 599768 16 12 12 8 -1 -1 2222022222000000020000000000000000000000000000000000000000000000000000000000000000000000000000000000000010000001111011111 1
2 0 599809 599411 3 13 5 15 -1 -1 2222022222000000020000000000000000000000000000000000000000000000000000000000000000000000000000000000001010000001111011110 1
1 0 599808 599411 13 13 11 11 -1 -1 2222022202000000020000000000002000000000000000000000000000000000000000000000000000000000000000000000001010000001111011110 1
2 0 599808 598853 4 14 6 16 -1 -1 2222022202000000020000000000002000000000000000000000000000000000000000000000000000000000000100000000001010000001101011110 1
1 0 599807 598853 14 12 10 12 -1 -1 2222022202000000000000000000002000000000002000000000000000000000000000000000000000000000000100000000001010000001101011110 1
2 0 599807 598206 2 14 6 18 -1 -1 2222022202000000000000000000002000000000002000000000000000000000000000000000000010000000000100000000001010000001101001110 1
1 0 599806 598206 13 11 9 11 -1 -1 2222002202000000000000000000002000000000002200000000000000000000000000000000000010000000000100000000001010000001101001110 1
2 0 599806 597742 6 18 7 19 -1 -1 2222002202000000000000000000002000000000002200000000000000000000000001000000000010000000000100000000001010000001001001110 1
1 0 599616 597742 12 12 8 12 -1 -1 2222002202000000000000000000002000000000002000000000002000000000000001000000000010000000000100000000001010000001001001110 1
2 0 599616 597129 0 12 8 20 -1 -1 2222002202000000000000000000002000000000002000000000002000001000000001000000000010000000000100000000001000000001001001110 1
1 0 599615 597129 11 11 7 11 -1 -1 0222002202000000000000000000002000000000002000000000002000001000200001000000000010000000000100000000001000000001001001110 1
2 0 599615 596465 2 10 6 18 -1 -1 0222002202000000000000000000002000000000002000000010002000001000200001000000000010000000000000000000001000000001001001110 1
1 0 599614 596465 10 12 6 12 -1 -1 0220002202000000000000000000002000000000002200000010002000001000200001000000000010000000000000000000001000000001001001110 1
2 0 599614 595144 5 15 9 19 -1 -1 0220002202000000000000000000002000000000102200000010002000001000200001000000000000000000000000000000001000000001001001110 1
1 0 599460 595144 9 11 5 11 -1 -1 0220002202000000000000000000000000000000102200000010002000001000200001000200000000000000000000000000001000000001001001110 1
2 0 599460 593876 8 20 10 18 -1 -1 0220002202000000000000000000100000000000102200000010002000001000200000000200000000000000000000000000001000000001001001110 1
1 0 594443 593876 8 12 0 12 -1 -1 0220002202000000000000000000100000000000102200000010002000001000000000000200000000020000000000000000001000000001001001110 1
2 0 594443 592799 6 16 10 16 -1 -1 1220002202000000000000000000100000000000102200000010002000000000000000000200000000020000000000000000001000000001001001110 1
1 0 592029 592799 6 12 2 12 -1 -1 1220002202000000000000000000100000000000100200000010002000000000000000000200000000220000000000000000001000000001001001110 1
2 0 592029 592142 6 18 8 20 -1 -1 1220102202000000000000000000100000000000000200000010002000000000000000000200000000220000000000000000001000000001001001110 1
1 0 588484 592142 13 9 11 7 -1 -1 1220102202000000000000000000100000000000000000000010002000000000200000000200000000220000000000000000001000000001001001110 1
2 0 588484 591746 1 13 2 14 -1 -1 1220102202000000000000000000100000000000000000000010002000000000200000000200000000220000010000000000001000000000001001110 1
1 0 585319 591746 12 8 10 6 -1 -1 1200122202000000000000000000100000000000000000000010002000000000200000000200000000220000010000000000001000000000001001110 1
2 0 585319 591022 1 11 3 13 -1 -1 1200122202000000000000000000100000000000000000000010002000000000200000000200010000220000010000000000000000000000001001110 1
1 0 583163 591022 7 11 6 10 -1 -1 1000122222000000000000000000100000000000000000000010002000000000200000000200010000220000010000000000000000000000001001110 1
2 0 583163 590375 2 14 4 8 -1 -1 1000122222000000000000000000100000000001000000000000002000000000200000000200010000220000010000000000000000000000001001110 1
1 0 581161 590375 6 10 2 14 -1 -1 1000102222000020000000000000100000000001000000000000002000000000200000000200010000220000010000000000000000000000001001110 1
2 0 581161 590072 7 19 11 15 -1 -1 1000112222000020000000000000100000000000000000000000002000000000200000000200010000220000010000000000000000000000001001110 1
1 0 578298 590072 14 14 10 14 -1 -1 1000112222000020000000000000100000000000000000000000000000000000200000000200010000220000010002000000000000000000001001110 1
2 0 578298 589135 10 16 12 14 -1 -1 1000112222000020000000000000100000000000000000000000000000000000200000000200010001220000010002000000000000000000001000110 1
1 0 574383 589135 13 15 9 15 -1 -1 1000112222000020000000000000100000000000000000000000000000000000200000000200010001020000010002000000000002000000001000110 1
2 0 574383 588199 9 19 13 15 -1 -1 1000112222000020000000000000100000000000000000000000000000000000200000010200010001020000010002000000000002000000000000110 1
1 0 571807 588199 10 14 8 16 -1 -1 1000112222000020000000000000100000000000000000000000000000000000200000010000010001020000010002000000000002000000002000110 1
2 0 571807 587705 11 15 13 13 -1 -1 1000112222000020000000000000100000000000000000000000000000000010200000010000010000020000010002000000000002000000002000110 1
1 0 568899 587705 9 15 7 17 -1 -1 1000112222000020000000000000100000000000000000000000000000000010200000010000010000020000010000000000000002000000022000110 1
2 0 568899 586901 3 9 5 7 -1 -1 1000112222000020000000000000100000000000000000000000010000000010200000000000010000020000010000000000000002000000022000110 1
1 0 564896 586901 10 6 9 7 -1 -1 1000110222000020000000000020100000000000000000000000010000000010200000000000010000020000010000000000000002000000022000110 1
2 0 564896 586473 5 7 6 6 -1 -1 1000110222000020000000000020100000000000000000000000010000000010200100000000000000020000010000000000000002000000022000110 1
1 0 562389 586473 11 7 10 8 -1 -1 1000110222000020000000000000100000000200000000000000010000000010200100000000000000020000010000000000000002000000022000110 1
2 0 562389 585506 3 13 7 5 -1 -1 1000110222000020000000000000100000000200000000000000010000000010200100000000001000020000000000000000000002000000022000110 1
1 0 558758 585506 10 8 6 8 -1 -1 1000110202000020000000000000100000000200000000020000010000000010200100000000001000020000000000000000000002000000022000110 1
2 0 558758 584526 3 15 4 16 -1 -1 1000110202000020000000000000100000000210000000020000010000000010200100000000000000020000000000000000000002000000022000110 1
1 0 555054 584526 6 8 5 7 -1 -1 1000110200000020002000000000100000000210000000020000010000000010200100000000000000020000000000000000000002000000022000110 1
2 0 555054 583725 3 11 5 17 -1 -1 1000110200000020002000000010100000000200000000020000010000000010200100000000000000020000000000000000000002000000022000110 1
1 0 551773 583725 9 7 8 6 -1 -1 1000110000000020002000000010100200000200000000020000010000000010200100000000000000020000000000000000000002000000022000110 1
2 0 551773 582949 4 16 6 18 -1 -1 1000110000000020002000000010100200000200000000020000010001000010200000000000000000020000000000000000000002000000022000110 1
1 0 547649 582949 8 6 4 10 -1 -1 1000110000000020000000000010100200000200000200020000010001000010200000000000000000020000000000000000000002000000022000110 1
2 0 547649 582257 4 8 6 10 -1 -1 1000110000000021000000000010100200000200000200020000010000000010200000000000000000020000000000000000000002000000022000110 1
1 0 542832 582257 7 17 7 15 -1 -1 1000110000000001000000000010100200000202000200020000010000000010200000000000000000020000000000000000000002000000022000110 1
2 0 542832 581750 5 17 7 19 -1 -1 1000110000000001000000000010100200000202000200020000100000000010200000000000000000020000000000000000000002000000022000110 1
1 0 538373 581750 8 16 6 14 -1 -1 1000110000000001000000000010100000000202000200020000102000000010200000000000000000020000000000000000000002000000022000110 1
2 0 538373 581153 6 6 8 4 -1 -1 1000110000000001000000000010100000000202010200020000102000000000200000000000000000020000000000000000000002000000022000110 1
1 0 534211 581153 7 15 3 11 -1 -1 1000110000000001000000000010100000000002010200020000102020000000200000000000000000020000000000000000000002000000022000110 1
2 0 534211 580505 6 18 7 17 -1 -1 1000110100000001000000000010100000000002010200020000002020000000200000000000000000020000000000000000000002000000022000110 1
1 0 530900 580505 5 11 1 11 -1 -1 1000110100000001000000000010100000000002010000020000022020000000200000000000000000020000000000000000000002000000022000110 1
2 0 530900 579818 12 14 14 12 -1 -1 1100110100000001000000000010000000000002010000020000022020000000200000000000000000020000000000000000000002000000022000110 1
1 0 527806 579818 15 13 13 11 -1 -1 1100110100000001000000000010000000000002010000020000022020000000200000000000000000020000000000000000000000000000022020110 1
2 0 527806 579083 7 17 11 17 -1 -1 1100110100000001000000000010000000000002010000020000022020000000200000000000000000020000000000000000000000000000122020100 1
1 0 525034 579083 4 10 3 9 -1 -1 1100110100000001000000000010000000000002010000020000002020000000200000000000000000020000000000200000000000000000122020100 1
2 0 525034 578394 10 18 16 12 -1 -1 1100111100000000000000000010000000000002010000020000002020000000200000000000000000020000000000200000000000000000122020100 1
1 0 523043 578394 15 11 14 10 -1 -1 1100111100000000000000000010000000000002010000020000002020000000200000000000000000000000000000200000000000000000122020102 1
2 0 523043 577973 13 13 15 11 -1 -1 1100111100000000000000000010000000000002010000020000002020000000200000000000000000000000000000200000000000000000122120002 1
1 0 520081 577973 14 10 10 18 -1 -1 1100111100000000000000000010000000000002010000020000002020000000200000000000000000000000000000200000000000000000102120202 1
2 0 520081 577392 6 10 7 11 -1 -1 1100111100000000000000000010000000000002010000020000002020000000200000000000000000010000000000200000000000000000102020202 1
1 0 518514 577392 5 7 4 8 -1 -1 1100111100000000000000000010000000000000010000020020002020000000200000000000000000010000000000200000000000000000102020202 1
2 0 518514 576789 11 17 12 16 -1 -1 1100111100000010000000000000000000000000010000020020002020000000200000000000000000010000000000200000000000000000102020202 1
1 0 517262 576789 4 8 2 10 -1 -1 1100111100000010000000000000000000000000010000020020002020000000200000000000000000010000000000000000000000200000102020202 1
2 0 517262 576226 14 12 15 13 -1 -1 1101111100000000000000000000000000000000010000020020002020000000200000000000000000010000000000000000000000200000102020202 1
1 0 516336 576226 6 14 5 13 -1 -1 1101111100000000000000000000000000000000010000020020002020000000200000000000000000010000000000000000000000200000102000222 1
2 0 516336 575961 7 11 8 12 -1 -1 1101111100000000000000000000010000000000000000020020002020000000200000000000000000010000000000000000000000200000102000222 1
1 0 515394 575961 5 13 4 14 -1 -1 1101111100000000000000000000010000000000000000020000002020002000200000000000000000010000000000000000000000200000102000222 1
2 0 515394 575520 7 5 8 6 -1 -1 1101111100000000010000000000000000000000000000020000002020002000200000000000000000010000000000000000000000200000102000222 1
1 0 514470 575520 4 14 3 13 -1 -1 1101111100000000010000000000000000000000000000000000002022002000200000000000000000010000000000000000000000200000102000222 1
2 0 514470 575234 7 19 8 18 -1 -1 1101111110000000000000000000000000000000000000000000002022002000200000000000000000010000000000000000000000200000102000222 1
1 0 513710 575234 10 18 9 19 -1 -1 1101111110000000000000000000000000000000000000000000000022002002200000000000000000010000000000000000000000200000102000222 1
2 0 513710 574943 8 20 10 18 -1 -1 1101111110000000000000000000000000000000000000000000000022002002200000000100000000000000000000000000000000200000102000222 1
1 0 512703 574943 9 19 7 17 -1 -1 1101111110000000000000000000000000000000000000000000000022002002000000000100000000020000000000000000000000200000102000222 1
2 0 512703 574471 8 6 9 5 -1 -1 1101111110000000000000000000000000000000000000000000010022002002000000000000000000020000000000000000000000200000102000222 1
1 0 511789 574471 7 17 6 16 -1 -1 1101111110000000000000000000000000000000000000000000010020002002002000000000000000020000000000000000000000200000102000222 1
2 0 511789 574265 12 16 14 14 -1 -1 1101111110000000000000000000000000000000001000000000000020002002002000000000000000020000000000000000000000200000102000222 1
1 0 511204 574265 6 16 5 15 -1 -1 1101111110000000000000000000000000000000001000000000000020002002002000000000000000020000000000000000000000000000102002222 1
2 0 511204 573868 8 4 10 6 -1 -1 1101111110000000000000000000001000000000000000000000000020002002002000000000000000020000000000000000000000000000102002222 1
1 0 510588 573868 5 15 4 16 -1 -1 1101111110000000000000000000001000000000000000000000000000002002002000000000020000020000000000000000000000000000102002222 1
2 0 510588 573598 8 18 9 19 -1 -1 1101111110000000001000000000000000000000000000000000000000002002002000000000020000020000000000000000000000000000102002222 1
1 0 510043 573598 4 16 3 15 -1 -1 1101111110000000001000000000000000000000000000000000000000002000002000000200020000020000000000000000000000000000102002222 1
2 0 510043 573320 9 5 11 7 -1 -1 1101111111000000000000000000000000000000000000000000000000002000002000000200020000020000000000000000000000000000102002222 1
1 0 509437 573320 13 11 12 10 -1 -1 1101111111000000000000000000000000000000000000000000000000002000000000000200020000020000020000000000000000000000102002222 1
2 0 509437 573081 10 6 12 8 -1 -1 1101111111000000000000000000000000000000000000000000000000002000000000000200020000020000020000000000000100000000002002222 1
1 0 508901 573081 12 10 10 8 -1 -1 1101111111000000000000000000000000000000000000000000000000002000000000000200000000020000020000000000002100000000002002222 1
2 0 508901 572846 9 19 11 17 -1 -1 1101111111000000000000000000000000000000000000000000000000002000000000000200001000020000020000000000002000000000002002222 1
1 0 508429 572846 10 8 9 9 -1 -1 1101111111000000000000000000000000000000000000000000000000002000000000000000001000020000020000200000002000000000002002222 1
2 0 508429 572577 8 12 9 13 -1 -1 1101111111000000000000000000000000000000000000000000000000002000000010000000000000020000020000200000002000000000002002222 1
1 0 507893 572577 9 9 8 10 -1 -1 1101111111000000000000000000000000000000000000000000000000000000000010200000000000020000020000200000002000000000002002222 1
2 0 507893 572336 11 7 13 9 -1 -1 1101111111000000000000000000000000000000000000000000000000010000000000200000000000020000020000200000002000000000002002222 1
1 0 507318 572336 8 10 7 11 -1 -1 1101111111000000000000000000000000000000000000000000000000010000000000200000000000020000000000200000002000000002002002222 1
2 0 507318 572131 10 18 12 16 -1 -1 1101111111000000000000000000000000000000000000000010000000000000000000200000000000020000000000200000002000000002002002222 1
1 0 506752 572131 7 11 6 12 -1 -1 1101111111000000000000000000000000000000000000000010000000000000000000200000000000000000000000200000002000200002002002222 1
2 0 506752 571911 9 13 10 12 -1 -1 1101111111000000000000000000000000000000100000000000000000000000000000200000000000000000000000200000002000200002002002222 1
1 0 505990 571911 2 14 1 13 -1 -1 1101111111000000000000000000000000000000100000000000000000000000000000000000000020000000000000200000002000200002002002222 1
2 0 505990 571749 12 8 14 10 -1 -1 1111101111000000000000000000000000000000100000000000000000000000000000000000000020000000000000200000002000200002002002222 1
1 0 505112 571749 6 12 5 11 -1 -1 1111101111000000000000000000000000000000100000000000000000000000000000000000000020000000000000200000000000200002002202222 1
2 0 505112 571480 10 12 11 11 -1 -1 1111101111000000000000000000100000000000000000000000000000000000000000000000000020000000000000200000000000200002002202222 1
1 0 504637 571480 5 11 4 12 -1 -1 1111101111000000000000000000100000000000000000000000000000000000000000000000000000000000000200200000000000200002002202222 1
2 0 504637 571313 11 11 12 10 -1 -1 1111101111000000100000000000000000000000000000000000000000000000000000000000000000000000000200200000000000200002002202222 1
1 0 504403 571313 4 12 2 14 -1 -1 1111101111000000100000000000000000000000000000000000000000000000000000000000000000000000000000200000000200200002002202222 1
