1322295543000
benny
kingfish
1 0 599917 600000 14 10 12 8 9 13 2222222222000000000000000000000000000000000000000000000000000000000000000000000000000000000000000000000000000001111111111 2
2 0 599917 599910 2 14 4 12 -1 -1 2222222222000000000000000000000000000000000000000000000000000000000000300000000000000000000000000000001000000001111011111 2
1 0 599916 599910 16 12 12 12 5 15 2222202222000000200000000000000000000000000000000000000000000000000000300000000000000000000000000000001000000001111011111 2
2 0 599916 599909 0 12 4 16 -1 -1 2222202222000000200000000000003000000000000000000000000000000000000000300000000000000000000000000000001010000001111011110 2
1 0 599915 599909 14 12 12 10 -1 -1 0222202222000000202000000000003000000000000000000000000000000000000000300000000000000000000000000000001010000001111011110 2
2 0 599915 599908 2 12 4 10 -1 -1 0222202222000000202000000000003000000000000000000000000000000000000000300000000000000000000000000000001110000001111001110 2
1 0 599914 599908 14 14 12 16 -1 -1 0222002222000002202000000000003000000000000000000000000000000000000000300000000000000000000000000000001110000001111001110 2
2 0 599914 599907 3 9 5 11 -1 -1 0222002222000002202000000000003000000000000000000000000000000000000000300000000000000000000000000000001110100001111000110 2
1 0 599914 599907 13 13 11 11 -1 -1 0222000222000002202000000000203000000000000000000000000000000000000000300000000000000000000000000000001110100001111000110 2
2 0 599914 599906 3 11 5 13 -1 -1 0222000222000002202000000000203000000000000000000000000000000000000000300000000000000000000100000000001110100001101000110 2
1 0 599913 599906 12 10 8 14 -1 -1 0222000022000002202000000000223000000000000000000000000000000000000000300000000000000000000100000000001110100001101000110 2
2 0 599913 599748 4 16 6 14 -1 -1 0222000022000002202000000000223000000000000000000000000000000100000000300000000000000000000100000000001010100001101000110 2
1 0 599912 599748 13 11 11 13 -1 -1 0222000022000002200000000000223000000000020000000000000000000100000000300000000000000000000100000000001010100001101000110 2
2 0 599912 595778 5 11 6 12 -1 -1 0222000022000002200000000000223000000000020000000000000000000100000000300000000000000000000110000000001010100001001000110 2
1 0 599911 595778 12 12 8 16 -1 -1 0222000022000002200000000000023000000000220000000000000000000100000000300000000000000000000110000000001010100001001000110 2
2 0 599911 592368 3 13 9 11 -1 -1 0222000022000002200000000000023000000000220000000000000000000110000000300000000000000000000110000000001000100001001000110 2
1 0 599910 592368 13 9 11 7 -1 -1 0222000002000002200000000000023000000000220000000000000000000110000002300000000000000000000110000000001000100001001000110 2
2 0 599910 588027 5 13 9 17 -1 -1 0222000002000002200000000000023000000000220000000000000000000110000002300000000000000000010110000000001000100000001000110 2
1 0 599909 588027 13 15 11 17 -1 -1 0222000002000002200000000000003000000000220000000000000000000110000002302000000000000000010110000000001000100000001000110 2
2 0 599909 582405 1 11 7 17 -1 -1 0222000002000002200000000000003000000000220000000000000000000110000002302000000000000000010110100000001000100000000000110 2
1 0 599908 582405 8 14 4 14 -1 -1 0022000002000002200000000000003000000000220000000000020000000110000002302000000000000000010110100000001000100000000000110 2
2 0 599908 572503 3 15 7 11 -1 -1 0022000002000002210000000000003000000000220000000000020000000010000002302000000000000000010110100000001000100000000000110 2
1 0 599907 572503 12 16 10 18 -1 -1 0022000000000002210000000000003000000000220000000020020000000010000002302000000000000000010110100000001000100000000000110 2
2 0 599907 561101 6 14 12 12 -1 -1 0022000000000002210000000000003000000000220000000020020000000010000002302000000000010000010110100000001000000000000000110 2
1 0 599905 561101 12 8 10 6 -1 -1 0022000000000002210000000000003000000000200000000020020000000010000002302000000000010000010110100000001020000000000000110 2
2 0 599905 551361 4 12 10 10 -1 -1 0022000000000002210000000000003000000000200000000020020000000010000002302000010000010000010110100000000020000000000000110 2
1 0 599904 551361 11 13 9 7 -1 -1 0022000000000002010000000000003000000000200000000020020000000010000002302000010200010000010110100000000020000000000000110 2
2 0 599904 538864 6 12 12 14 -1 -1 0022000000000002010000000000003000000000200000000020020000000010000102302000010200010000010100100000000020000000000000110 2
1 0 599903 538864 11 11 9 5 -1 -1 0022000000000002010000000000003000000000000000000020020000000010000102302000010200010000010100100000000022000000000000110 2
2 0 599903 532378 9 17 13 13 -1 -1 0022000000000002010000000000003000000000000000000020020000000010001102302000010200010000010000100000000022000000000000110 2
1 0 599902 532378 11 17 9 19 -1 -1 0022000000000002010000000000003000000000000000000020020000000010001102300000010200010000010000100000000022000000020000110 2
2 0 599902 524331 10 10 10 12 -1 -1 0022000000000002010000000000003000000000000000000020020000000010001102300100010200010000010000000000000022000000020000110 2
1 0 599901 524331 10 6 8 8 -1 -1 0022000000000002010000000000003000000000000000000020020000000010001102300100010020010000010000000000000022000000020000110 2
2 0 599901 518403 1 13 1 11 -1 -1 0022000000000002010000000000003000000000000000000020020000100010001102300100000020010000010000000000000022000000020000110 2
1 0 599900 518403 10 18 8 20 -1 -1 0202000000000002010000000000003000000000000000000020020000100010001102300100000020010000010000000000000022000000020000110 2
2 0 599900 514773 1 11 5 11 -1 -1 0202000000000002010000000000003000000000000000000020020000100010101102300100000020000000010000000000000022000000020000110 2
1 0 599899 514773 9 5 7 7 -1 -1 0002000000000002010000000000203000000000000000000020020000100010101102300100000020000000010000000000000022000000020000110 2
2 0 599899 508063 4 10 12 6 -1 -1 0002000000000002010000000000203000000000000000001020020000100010100102300100000020000000010000000000000022000000020000110 2
1 0 599898 508063 9 7 7 13 -1 -1 0002000000000000010000000000203000000000000000001020020000100010100102300100000020000000010000000000020022000000020000110 2
2 0 599898 501516 9 11 13 11 -1 -1 0002000000000000010000000000203000000000000000001021020000100010100002300100000020000000010000000000020022000000020000110 2
1 0 599897 501516 8 8 6 6 -1 -1 0002000000000000010000000000203000000000000000001021020000100010100000300100000020000000010000000000020022000000220000110 2
2 0 599897 495284 7 17 13 15 -1 -1 0002000000000000010000000000203000000100000000001021020000000010100000300100000020000000010000000000020022000000220000110 2
1 0 599896 495284 7 13 5 7 -1 -1 0002000000000000010000000000203000000100000000001021000000000010100000300100000020000000010000000000020022000000222000110 2
2 0 599896 492425 5 11 6 10 -1 -1 0002000000000000010000000010203000000100000000001020000000000010100000300100000020000000010000000000020022000000222000110 2
1 0 599895 492425 7 7 5 9 -1 -1 0002000000000000010000000010003000000102000000001020000000000010100000300100000020000000010000000000020022000000222000110 2
2 0 599895 487746 12 12 16 12 -1 -1 0002000000000000010000000011003000000102000000000020000000000010100000300100000020000000010000000000020022000000222000110 2
1 0 599895 487746 6 6 4 8 -1 -1 0002000000000000010000000011003000000102000000000020000000000010100000300100000020000000010000000000020002000000222000112 2
2 0 599895 485011 10 12 11 13 -1 -1 0002000000000010010000000011003000000002000000000020000000000010100000300100000020000000010000000000020002000000222000112 2
1 0 599894 485011 5 7 1 11 -1 -1 0002000000000010010000000011003000000002000000000020000000000010100000300100000000000000010020000000020002000000222000112 2
2 0 599894 481567 6 10 14 14 -1 -1 0102000000000010010000000001003000000002000000000020000000000010100000300100000000000000010020000000020002000000222000112 2
1 0 599893 481567 15 11 14 12 -1 -1 0102000000000010010000000001003000000000000000000020000000000010100000300100000000000000010020000000020002000000222002112 2
2 0 599893 478892 7 11 8 12 -1 -1 0102000000000010010000000001003000000000000000000020000000000010100000300100000000000000010020000000020002000000222012012 2
1 0 599892 478892 14 12 12 10 -1 -1 0102000000000010010000000001003000000000000000000000000000002010100000300100000000000000010020000000020002000000222012012 2
2 0 599892 475631 8 12 14 10 -1 -1 0102000000000010010000000001003000000000000000000000000000002010100000300100000000000000010020000000020102000000222002012 2
1 0 599891 475631 15 13 14 12 -1 -1 0102000000000010010000000001003000000000000000000000000000000010100000300100000000000000010020000000020102000000222202012 2
2 0 599891 472320 13 15 15 13 -1 -1 0102000000000010010000000001003000000000000000000000000000000010100000300100000000000000010020000000020102000000222212002 2
1 0 599890 472320 12 10 11 11 -1 -1 0102000000000010010000000001003000000000000000000000000000000010100000300100000000000000010020000000020102000000220212022 2
2 0 599890 469653 13 11 13 9 -1 -1 0102000000000010010000000001003000000000000000000000000000000010100000300100000000000000010120000000020002000000220212022 2
1 0 599889 469653 14 12 13 11 -1 -1 0102000000000010010000000001003000000000000000000000000000000010100000300100000000000000010120000000020002000002020212022 2
2 0 599889 467279 2 10 3 11 -1 -1 0102000000000010010000000001003000000000000000000000000000000010100000300100000000000000010120000000020002000002120202022 2
1 0 599888 467279 13 11 12 12 -1 -1 0100000200000010010000000001003000000000000000000000000000000010100000300100000000000000010120000000020002000002120202022 2
2 0 599888 465311 11 13 13 11 -1 -1 0100000200000010010000000001003000000000000000000000000000000010100000300100000000000000010120000000020012000002020202022 2
1 0 599887 465311 12 12 10 10 -1 -1 0100000200000010010000000001003000000000000000000000000000000010100000300100000000000000010100000000020012000002220202022 2
2 0 599887 462596 12 6 14 12 -1 -1 0100000200000010010000000001003000000000000000000000000000000010100000300100000100000000010100000000020002000002220202022 2
1 0 599886 462596 11 11 9 9 -1 -1 0100000200000010010000000001003000000000000000000000000000000010100000300100000100000000010100000000000002000002220222022 2
2 0 599886 461584 12 14 13 15 -1 -1 0100000200000010010000000001003000000000000000000000000000000010100010300100000100000000010000000000000002000002220222022 2
1 0 599886 461584 10 10 8 8 -1 -1 0100000200000010010000000001003000000000000000000000000000000010100010300100000100000000010000000000000000000002222222022 2
2 0 599886 460862 3 11 4 12 -1 -1 0100000200000010010000000001003000000000000000000000000000100010100010300100000000000000010000000000000000000002222222022 2
1 0 599886 460862 9 9 7 7 -1 -1 0100000000000010210000000001003000000000000000000000000000100010100010300100000000000000010000000000000000000002222222022 2
2 0 599886 460120 4 12 6 14 -1 -1 0100000000000010210000000001003000000000000000001000000000100010100000300100000000000000010000000000000000000002222222022 2
1 0 599885 460120 8 8 6 6 -1 -1 0100000000000010010000000001003000000000020000001000000000100010100000300100000000000000010000000000000000000002222222022 2
2 0 599885 459226 6 14 7 13 -1 -1 0100000000000010010000000001003000000100020000001000000000000010100000300100000000000000010000000000000000000002222222022 2
1 0 599884 459226 11 7 10 8 -1 -1 0100000000000010010000000001003000000100000000001002000000000010100000300100000000000000010000000000000000000002222222022 2
2 0 599884 458818 7 13 8 12 -1 -1 0100000000000010010000000001003000000100000000001002000000000010100000300100001000000000000000000000000000000002222222022 2
1 0 599884 458818 10 8 9 7 -1 -1 0100000000000010010000000001003000000100000000001000000000002010100000300100001000000000000000000000000000000002222222022 2
2 0 599884 458156 8 12 10 14 -1 -1 0100000000000010010000000001003000000100000000001000000000002010100100300100000000000000000000000000000000000002222222022 2
1 0 599883 458156 9 19 8 18 -1 -1 0100000000000010010000000001003000000100000000001000000000000010100100300100000002000000000000000000000000000002222222022 2
2 0 599883 457019 13 9 15 11 -1 -1 0100000000000010010000000001003000000100000000001000000000000011100100300000000002000000000000000000000000000002222222022 2
1 0 599882 457019 9 7 8 8 -1 -1 0100000000000010010000000001003000000100000000001000000000000011100100300000000002000000000000000000000000000000222222222 2
2 0 599882 456284 14 10 13 9 -1 -1 0100000000000010010000000001003000000100000000001000000000100011100000300000000002000000000000000000000000000000222222222 2
1 0 599882 456284 8 16 7 15 -1 -1 0100000000000010010000000001003000000100000000001000000000100011100000300000000002000000000000000000000000000002222022222 2
2 0 599882 455842 10 14 11 13 -1 -1 0100000000000010010000000001003000000100000000001000100000100001100000300000000002000000000000000000000000000002222022222 2
1 0 599881 455842 8 20 4 12 -1 -1 0100000000000010010000000001003000000100000000001000100000100001100000300000000000000000000020000000000000000002222022222 2
2 0 599881 455129 11 13 12 12 -1 -1 0100000000000010110000000001003000000100000000001000100000100001000000300000000000000000000020000000000000000002222022222 2
1 0 599880 455129 8 8 7 9 -1 -1 0100000000000010110000000001003000000100000000001000100000100001000000300000000000000000000000000000000020000002222022222 2
2 0 599880 454643 12 12 14 10 -1 -1 0100000000000010110000000001003000000100000000001100100000000001000000300000000000000000000000000000000020000002222022222 2
