1322287661000
kingfish
artificialwintelligence
1 0 599795 600000 14 10 12 12 -1 -1 2222222222000000000000000000000000000000000000000000000000000000000000000000000000000000000000000000000000000001111111111 1
2 0 599795 597284 2 14 4 16 -1 -1 2222222222000000000000000000000000000000000000000000000000000000000000000000000000000000000000000000000010000001111011111 1
1 0 599793 597284 16 12 12 8 -1 -1 2222202222000000002000000000000000000000000000000000000000000000000000000000000000000000000000000000000010000001111011111 1
2 0 599793 591945 4 16 5 17 -1 -1 2222202222000000002000000000000000000000000000000000000000000000000000000000000000000000000000000000001010000001111011110 1
1 0 599791 591945 13 13 11 11 -1 -1 2222202222000000000000000000000200000000000000000000000000000000000000000000000000000000000000000000001010000001111011110 1
2 0 599791 588936 0 12 6 18 -1 -1 2222202222000000000000000000000200000000000000000000000000000000000000000000000000000000000100000000001010000001101011110 1
1 0 599790 588936 14 12 10 12 -1 -1 0222202222000000000000000000000200000000000200000000000000000000000000000000000000000000000100000000001010000001101011110 1
2 0 599790 577875 6 18 7 19 -1 -1 0222202222000000000000000000000200000000000200000000000000000000000000000000000010000000000100000000001010000001101001110 1
1 0 599789 577875 13 11 9 11 -1 -1 0222202222000000000000000000000200000000000000000000002000000000000000000000000010000000000100000000001010000001101001110 1
2 0 599789 572446 7 19 8 20 -1 -1 0222202222000000000000000000000200000000000000000000002000000000000001000000000010000000000100000000001010000001001001110 1
1 0 599596 572446 12 12 8 12 -1 -1 0222202222000000000000000000000200000000000000000000000000000000200001000000000010000000000100000000001010000001001001110 1
2 0 599596 556315 8 20 9 19 -1 -1 0222202222000000000000000000000200000000000000000000000000001000200001000000000010000000000100000000001000000001001001110 1
1 0 599595 556315 11 11 7 11 -1 -1 0222202222000000000000000000000200000000000000000000000000001000000001000200000010000000000100000000001000000001001001110 1
2 0 599595 543270 9 19 10 18 -1 -1 0222202222000000000000000000000200000000000000000010000000001000000001000200000010000000000000000000001000000001001001110 1
1 0 599594 543270 10 12 6 12 -1 -1 0222202222000000000000000000000200000000000000000010000000001000000001000000000010020000000000000000001000000001001001110 1
2 0 599594 529620 10 18 11 17 -1 -1 0222202222000000000000000000000200000000100000000010000000001000000001000000000000020000000000000000001000000001001001110 1
1 0 598852 529620 9 11 5 11 -1 -1 0222202222000000000000000000000200000000100000000010000000001000000001000000000000000000000000200000001000000001001001110 1
2 0 598852 503747 11 17 12 16 -1 -1 0222202222000000000000000000100200000000100000000010000000001000000000000000000000000000000000200000001000000001001001110 1
1 0 598249 503747 8 12 4 12 -1 -1 0222202222000000000000000000100200000000100000000010000000001000000000000000000000000000000000000000001000200001001001110 1
2 0 598249 494813 3 11 5 9 -1 -1 0222202222000000100000000000100200000000100000000010000000000000000000000000000000000000000000000000001000200001001001110 1
1 0 597761 494813 7 11 3 11 -1 -1 0222202022000000100000000002100200000000100000000010000000000000000000000000000000000000000000000000001000200001001001110 1
2 0 597761 480789 2 12 6 8 -1 -1 0222202122000000100000000002100200000000100000000000000000000000000000000000000000000000000000000000001000200001001001110 1
1 0 596950 480789 6 12 2 12 -1 -1 0222002122000000100000000002100200000020100000000000000000000000000000000000000000000000000000000000001000200001001001110 1
2 0 596950 450797 2 10 6 6 -1 -1 0222102122000000100000000002100200000020000000000000000000000000000000000000000000000000000000000000001000200001001001110 1
1 0 596531 450797 12 8 11 9 -1 -1 0220102122000000100000000002100200000220000000000000000000000000000000000000000000000000000000000000001000200001001001110 1
2 0 596531 432356 1 13 2 14 -1 -1 0220102122000000100000000002100200000220000000000000000000000000000000000000000000000000001000000000000000200001001001110 1
1 0 595735 432356 14 14 10 10 -1 -1 0200122122000000100000000002100200000220000000000000000000000000000000000000000000000000001000000000000000200001001001110 1
2 0 595735 404229 1 11 2 10 -1 -1 0200122122000000100000000002100200000220000000000000000000000000000000000000000100000000001000000000000000200001001000110 1
1 0 595214 404229 11 9 9 11 -1 -1 0002122122000000100000000002100200000220000000000000000000000000000000000000000100000000001000000000000000200001001000110 1
2 0 595214 392276 2 10 6 10 -1 -1 0002122122000000100000000002100200000220000000000000000000000000000001000000000100000000000000000000000000200001001000110 1
1 0 594899 392276 4 12 2 10 -1 -1 0000122122000000100000000002100200000222000000000000000000000000000001000000000100000000000000000000000000200001001000110 1
2 0 594899 360249 12 16 14 10 -1 -1 0001122122000000000000000002100200000222000000000000000000000000000001000000000100000000000000000000000000200001001000110 1
1 0 594430 360249 13 9 12 10 -1 -1 0001122122000000000000000002100200000222000000000000000000000000000001000000000100000000000000000000000000000001001200110 1
2 0 594430 340317 2 14 6 18 -1 -1 0001122122000000000000000002100200000222000000000000000000000000000001000000000100000000000000000000000100000000001200110 1
1 0 591556 340317 15 11 9 9 -1 -1 0001102122000000000000000002100200000222000200000000000000000000000001000000000100000000000000000000000100000000001200110 1
2 0 591556 318256 14 10 15 11 -1 -1 0001102122000000000000000002100200000222000200000000000000000000000011000000000100000000000000000000000100000000001200010 1
1 0 590310 318256 10 10 8 8 -1 -1 0001102122000000000000000002100200000222000200000000000000000000000011000000000100000000000000000000000100000000001000210 1
2 0 590310 303804 5 9 7 11 -1 -1 0001102122000000000000000002100200000222000200000000000000100000000011000000000000000000000000000000000100000000001000210 1
1 0 586314 303804 9 11 5 7 -1 -1 0001102122000000000000000000100200000222000200000020000000100000000011000000000000000000000000000000000100000000001000210 1
2 0 586314 282598 6 8 10 8 -1 -1 0001102122000000000000000010100200000222000200000020000000100000000010000000000000000000000000000000000100000000001000210 1
1 0 584416 282598 9 9 5 9 -1 -1 0001102122000000000000000010100200000202000200000020000000100000000010000000002000000000000000000000000100000000001000210 1
2 0 584416 265658 3 9 4 10 -1 -1 0001102122000000000000000011100200000202000200000020000000100000000000000000002000000000000000000000000100000000001000210 1
1 0 582213 265658 12 10 11 9 -1 -1 0001100122000002000000000011100200000202000200000020000000100000000000000000002000000000000000000000000100000000001000210 1
2 0 582213 249198 3 15 4 14 -1 -1 0001100122000002000000000011100200000202000200000020000000100000000000000000002000000000001000000000000000000000001000210 1
1 0 580303 249198 11 9 7 13 -1 -1 0001100120000002020000000011100200000202000200000020000000100000000000000000002000000000001000000000000000000000001000210 1
2 0 580303 200656 4 10 8 14 -1 -1 0001100120000002020000000011100200000202000200000021000000100000000000000000002000000000000000000000000000000000001000210 1
1 0 578481 200656 5 9 4 8 -1 -1 0001100120000000020000000011100200000202000200000021000000100200000000000000002000000000000000000000000000000000001000210 1
2 0 578481 141506 3 13 7 17 -1 -1 0001100120000010020000000010100200000202000200000021000000100200000000000000002000000000000000000000000000000000001000210 1
1 0 576535 141506 8 8 7 7 -1 -1 0001100100000010020000000010100200000202000200000021020000100200000000000000002000000000000000000000000000000000001000210 1
2 0 576535 107658 4 14 5 13 -1 -1 0001100100000010020000000010100200000202000200001021020000000200000000000000002000000000000000000000000000000000001000210 1
1 0 574691 107658 5 7 1 11 -1 -1 0001100100000010000000000010120200000202000200001021020000000200000000000000002000000000000000000000000000000000001000210 1
2 0 574691 76817 5 13 6 12 -1 -1 0101100100000010000000000000120200000202000200001021020000000200000000000000002000000000000000000000000000000000001000210 1
1 0 573838 76817 7 13 3 13 -1 -1 0101100100000010000000000000100200000202200200001021020000000200000000000000002000000000000000000000000000000000001000210 1
2 0 573838 51801 5 17 9 13 -1 -1 0101100110000010000000000000100200000202200200001020020000000200000000000000002000000000000000000000000000000000001000210 1
1 0 572618 51801 5 11 3 9 -1 -1 0101100110000010000000000000100000000202200200001020020000000200000000200000002000000000000000000000000000000000001000210 1
2 0 572618 28630 15 11 16 12 -1 -1 0101101110000010000000000000000000000202200200001020020000000200000000200000002000000000000000000000000000000000001000210 1
1 0 571766 28630 7 7 5 5 -1 -1 0101101110000010000000000000000000000202200200001020020000000200000000200000002000000000000000000000000000000000001000012 1
2 0 571766 16479 8 14 10 12 -1 -1 0101101110000010000000000100000000000202200200000020020000000200000000200000002000000000000000000000000000000000001000012 1
1 0 570613 16479 15 13 14 14 -1 -1 0101101110000010000000000100000000000202200200000020020000000000000000200000002020000000000000000000000000000000001000012 1
2 0 570613 8766 6 18 8 16 -1 -1 0101101110000010000000000100000000000202200200000020020000000000000000200000002020000000000000000000000000000000001001002 1
1 0 567995 8766 14 14 12 16 -1 -1 0101101110000010000000000100000000000202200000000020020000000020000000200000002020000000000000000000000000000000001001002 1
2 0 567995 -47 7 17 11 13 8 12 0101101110000010000000000100000000000202200000000020020000000020000000200000002020000000000000000000000000100000001000002 1
1 0 562880 -47 13 15 11 17 -1 -1 0101101110000010000000000100000000000202200000000020000000003020000000200000002020000000000020000000000000100000001000002 1
2 0 562880 -47 10 12 12 14 -1 -1 0101101110000010000000000100000000000202200000000020000000003020000000200000002020000000000020100000000000100000000000002 1
1 0 559971 -47 5 5 4 6 -1 -1 0101101110000010000000000100000000000202200000000020000000003020000000200000002000000000000020100000000002100000000000002 1
2 0 559971 -47 6 12 10 12 -1 -1 0101101110000110000000000000000000000202200000000020000000003020000000200000002000000000000020100000000002100000000000002 1
1 0 552123 -47 11 17 11 15 -1 -1 0101101110000110000000000000000000000202000000000020000000003020000000200000002020000000000020100000000002100000000000002 1
2 0 552123 -47 11 13 13 15 -1 -1 0101101110000110000000000000000000000202000000000020000000003020000000200000002020000000000021000000000002100000000000002 1
1 0 549882 -47 12 16 11 17 -1 -1 0101101110000110000000000000000000000202000000000020000000003020000000200000002020000000000001000000000002100000002000002 1
2 0 549882 -47 9 13 11 11 -1 -1 0101101110000110000000000000000000000202000000000020000000003020000000200000002020000000000001100000000002000000002000002 1
1 0 544724 -47 11 17 5 11 -1 -1 0101101110000110000000000000000000000202000000000020000000003020000000000000002020000000000201100000000002000000002000002 1
2 0 544724 -47 10 12 12 10 -1 -1 0101101110000110000000000000100000000202000000000020000000003020000000000000002020000000000201000000000002000000002000002 1
1 0 542278 -47 5 11 4 10 -1 -1 0101101110000110000000000000100000000202000000000020000000003020000000000000002000000000000201000000000202000000002000002 1
2 0 542278 -47 11 11 13 9 5 9 0101101110000111000000000000000000000202000000000020000000003020000000000000002000000000000201000000000202000000002000002 1
1 0 541550 -47 4 8 2 14 -1 -1 0101101110000111000000000003000000000202000000000020000000003020000000000000002000000000000001000000000202000002002000002 1
2 0 541550 -47 7 11 9 13 -1 -1 0101111110000101000000000003000000000202000000000020000000003020000000000000002000000000000001000000000202000002002000002 1
1 0 539965 -47 2 12 1 13 -1 -1 0101111110000101000000000003000000000202000000000000000000003020000000200000002000000000000001000000000202000002002000002 1
2 0 539965 -47 13 9 14 10 -1 -1 0111011110000101000000000003000000000202000000000000000000003020000000200000002000000000000001000000000202000002002000002 1
1 0 537734 -47 4 10 2 12 -1 -1 0111011110000101000000000003000000000202000000000000000000003020000000200000002000000000000001000000000202000000002200002 1
2 0 537734 -47 14 10 15 11 -1 -1 0111111110000100000000000003000000000202000000000000000000003020000000200000002000000000000001000000000202000000002200002 1
1 0 536182 -47 11 15 10 16 -1 -1 0111111110000100000000000003000000000202000000000000000000003020000000200000002000000000000001000000000202000000002000202 1
2 0 536182 -47 13 15 14 14 -1 -1 0111111110000100000000000003000000000202000000000000000000003020000000200000002000100000000000000000000202000000002000202 1
1 0 534821 -47 10 16 9 17 -1 -1 0111111110000100000000000003000000000202000000000000000000003020000000200000002000100000000000000000000202000000000002202 1
2 0 534821 -47 8 16 10 18 -1 -1 0111111110000100000000000003000000000202000000000000000000003020000000201000002000000000000000000000000202000000000002202 1
1 0 533684 -47 9 17 8 16 -1 -1 0111111110000100000000000003000000000202000000000000000000003000000000201000002000020000000000000000000202000000000002202 1
2 0 533684 -47 14 14 15 13 -1 -1 0111111110000100000000000003000000000202000000000000000000003010000000200000002000020000000000000000000202000000000002202 1
1 0 532545 -47 8 16 7 15 -1 -1 0111111110000100000000000003000000000202000000000000000000003010000000200000002000020000000000000000000202000000000000222 1
2 0 532545 -47 12 14 13 13 -1 -1 0111111110000100000000000003000000000202000000000000100000003000000000200000002000020000000000000000000202000000000000222 1
1 0 531301 -47 7 15 6 14 -1 -1 0111111110000100000000000003000000000202000000000000100000003000000000200000002000020000000000000000000200000000020000222 1
2 0 531301 -47 13 13 14 14 -1 -1 0111111110000100000000000003000000000202010000000000000000003000000000200000002000020000000000000000000200000000020000222 1
1 0 530255 -47 6 14 5 13 -1 -1 0111111110000100000000000003000000000202010000000000000000003000000000200000002000020000000000000000000200000000000002222 1
2 0 530255 -47 12 10 13 9 -1 -1 0111111110000100000000000003010000000202000000000000000000003000000000200000002000020000000000000000000200000000000002222 1
1 0 529967 -47 5 13 4 14 -1 -1 0111111110000100000000000003010000000202000000000000000000003000000000200000002000020000000000000000000000000002000002222 1
2 0 529967 -47 13 9 14 10 -1 -1 0111111110000100010000000003000000000202000000000000000000003000000000200000002000020000000000000000000000000002000002222 1
1 0 529752 -47 2 10 0 12 -1 -1 0111111110000100010000000003000000000202000000000000000000003000000000200000002000020000000000000000000000000000000202222 1
2 0 529752 -47 10 8 11 7 -1 -1 1110111110000100010000000003000000000202000000000000000000003000000000200000002000020000000000000000000000000000000202222 1
1 0 528839 -47 4 6 4 8 -1 -1 1110111110000100010000000003000000000202000000000000000000003000000000200000000000020000020000000000000000000000000202222 1
2 0 528839 -47 11 7 12 8 -1 -1 1110111110000010010000000003000000000202000000000000000000003000000000200000000000020000020000000000000000000000000202222 1
1 0 527979 -47 4 8 2 10 -1 -1 1110111110000010010000000003000000000202000000000000000000003000000000200000000000020000000000000000002000000000000202222 1
2 0 527979 -47 12 8 13 9 -1 -1 1111111110000000010000000003000000000202000000000000000000003000000000200000000000020000000000000000002000000000000202222 1
1 0 527704 -47 4 14 3 15 -1 -1 1111111110000000010000000003000000000202000000000000000000003000000000200000000000020000000000000000000000000002000202222 1
