1322294411000
googolhex
kingfish
1 0 599561 600000 13 11 12 10 -1 -1 2222222222000000000000000000000000000000000000000000000000000000000000000000000000000000000000000000000000000001111111111 2
2 0 599561 599905 2 14 4 12 -1 -1 2222222222000000000000000000000000000000000000000000000000000000000000000000000000000000000000000000000100000001011111111 2
1 0 598876 599905 13 15 11 9 -1 -1 2222202222000000200000000000000000000000000000000000000000000000000000000000000000000000000000000000000100000001011111111 2
2 0 598876 599905 0 12 4 16 -1 -1 2222202222000000200000000000000000000000000000000000000000000000000000000000000000000000001000000000000100000001010111111 2
1 0 597792 599905 14 14 10 10 -1 -1 0222202222000000202000000000000000000000000000000000000000000000000000000000000000000000001000000000000100000001010111111 2
2 0 597792 599904 3 11 5 13 -1 -1 0222202222000000202000000000000000000000000000000000000000000000000000000000000100000000001000000000000100000001010110111 2
1 0 595394 599904 16 12 12 12 -1 -1 0222202022000000202000000000020000000000000000000000000000000000000000000000000100000000001000000000000100000001010110111 2
2 0 595394 599903 2 12 6 12 -1 -1 0222202022000000202000000000020000000000000000000000000000000000000000000000000100000000001000000000000110000001010110110 2
1 0 591096 599903 15 13 11 13 -1 -1 0222002022000000202000000000020000000000200000000000000000000000000000000000000100000000001000000000000110000001010110110 2
2 0 591096 599902 3 13 7 13 -1 -1 0222002022000000202000000000020000000000200000000000000000000000000000000000000100000000001010000000000110000001010110100 2
1 0 583787 599902 14 12 10 8 -1 -1 0222002002000000202000000000020000000000200000000002000000000000000000000000000100000000001010000000000110000001010110100 2
2 0 583787 599727 4 12 8 12 -1 -1 0222002002000000202000000000020000000000200000000002000000000000000000000000001100000000001010000000000110000001010100100 2
1 0 577422 599727 13 13 9 9 -1 -1 0222002002000000002000000000020000000000200000000002000000002000000000000000001100000000001010000000000110000001010100100 2
2 0 577422 593800 3 9 4 10 -1 -1 0222002002000000002000000000020000000000200000000002000000002000000010000000001100000000001010000000000110000001000100100 2
1 0 571784 593800 12 12 12 8 -1 -1 0222000002000002002000000000020000000000200000000002000000002000000010000000001100000000001010000000000110000001000100100 2
2 0 571784 590996 1 11 5 15 -1 -1 0222000002000002002000000000020000000000200000000002000000002000000010000000001100000000001010000000001100000001000100100 2
1 0 568898 590996 11 13 10 12 -1 -1 0022000002000002002000000000022000000000200000000002000000002000000010000000001100000000001010000000001100000001000100100 2
2 0 568898 584998 5 13 11 11 -1 -1 0022000002000002002000000000022000000000200000000002000000002000000010000000001110000000001000000000001100000001000100100 2
1 0 567595 584998 9 9 8 8 -1 -1 0022000002000002002000000000002000000000200000000002000000002000000010000000001110000000001200000000001100000001000100100 2
2 0 567595 581528 3 15 7 11 -1 -1 0022000002000002002000000000002000000000200000000002000000102000000000000000001110000000001200000000001100000001000100100 2
1 0 566354 581528 13 9 9 9 -1 -1 0022000000000002002000000000002000000000200000000022000000102000000000000000001110000000001200000000001100000001000100100 2
2 0 566354 576700 11 11 13 9 -1 -1 0022000000000002002000000000002000000000200000000022000000102000000010000000001110000000001200000000001100000000000100100 2
1 0 564742 576700 14 10 13 11 -1 -1 0022000000000002002000000000002000000000200000000022000000102000000010000000001110000000001000000000001100000002000100100 2
2 0 564742 571681 4 16 6 14 -1 -1 0022000000000002002000000000002000000000200000000022000000102000000010000000001110000000001000000000001100000002100000100 2
1 0 562452 571681 15 11 14 10 -1 -1 0022000000000002000000000000002000000000220000000022000000102000000010000000001110000000001000000000001100000002100000100 2
2 0 562452 567605 2 10 3 9 -1 -1 0022000000000002000000000000002000000000220000000022000000102000000010000000001110000000001000000000001100000002100100000 2
1 0 560833 567605 11 9 9 11 -1 -1 0020002000000002000000000000002000000000220000000022000000102000000010000000001110000000001000000000001100000002100100000 2
2 0 560833 562469 7 13 11 9 -1 -1 0020002000000002000000000000002000000000220000000022000000102000000011000000001110000000000000000000001100000002100100000 2
1 0 553105 562469 10 12 8 10 -1 -1 0020002000000002000000000000002000000000220000000020000000102000000011000000001110000000002000000000001100000002100100000 2
2 0 553105 559474 3 9 7 13 -1 -1 0020002000000002000000000000002000000000220000000020000000112000000011000000001100000000002000000000001100000002100100000 2
1 0 549966 559474 14 10 12 12 -1 -1 0020000000000002000000000000002000000000220000000022000000112000000011000000001100000000002000000000001100000002100100000 2
2 0 549966 555557 1 13 2 12 -1 -1 0020000000000002000000000000002000000000220000000022000000112000000011000000001100000000002000000000001110000002100000000 2
1 0 545543 555557 9 11 7 9 -1 -1 0000200000000002000000000000002000000000220000000022000000112000000011000000001100000000002000000000001110000002100000000 2
2 0 545543 551670 8 12 9 13 -1 -1 0000200000000002000000000000002000000000220000000122000000112000000010000000001100000000002000000000001110000002100000000 2
1 0 538113 551670 12 12 11 11 -1 -1 0000200000000002000000000000002000000000220000000122000000110000000010200000001100000000002000000000001110000002100000000 2
2 0 538113 548308 6 14 10 14 -1 -1 0000200000000002000000000000002000000000220000000122000000110000000010200000001100000000002100000000001100000002100000000 2
1 0 529203 548308 12 10 10 12 -1 -1 0000200000000002000000000000002000000000200000000122000000110000000010200000001102000000002100000000001100000002100000000 2
2 0 529203 543778 6 12 8 14 -1 -1 0000200000000002000000000000002000000000200000000122000000110000000010200000001112000000002100000000001000000002100000000 2
1 0 519766 543778 10 12 9 11 -1 -1 0000200000000002000000000000002000000000000000000122000000110200000010200000001112000000002100000000001000000002100000000 2
2 0 519766 537740 7 13 11 13 -1 -1 0000200000000002000000000000002000000000000000000122000000110200000011200000001102000000002100000000001000000002100000000 2
1 0 508247 537740 10 10 6 10 -1 -1 0000200000000002000000000000002000000000000000000120000000110200000011200000001102000000002120000000001000000002100000000 2
2 0 508247 530360 8 14 12 14 -1 -1 0000200000000002000000000000002000000001000000000120000000110200000011200000001002000000002120000000001000000002100000000 2
1 0 499660 530360 13 11 14 10 -1 -1 0000200000000002000000000000002000000001000000000120000000110000000011200000001002000000002120000000001002000002100000000 2
2 0 499660 524830 9 13 13 13 -1 -1 0000200000000002000000000000002000000001000000000120000000110000000011200000001002000000002120000000001002000002000100000 2
1 0 492931 524830 6 10 5 11 -1 -1 0000200000000002000000000000002000000001000000000120000000110000000011000000001002000000002120000000001002000002020100000 2
2 0 492931 518843 7 11 8 12 -1 -1 0000200000000002000000000000102000000000000000000120000000110000000011000000001002000000002120000000001002000002020100000 2
1 0 485887 518843 8 8 4 12 -1 -1 0000200000000002000000000000102000000000000000000100000000112000000011000000001002000000002120000000001002000002020100000 2
2 0 485887 513500 8 12 10 10 -1 -1 0000200000000002100000000000102000000000000000000100000000012000000011000000001002000000002120000000001002000002020100000 2
1 0 481111 513500 14 10 13 11 -1 -1 0000200000000002100000000000102000000000000000000100000000010000000011000000001202000000002120000000001002000002020100000 2
2 0 481111 506983 10 14 14 14 -1 -1 0000200000000002100000000000102000000000000000000100000000010000000011000000001202000000002120000000001002000002120000000 2
1 0 474798 506983 13 11 12 10 -1 -1 0000200000000002100000000000102000000000000000000100000000010000000011000000001200000000002120000000001002000002120002000 2
2 0 474798 501307 11 9 13 11 -1 -1 0000200000000002100000000000102000000000000000000100000000010000000011000000001200000000002120000000001102000002020002000 2
1 0 469552 501307 12 10 11 9 -1 -1 0000200000000002100000000000102000000000000000000100000000010000000011000000001200000000000120000000001102000002220002000 2
2 0 469552 494543 11 13 15 13 -1 -1 0000200000000002100000000000102000000000000000000100000000010000000011000000001200000000001120000000001002000002220002000 2
1 0 469550 494543 5 11 1 11 -1 -1 0000200000000002100000000000102000000000000000000100000000010000000011000000001200000000001100000000001002000002220002020 2
2 0 469550 490396 2 12 3 11 -1 -1 0100200000000002100000000000002000000000000000000100000000010000000011000000001200000000001100000000001002000002220002020 2
1 0 469550 490396 4 12 0 12 -1 -1 0100000200000002100000000000002000000000000000000100000000010000000011000000001200000000001100000000001002000002220002020 2
2 0 469550 486942 3 11 5 9 -1 -1 1100000200000002000000000000002000000000000000000100000000010000000011000000001200000000001100000000001002000002220002020 2
1 0 469549 486942 11 9 9 7 -1 -1 1100000000000002000000000002002000000000000000000100000000010000000011000000001200000000001100000000001002000002220002020 2
2 0 469549 482040 4 10 6 8 -1 -1 1100000000000002000000000002002000000000000000000100000000010000000111000000001200000000000100000000001002000002220002020 2
1 0 469548 482040 10 8 8 6 8 14 1100000000000000000000000002002000000020000000000100000000010000000111000000001200000000000100000000001002000002220002020 2
2 0 469548 478038 10 10 14 10 -1 -1 1100000000000000000000000002002000000020000000000100000001010300000111000000000200000000000100000000001002000002220002020 2
1 0 469547 478038 9 9 7 15 -1 -1 1100000000000000000000000002002000000020000000000100000001010300000111000000000000000000000100000000001002000002220202020 2
2 0 469547 473250 5 9 9 13 -1 -1 1100000000000000000000000002002000000020000000000100100001010300000101000000000000000000000100000000001002000002220202020 2
1 0 469547 473250 9 11 7 17 -1 -1 1100000000000000000000000000002000000020000000000100100001010300000101200000000000000000000100000000001002000002220202020 2
2 0 469547 468990 12 14 14 12 -1 -1 1100000000000000000000000000002000000020000000000100110001010300000100200000000000000000000100000000001002000002220202020 2
1 0 469546 468990 9 7 7 5 -1 -1 1100000000000000000000000000002000000020000000000100110001010300000100200000000000000000000100000000001000000002220222020 2
2 0 469546 467139 5 15 6 14 -1 -1 1100000000000000000000000000002000000020000000010100110001010300000000200000000000000000000100000000001000000002220222020 2
1 0 469546 467139 7 15 5 13 10 14 1100000000000000000000000000000000000020020000010100110001010300000000200000000000000000000100000000001000000002220222020 2
2 0 469546 463772 6 14 7 13 -1 -1 1100000000000000000000000000010000000020020000010100010001010300000000200000000003000000000100000000001000000002220222020 2
1 0 469546 463772 7 9 5 7 -1 -1 1100000000000000000000000000010000000020000000010102010001010300000000200000000003000000000100000000001000000002220222020 2
2 0 469546 461689 7 13 11 13 -1 -1 1100000000000000000000000010010000000020000000010002010001010300000000200000000003000000000100000000001000000002220222020 2
1 0 469546 461689 12 8 11 9 -1 -1 1100000000000000000000000010010000000020000000010000010001010300000000200000000003000000000120000000001000000002220222020 2
2 0 469546 459396 9 13 11 15 -1 -1 1100000000000000000000000010010000000020000000010000010001010300000000200000000003000000001120000000000000000002220222020 2
1 0 469545 459396 11 9 10 10 -1 -1 1100000000000000000000000010010000000020000000010000010001010300000000000000000003000000001122000000000000000002220222020 2
2 0 469545 457980 6 8 7 9 -1 -1 1100000000000000000000000010010000000020000000010000010001010300000000000000000103000000000122000000000000000002220222020 2
1 0 469545 457980 11 11 7 7 -1 -1 1100000000000000000000000010010000000000000000010200010001010300000000000000000103000000000122000000000000000002220222020 2
2 0 469545 455457 7 9 11 9 -1 -1 1100000000000000000000000010010000000000000000011200010001010300000000000000000103000000000022000000000000000002220222020 2
1 0 469544 455457 8 6 4 6 -1 -1 1100000000000000000000000010010000000000000000011000010001010300000000000000000103000000002022000000000000000002220222020 2
2 0 469544 453271 11 9 12 10 -1 -1 1100000000000100000000000010010000000000000000011000010000010300000000000000000103000000002022000000000000000002220222020 2
1 0 469544 453271 10 10 9 9 -1 -1 1100000000000100000000000010010000000000000000011000010000010300000000000000000103000000000022000000000200000002220222020 2
2 0 469544 452049 11 13 12 12 -1 -1 1100000000000100000000000010010000000000000000011000010000010300000010000000000003000000000022000000000200000002220222020 2
1 0 469544 452049 9 9 7 11 -1 -1 1100000000000100000000000010010000000000000000011000010000010300000010000000000003000000000002000000000220000002220222020 2
2 0 469544 451176 11 15 12 14 -1 -1 1100000000000100000000000010010000000000000000011010010000010300000000000000000003000000000002000000000220000002220222020 2
1 0 469543 451176 8 10 4 14 -1 -1 1100000000000100000000000010010000000000000000011010010000010300000000000000000003000000000000000000000222000002220222020 2
2 0 469543 449812 12 14 13 15 -1 -1 1100000000000100010000000010010000000000000000011010010000000300000000000000000003000000000000000000000222000002220222020 2
1 0 469542 449812 5 13 3 15 -1 -1 1100000000000100010000000010010000000000000000011010010000000300000000000000000003000000000000000000000220000002222222020 2
2 0 469542 449032 13 9 15 11 -1 -1 1100000001000100010000000010000000000000000000011010010000000300000000000000000003000000000000000000000220000002222222020 2
1 0 469541 449032 7 17 6 16 -1 -1 1100000001000100010000000010000000000000000000011010010000000300000000000000000003000000000000000000000220000000222222220 2
2 0 469541 448543 14 10 16 12 -1 -1 1100000001000100010000000010000000000000001000011010000000000300000000000000000003000000000000000000000220000000222222220 2
1 0 469541 448543 7 5 6 6 -1 -1 1100000001000100010000000010000000000000001000011010000000000300000000000000000003000000000000000000000220000000222022222 2
2 0 469541 448064 12 10 13 9 -1 -1 1100000001000100010000000010000000000100001000001010000000000300000000000000000003000000000000000000000220000000222022222 2
1 0 469540 448064 7 7 5 9 -1 -1 1100000001000100010000000010000000000100001000001010000000000300000000000000000003000000000000000000000020000002222022222 2
2 0 469540 447642 12 12 14 10 -1 -1 1100000001000100010000000011000000000100001000000010000000000300000000000000000003000000000000000000000020000002222022222 2
