1322289689000
kingfish
deepred
1 0 599783 600000 14 10 12 12 -1 -1 2222222222000000000000000000000000000000000000000000000000000000000000000000000000000000000000000000000000000001111111111 1
2 0 599783 -61 2 10 4 12 -1 -1 2222222222000000000000000000000000000000000000000000000000000000000000000000000000000000000000000000000010000001111011111 1
1 0 599783 -61 16 12 12 8 -1 -1 2220222222000000200000000000000000000000000000000000000000000000000000000000000000000000000000000000000010000001111011111 1
2 0 599783 -61 0 12 4 8 7 9 2220222222000000200000000000000000000000000000000000000000000000000000000000000000000000000000000000001010000001111011110 1
1 0 599782 -61 13 13 11 11 -1 -1 0220222222000020200000000000000000000000000000000300000000000000000000000000000000000000000000000000001010000001111011110 1
2 0 599782 -61 3 13 5 11 11 15 0220222222000020200000000000000000000000000000000300000000000000000000000000000000000000000100000000001010000001101011110 1
1 0 599782 -61 14 12 10 12 -1 -1 0220222202000020200000000000200000000000000000000300000000000000000000000000000000000000000103000000001010000001101011110 1
2 0 599782 -61 4 12 8 8 -1 -1 0220222202000020200000000000200000000000000000000300000000000000000000000000000010000000000103000000001010000001101001110 1
1 0 599782 -61 13 11 9 11 -1 -1 0220222202000020000000000000200000000000000000000300000000200000000000000000000010000000000103000000001010000001101001110 1
2 0 599782 -61 2 12 6 12 -1 -1 0220222202000020000000000000200000000000000000000300000000200000000001000000000010000000000103000000001010000001001001110 1
1 0 599523 -61 14 14 8 12 -1 -1 0220022202000020000000000000200000000000200000000300000000200000000001000000000010000000000103000000001010000001001001110 1
2 0 599523 -61 2 14 6 14 -1 -1 0220022202000020000000000000200000000000200000000300000000201000000001000000000010000000000103000000001010000001001000110 1
1 0 589852 -61 11 11 5 9 -1 -1 0220002202000020000000000000200000000000220000000300000000201000000001000000000010000000000103000000001010000001001000110 1
2 0 589852 -61 6 12 8 6 -1 -1 0220002202000020000000000001200000000000220000000300000000201000000001000000000010000000000003000000001010000001001000110 1
1 0 582945 -61 10 12 2 12 -1 -1 0220002202000020000000000001200000000000020000000300000002201000000001000000000010000000000003000000001010000001001000110 1
2 0 582945 -61 8 6 10 12 -1 -1 0220102202000020000000000001200000000000020000000300000002201000000001000000000000000000000003000000001010000001001000110 1
1 0 576600 -61 15 11 14 12 -1 -1 0220102202000020000000000001200000000000020000000300000000201000000001000000000020000000000003000000001010000001001000110 1
2 0 576600 -61 4 8 6 10 -1 -1 0220102202000020000000000001200000000000020000000300000000201000000001000000000020000000000003000000001010000001001010010 1
1 0 567633 -61 9 11 5 15 -1 -1 0220102202000000000000000001200000000002020000000300000000201000000001000000000020000000000003000000001010000001001010010 1
2 0 567633 -61 1 11 3 13 -1 -1 0220102202000000000000000001201000000002020000000300000000201000000000000000000020000000000003000000001010000001001010010 1
1 0 558471 -61 15 13 7 13 -1 -1 0020102222000000000000000001201000000002020000000300000000201000000000000000000020000000000003000000001010000001001010010 1
2 0 558471 -61 10 12 11 11 -1 -1 0020102222000000000000000001201000000002020000000301000000201000000000000000000020000000000003000000001010000001001010000 1
1 0 552545 -61 12 8 10 14 -1 -1 0020102222000000000000000001201000000002020000000301000000201000000000000000000000000000000203000000001010000001001010000 1
2 0 552545 -61 11 11 15 11 -1 -1 0020102222000000000000000001201000000002020000000301000000201000000000000000000001000000000203000000000010000001001010000 1
1 0 547118 -61 14 12 13 13 -1 -1 0020102222000000000000000001201000000002020000000301000000201000000000000000000001000000000003000000000010000001001010200 1
2 0 547118 -61 15 11 16 12 -1 -1 0020102222000000000000000001201000000002020000000301000000201000000000000000000001000000000003000000000010000001011000200 1
1 0 541705 -61 10 14 10 12 -1 -1 0020102222000000000000000001201000000002020000000301000000201000000000000000000001000000000003000000000010000001011000002 1
2 0 541705 -61 8 8 9 9 -1 -1 0020102222000000000000000001201000000002020000000301000000201000000000000000000010000000000003000000000010000001011000002 1
1 0 536778 -61 13 13 5 13 -1 -1 0020102222000000000000000001201000000002020000000301000000001000000020000000000010000000000003000000000010000001011000002 1
2 0 536778 -61 6 10 14 14 -1 -1 0020102222000000000000000001211000000002020000000301000000001000000020000000000010000000000003000000000010000001001000002 1
1 0 529742 -61 12 12 12 10 -1 -1 0020102222000000000000000001211000000000020000000301000000001000000020000000000010000000000003000000000010000001001002002 1
2 0 529742 -61 6 14 12 16 -1 -1 0020102222000000000000000001211000000000020000000301000000001000000020000000000010000000000003000000000100000001001002002 1
1 0 523491 -61 8 12 2 14 -1 -1 0020102222000000000000000001211000000000000000000301000000001000000020000000000010000000000003000000000100200001001002002 1
2 0 523491 -61 14 14 15 13 -1 -1 0020112222000000000000000001211000000000000000000301000000000000000020000000000010000000000003000000000100200001001002002 1
1 0 519327 -61 13 15 9 11 -1 -1 0020112222000000000000000001211000000000000000000301000000000000000020000000000010000000000003000000000100200001001000022 1
2 0 519327 -61 9 9 11 11 -1 -1 0020112222000000000000000001211000000000000000000301000000000000000021000000000010000000000003000000000100200001000000022 1
1 0 514041 -61 10 12 4 10 -1 -1 0020112222000000000000000001211000000000000000000301000000000000000001000000000010000000000203000000000100200001000000022 1
2 0 514041 -61 12 16 13 15 -1 -1 0020112222000001000000000001211000000000000000000301000000000000000001000000000000000000000203000000000100200001000000022 1
1 0 509280 -61 12 10 6 8 -1 -1 0020112222000001000000000001211000000000000000000301000000000000000001000000000000000000000203000000000100000001002000022 1
2 0 509280 -61 13 15 14 14 -1 -1 0020112222000001000000000001211000000010000000000301000000000000000001000000000000000000000203000000000000000001002000022 1
1 0 505356 -61 9 11 8 12 -1 -1 0020112222000001000000000001211000000010000000000301000000000000000001000000000000000000000203000000000000000001000002022 1
2 0 505356 -61 11 11 12 12 -1 -1 0020112222000001000000000001211000000010000000000301000000001000000000000000000000000000000203000000000000000001000002022 1
1 0 501103 -61 8 12 2 10 -1 -1 0020112222000001000000000001211000000010000000000301000000001000000000000000000000000000000003000000000020000001000002022 1
2 0 501103 -61 12 12 13 11 -1 -1 0021112222000001000000000001211000000010000000000301000000000000000000000000000000000000000003000000000020000001000002022 1
1 0 498816 -61 5 13 4 12 -1 -1 0021112222000001000000000001211000000010000000000301000000000000000000000000000000000000000003000000000000000001200002022 1
2 0 498816 -61 3 11 5 13 -1 -1 0021112222000001100000000001201000000010000000000301000000000000000000000000000000000000000003000000000000000001200002022 1
1 0 497154 -61 5 9 3 11 -1 -1 0021112022000001100000000001221000000010000000000301000000000000000000000000000000000000000003000000000000000001200002022 1
2 0 497154 -61 5 13 7 11 -1 -1 0021112122000001100000000000221000000010000000000301000000000000000000000000000000000000000003000000000000000001200002022 1
1 0 495410 -61 2 14 0 12 -1 -1 0021112122000001100000000000201000000010000000000321000000000000000000000000000000000000000003000000000000000001200002022 1
2 0 495410 -61 13 11 14 12 -1 -1 1021102122000001100000000000201000000010000000000321000000000000000000000000000000000000000003000000000000000001200002022 1
1 0 493291 -61 4 12 2 14 -1 -1 1021102122000001100000000000201000000010000000000321000000000000000000000000000000000000000003000000000000000001000022022 1
2 0 493291 -61 14 12 15 11 -1 -1 1021112122000001000000000000201000000010000000000321000000000000000000000000000000000000000003000000000000000001000022022 1
1 0 491428 -61 5 15 4 16 -1 -1 1021112122000001000000000000201000000010000000000321000000000000000000000000000000000000000003000000000000000001000002222 1
2 0 491428 -61 3 15 5 17 -1 -1 1021112122000001001000000000200000000010000000000321000000000000000000000000000000000000000003000000000000000001000002222 1
1 0 489939 -61 4 16 3 15 -1 -1 1021112120000001001000000000200200000010000000000321000000000000000000000000000000000000000003000000000000000001000002222 1
2 0 489939 -61 7 11 8 12 -1 -1 1021112121000001000000000000200200000010000000000321000000000000000000000000000000000000000003000000000000000001000002222 1
1 0 488764 -61 6 8 6 10 -1 -1 1021112121000001000000000000200200000010000000000301000000002000000000000000000000000000000003000000000000000001000002222 1
2 0 488764 -61 8 12 9 11 -1 -1 1021112121000001000000000000200200000001000000000301000000002000000000000000000000000000000003000000000000000001000002222 1
1 0 487883 -61 6 10 4 12 -1 -1 1021112121000001000000000000200200000001000000000301000000000000000002000000000000000000000003000000000000000001000002222 1
2 0 487883 -61 9 11 10 10 -1 -1 1021112121000001100000000000200200000000000000000301000000000000000002000000000000000000000003000000000000000001000002222 1
1 0 487348 -61 2 10 1 11 -1 -1 1021112121000001100000000000200200000000000000000301000000000000000000000000000200000000000003000000000000000001000002222 1
2 0 487348 -61 10 10 11 11 -1 -1 1120112121000001100000000000200200000000000000000301000000000000000000000000000200000000000003000000000000000001000002222 1
1 0 486515 -61 4 12 2 10 -1 -1 1120112121000001100000000000200200000000000000000301000000000000000000000000000000000000000203000000000000000001000002222 1
