1322293667000
droptable
kingfish
1 0 593305 600000 13 13 12 14 -1 -1 2222222222000000000000000000000000000000000000000000000000000000000000000000000000000000000000000000000000000001111111111 2
2 0 593305 599895 2 14 4 12 -1 -1 2222222222000000000000000000000000000000000000000000000000000000000000000000000000000000000000000000000001000001101111111 2
1 0 589523 599895 14 10 12 16 -1 -1 2222202222000000200000000000000000000000000000000000000000000000000000000000000000000000000000000000000001000001101111111 2
2 0 589523 599894 0 12 4 16 -1 -1 2222202222000000200000000000000000000000000000000000000000000000000000000000000000000000000000000000000001100001101011111 2
1 0 582977 599894 13 9 11 15 -1 -1 0222202222000000202000000000000000000000000000000000000000000000000000000000000000000000000000000000000001100001101011111 2
2 0 582977 599893 3 11 5 13 -1 -1 0222202222000000202000000000000000000000000000000000000000000000000000000000000000000000000001000000000001100000101011111 2
1 0 578457 599893 16 12 12 12 -1 -1 0222202022000000202000000000020000000000000000000000000000000000000000000000000000000000000001000000000001100000101011111 2
2 0 578457 599892 2 12 6 12 -1 -1 0222202022000000202000000000020000000000000000000000000000000000000000000000000000000000000001000000000011100000101011110 2
1 0 567776 599892 12 16 10 14 -1 -1 0222002022000000202000000000020000000000200000000000000000000000000000000000000000000000000001000000000011100000101011110 2
2 0 567776 599891 3 13 7 13 -1 -1 0222002022000000202000000000020000000000200000000000000000000000000000000000000001000000000001000000000011000000101011110 2
1 0 560849 599891 11 15 9 13 -1 -1 0222002002000000202000000000020000000000200000000002000000000000000000000000000001000000000001000000000011000000101011110 2
2 0 560849 596000 1 13 2 12 -1 -1 0222002002000000202000000000020000000000200000000002000000000000000000100000000001000000000000000000000011000000101011110 2
1 0 552281 596000 15 11 13 13 -1 -1 0202202002000000202000000000020000000000200000000002000000000000000000100000000001000000000000000000000011000000101011110 2
2 0 552281 593865 1 11 5 15 -1 -1 0202202002000000202000000000020000000000200000000002000000000000000000100000000001000000000000000000000011000000111011010 2
1 0 541090 593865 13 11 9 15 -1 -1 0002202002000000202000000000022000000000200000000002000000000000000000100000000001000000000000000000000011000000111011010 2
2 0 541090 589612 4 16 8 12 -1 -1 0002202002000000202000000000022000000000200000000002000000000000000000110000000001000000000000000000000011000000011011010 2
1 0 535352 589612 9 13 8 14 -1 -1 0002202002000000200000000000022000000000200000000002000000002000000000110000000001000000000000000000000011000000011011010 2
2 0 535352 584648 5 13 11 15 -1 -1 0002202002000000200000000000022000000000200000000002000000002100000000010000000001000000000000000000000011000000011011010 2
1 0 530936 584648 10 14 9 13 -1 -1 0002202002000000200000000000002000000000200000000002000000002100000000010000000001000000000002000000000011000000011011010 2
2 0 530936 580958 8 12 12 16 -1 -1 0002202002000000200000000000002000000000200000000002000000002100000000110000000000000000000002000000000011000000011011010 2
1 0 527251 580958 15 13 11 13 -1 -1 0002202002000000200000000000002000000000200000000002000000000100000000110000000000000000000002000000000011200000011011010 2
2 0 527251 577849 2 10 10 14 -1 -1 0002202002000000200000000000002000000000200000000002000000000100000000110000000000000000000012000000000011200000011011000 2
1 0 524355 577849 14 12 13 11 -1 -1 0000202002000000200000000000002000000000200000000002000000000100000000110000000002000000000012000000000011200000011011000 2
2 0 524355 575166 5 15 5 13 -1 -1 0000202002000000200000000000002000000000200000000002000000000100000000110000000002000000000012000000000011200000111001000 2
1 0 519210 575166 13 13 11 11 -1 -1 0000202002000000200000000000020000000000200000000002000000000100000000110000000002000000000012000000000011200000111001000 2
2 0 519210 572244 4 12 8 12 -1 -1 0000202002000000200000000000020000000000200000000002000000000100000000110000000002000000000112000000000011200000101001000 2
1 0 516121 572244 9 13 7 11 -1 -1 0000202002000000000000000000020000000000200000000002000000002100000000110000000002000000000112000000000011200000101001000 2
2 0 516121 569470 6 12 8 10 -1 -1 0000202002000000000000000000020000000000200000000012000000002100000000010000000002000000000112000000000011200000101001000 2
1 0 504899 569470 7 11 6 10 -1 -1 0000202002000000000000000000020000000000000000000012000000022100000000010000000002000000000112000000000011200000101001000 2
2 0 504899 563769 7 13 9 11 -1 -1 0000202002000000000000000000020000000001000000000002000000022100000000010000000002000000000112000000000011200000101001000 2
1 0 503031 563769 6 10 5 9 -1 -1 0000202002000000000000000000020000000001000000000000000000022100000002010000000002000000000112000000000011200000101001000 2
2 0 503031 559517 8 10 14 12 -1 -1 0000202002000000000000000001020000000000000000000000000000022100000002010000000002000000000112000000000011200000101001000 2
1 0 496973 559517 14 14 13 13 -1 -1 0000202002000000000000000001020000000000000000000000000000002100000002010000000002000000000112000000000011200000101021000 2
2 0 496973 555744 12 16 14 10 -1 -1 0000202002000000000000000001020000000000000000000000000000002100000002010000000002000000000112000000000011200000111020000 2
1 0 493438 555744 9 15 8 16 -1 -1 0000202002000000000000000001020000000000000000000000000000002100000002010000000002000000000112000000000011000000111220000 2
2 0 493438 552848 10 14 14 14 -1 -1 0000202002000000000000000001020000000000000000000000000000002110000002000000000002000000000112000000000011000000111220000 2
1 0 491446 552848 13 15 12 16 -1 -1 0000202002000000000000000001020000000000000000000000000000002110000002000000000000000000000112000000000011000000111222000 2
2 0 491446 549829 3 15 3 13 -1 -1 0000202002000000000000000001020000000000000000000000000000002110000002000000000000000000000112000000000011100000110222000 2
1 0 483854 549829 8 14 7 15 -1 -1 0000202020000000000000000001020000000000000000000000000000002110000002000000000000000000000112000000000011100000110222000 2
2 0 483854 547046 2 12 6 12 -1 -1 0000202020000000000000000001020000000000000000000000100000002010000002000000000000000000000112000000000011100000110222000 2
1 0 478752 547046 8 16 6 10 -1 -1 0000002020000000000000000001020000000000200000000000100000002010000002000000000000000000000112000000000011100000110222000 2
2 0 478752 543736 8 12 10 10 -1 -1 0000002020000000000000000001020000000001200000000000100000002000000002000000000000000000000112000000000011100000110222000 2
1 0 473252 543736 11 11 9 13 -1 -1 0000002020000000000000000001020000000001200000000000100000000000000002000000000200000000000112000000000011100000110222000 2
2 0 473252 539610 3 9 4 8 -1 -1 0000002020000000000000000001020000000001200000000000100000000000000002100000000200000000000012000000000011100000110222000 2
1 0 467982 539610 7 15 6 16 -1 -1 0000000020000020000000000001020000000001200000000000100000000000000002100000000200000000000012000000000011100000110222000 2
2 0 467982 535297 5 13 7 11 -1 -1 0000000020000020000000000001020000000001201000000000000000000000000002100000000200000000000012000000000011100000110222000 2
1 0 457644 535297 12 14 8 10 -1 -1 0000000020000020000000000001000000000001201000000020000000000000000002100000000200000000000012000000000011100000110222000 2
2 0 457644 529117 7 11 11 11 -1 -1 0000000020000020000000000001000000000001201000000020000000010000000002100000000200000000000012000000000010100000110222000 2
1 0 450636 529117 12 16 8 8 -1 -1 0000000020000020000000000001000000000001201000000000000000010000000002100000000200000000000212000000000010100000110222000 2
2 0 450636 524204 4 8 5 7 -1 -1 0000000020000020000000000001000000000001201000000000000000110000000002100000000200000000000212000000000010000000110222000 2
1 0 419579 524204 8 10 7 9 -1 -1 0000000020000000000000000021000000000001201000000000000000110000000002100000000200000000000212000000000010000000110222000 2
2 0 419579 516959 6 12 12 10 -1 -1 0000000020000000000000000021000000000001201000000100000000100000000002100000000200000000000212000000000010000000110222000 2
1 0 416442 516959 7 9 6 8 -1 -1 0000000020000000000000000021000000000001001000000100000000100000000002100000000200000000000212000000000210000000110222000 2
2 0 416442 512081 5 7 9 7 -1 -1 0000000020000000000000000021000000000011001000000000000000100000000002100000000200000000000212000000000210000000110222000 2
1 0 410089 512081 6 8 4 10 -1 -1 0000000020000000000000000001000000000011001000000000000000100000000202100000000200000000000212000000000210000000110222000 2
2 0 410089 506748 10 10 12 16 -1 -1 0000000020000001000000000001000000000001001000000000000000100000000202100000000200000000000212000000000210000000110222000 2
1 0 398250 506748 8 8 7 7 -1 -1 0000000020000001000000000001000000000001001000000000000000100000000202100000000000000000000212000000000210200000110222000 2
2 0 398250 502823 11 11 15 11 -1 -1 0000000020000001000000000001000000000001001000001000000000000000000202100000000000000000000212000000000210200000110222000 2
1 0 368921 502823 6 16 5 15 -1 -1 0000000020000001000000000001000000000001001000001000000000000000000202100000000000000000000012000000000210200000110222200 2
2 0 368921 499752 3 13 4 12 -1 -1 0000000020000001000000000001001000000001000000001000000000000000000202100000000000000000000012000000000210200000110222200 2
1 0 361179 499752 5 9 4 8 -1 -1 0000000000000001200000000001001000000001000000001000000000000000000202100000000000000000000012000000000210200000110222200 2
2 0 361179 496775 12 16 13 15 -1 -1 0000000000000011200000000000001000000001000000001000000000000000000202100000000000000000000012000000000210200000110222200 2
1 0 325183 496775 12 12 8 12 -1 -1 0000000000000011200000000000001000000001000000001000000000000000000202100000000000000000000012000000000210000000112222200 2
2 0 325183 494757 4 12 3 11 -1 -1 0000000000000011200000000000001000000001000000001000000000001000000202100000000000000000000012000000000200000000112222200 2
1 0 298722 494757 7 7 6 8 -1 -1 0000000200000011000000000000001000000001000000001000000000001000000202100000000000000000000012000000000200000000112222200 2
2 0 298722 492899 3 11 7 11 -1 -1 0000000200000011000000000000001000000011000000000000000000001000000202100000000000000000000012000000000200000000112222200 2
1 0 268731 492899 9 13 8 14 -1 -1 0000000000000011000000000000001000000011000000000020000000001000000202100000000000000000000012000000000200000000112222200 2
2 0 268731 488464 9 7 10 8 -1 -1 0000000000000011000000000000001000000011000000000020000000001100000202000000000000000000000012000000000200000000112222200 2
1 0 238736 488464 6 8 5 7 -1 -1 0000000000000011000000000000001000000011000000000020000000001100000002000000002000000000000012000000000200000000112222200 2
2 0 238736 484781 7 11 11 7 -1 -1 0000000000000011000000000010001000000001000000000020000000001100000002000000002000000000000012000000000200000000112222200 2
1 0 208739 484781 4 8 3 9 -1 -1 0000000000000011000000000010001000000001000000000000000000001100000002000000002000000000020012000000000200000000112222200 2
2 0 208739 479648 11 15 13 9 -1 -1 0000001000000001000000000010001000000001000000000000000000001100000002000000002000000000020012000000000200000000112222200 2
1 0 187397 479648 5 7 4 8 -1 -1 0000001000000001000000000010001000000001000000000000000000001100000002000000002000000000020010000000000200000002112222200 2
2 0 187397 476904 10 8 12 6 -1 -1 0000001000000011000000000000001000000001000000000000000000001100000002000000002000000000020010000000000200000002112222200 2
1 0 179800 476904 13 11 11 5 -1 -1 0000001000000011000000000000001000000001000000000000000000001100000002000000000000000000020010000000020200000002112222200 2
2 0 179800 473597 12 10 13 11 -1 -1 0000001000000011000000000000001000000001000000000000000000001100000002000000000000000000120010000000020200000002012222200 2
1 0 172698 473597 13 13 12 14 -1 -1 0000001000000011000000000000001000000001000000000000000000001100000002000000000000000000120010000000020000000002212222200 2
2 0 172698 471557 11 7 12 8 -1 -1 0000001000000011000000000000001000000001000000000000000000001100000002000000000000000000120010000000020001000002202222200 2
1 0 144816 471557 4 10 3 11 -1 -1 0000001000000011000000000000001000000001000000000000000000001100000002000000000000000000100010000000022001000002202222200 2
2 0 144816 470120 9 11 10 10 -1 -1 0000001100000010000000000000001000000001000000000000000000001100000002000000000000000000100010000000022001000002202222200 2
1 0 132794 470120 8 12 7 11 -1 -1 0000001100000010000000000000001000000001000000000000000000001100000000000000000200000000100010000000022001000002202222200 2
2 0 132794 468296 10 10 11 11 -1 -1 0000001100000010000000000000001000000001000000000010000000000100000000000000000200000000100010000000022001000002202222200 2
1 0 122665 468296 11 5 10 6 -1 -1 0000001100000010000000000000001000000001000000000010000000000100000000000000000000000000100210000000022001000002202222200 2
2 0 122665 467290 11 11 13 13 -1 -1 0000001100000010000000000000001000000001000000000010000000000100000000000000010000000000000210000000022001000002202222200 2
1 0 105206 467290 4 8 2 10 -1 -1 0000001100000010000000000000001000000001000000000010000000000100000000000000010000000000000010000000022001000002222222200 2
2 0 105206 466573 12 6 12 10 -1 -1 0001001100000000000000000000001000000001000000000010000000000100000000000000010000000000000010000000022001000002222222200 2
1 0 94991 466573 5 15 4 14 -1 -1 0001001100000000000000000000001000000001000000000010000000000100000000000000010000000000000010000000002201000002222222200 2
2 0 94991 465736 12 8 12 12 -1 -1 0001001100000000010000000000000000000001000000000010000000000100000000000000010000000000000010000000002201000002222222200 2
1 0 75427 465736 4 14 3 15 -1 -1 0001001100000000010000000000000000000001000000000010000000000100000000000000010000000000000010000000000221000002222222200 2
2 0 75427 465030 13 15 15 13 -1 -1 0001001101000000000000000000000000000001000000000010000000000100000000000000010000000000000010000000000221000002222222200 2
1 0 75004 465030 2 10 1 11 -1 -1 0001001101000000000000000000000000000001000000000010000000000100000000000000010000000000000010000000000221000002220222220 2
2 0 75004 464447 14 10 16 12 -1 -1 0100001101000000000000000000000000000001000000000010000000000100000000000000010000000000000010000000000221000002220222220 2
1 0 74476 464447 12 14 10 12 -1 -1 0100001101000000000000000000000000000001000000000010000000000100000000000000010000000000000010000000000221000002220022222 2
2 0 74476 463651 12 10 12 14 -1 -1 0100001101000000000000000000000000000001000000000010000000000100000000000000010010000000000010000000000220000002220022222 2
1 0 64445 463651 10 6 9 7 -1 -1 0100001101000000000000000000000000000001000000000010000000000100000000000000010010000000000010000000000022000002220022222 2
2 0 64445 463101 12 12 14 10 -1 -1 0100001101000000000000000000000000000001000000000010000000000100000100000000000010000000000010000000000022000002220022222 2
1 0 34451 463101 1 11 0 12 -1 -1 0100001101000000000000000000000000000001000000000010000000000100000100000000000010000000000010000000000002000002220222222 2
2 0 34451 462682 12 14 13 15 -1 -1 1000001101000000000000000000000000000001000000000010000000000100000100000000000010000000000010000000000002000002220222222 2
