1322291049000
benny
kingfish
1 0 599918 600000 14 10 12 8 -1 -1 2222222222000000000000000000000000000000000000000000000000000000000000000000000000000000000000000000000000000001111111111 2
2 0 599918 599903 2 14 4 12 -1 -1 2222222222000000000000000000000000000000000000000000000000000000000000000000000000000000000000000000001000000001111011111 2
1 0 599917 599903 16 12 12 12 -1 -1 2222202222000000200000000000000000000000000000000000000000000000000000000000000000000000000000000000001000000001111011111 2
2 0 599917 599902 0 12 4 16 -1 -1 2222202222000000200000000000000000000000000000000000000000000000000000000000000000000000000000000000001010000001111011110 2
1 0 599916 599902 14 14 12 16 -1 -1 0222202222000000202000000000000000000000000000000000000000000000000000000000000000000000000000000000001010000001111011110 2
2 0 599916 599901 3 11 5 13 -1 -1 0222202222000000202000000000000000000000000000000000000000000000000000000000000000000000000000000000001010100001111010110 2
1 0 599915 599901 14 12 12 10 -1 -1 0222202022000000202000000000020000000000000000000000000000000000000000000000000000000000000000000000001010100001111010110 2
2 0 599915 599900 2 12 6 12 -1 -1 0222202022000000202000000000020000000000000000000000000000000000000000000000000000000000000000000000001110100001111000110 2
1 0 599914 599900 13 11 11 13 -1 -1 0222002022000000202000000000020000000000200000000000000000000000000000000000000000000000000000000000001110100001111000110 2
2 0 599914 599899 3 13 7 13 -1 -1 0222002022000000202000000000020000000000200000000000000000000000000000000000000000000000000010000000001110100001011000110 2
1 0 599913 599899 13 13 11 15 -1 -1 0222002002000000202000000000020000000000200000000002000000000000000000000000000000000000000010000000001110100001011000110 2
2 0 599913 599717 4 12 8 12 -1 -1 0222002002000000202000000000020000000000200000000002000000000000000000000000000000000000000011000000001110100001001000110 2
1 0 599912 599717 12 16 8 16 9 15 0222002002000000002000000000020000000000200000000002000000002000000000000000000000000000000011000000001110100001001000110 2
2 0 599912 599716 5 13 9 13 -1 -1 0222002002000000002000000000020000000000200000000002000000002010000000030000000000000000000011000000001110000001001000110 2
1 0 599911 599716 12 10 8 18 -1 -1 0222002002000000002000000000000000000000200000000002000000002010000000230000000000000000000011000000001110000001001000110 2
2 0 599911 589517 6 12 12 14 -1 -1 0222002002000000002000000000000000000000200000000002000000002011000000230000000000000000000011000000001010000001001000110 2
1 0 599910 589517 13 9 11 7 -1 -1 0222002002000000002000000000000000000000000000000002000000002011000000230000000000000000000011000000001012000001001000110 2
2 0 599910 583755 3 9 4 10 -1 -1 0222002002000000002000000000000000000000000000000002000000002011000000230000000000000000010011000000001012000000001000110 2
1 0 599909 583755 12 8 10 6 -1 -1 0222000002000002002000000000000000000000000000000002000000002011000000230000000000000000010011000000001012000000001000110 2
2 0 599909 581304 1 11 5 11 -1 -1 0222000002000002002000000000000000000000000000000002000000002011000000230000010000000000010011000000000012000000001000110 2
1 0 599908 581304 12 12 10 14 -1 -1 0022000002000002002000000000200000000000000000000002000000002011000000230000010000000000010011000000000012000000001000110 2
2 0 599908 576893 4 10 8 14 -1 -1 0022000002000002002000000000200000000000000000000002000000002011000000230000010001000000010011000000000002000000001000110 2
1 0 599907 576893 11 7 9 5 -1 -1 0022000002000000002000000000200000000000000000000002000000002211000000230000010001000000010011000000000002000000001000110 2
2 0 599907 573732 7 13 9 11 -1 -1 0022000002000000002000000000200000000000000000000002000000002211001000230000010001000000000011000000000002000000001000110 2
1 0 599903 573732 10 6 8 4 -1 -1 0022000002000000002000000000200000000000000000000000000000002211001002230000010001000000000011000000000002000000001000110 2
2 0 599903 570872 8 14 10 12 -1 -1 0022000002000000002000000000200000000000000000000000000010002211001002230000000001000000000011000000000002000000001000110 2
1 0 599902 570872 15 11 14 12 5 13 0022000002000000002000000000200000000000000000000000000010002011001002230000000021000000000011000000000002000000001000110 2
2 0 599902 565926 3 15 5 17 -1 -1 0022000002000000002000000000230000000000000000000000000010002011001002230000000021000000000011000000000002000000001010010 2
1 0 599901 565926 15 13 13 11 -1 -1 0022000000000000002000000000230200000000000000000000000010002011001002230000000021000000000011000000000002000000001010010 2
2 0 599901 561239 4 16 6 18 -1 -1 0022000000000000002000000000230200000000000000000000000010002011001002230000000021000000000011000000000002000000101010000 2
1 0 599900 561239 14 12 12 10 -1 -1 0022000000000000000000000000230200000000000200000000000010002011001002230000000021000000000011000000000002000000101010000 2
2 0 599900 555199 5 11 9 19 -1 -1 0022000000000000000000000000230200000000000200000000000010002011001002230000000021000000000011000000000102000000101000000 2
1 0 599899 555199 13 11 11 9 -1 -1 0022000000000000000000000000030200000000000200000000000010002011001002230200000021000000000011000000000102000000101000000 2
2 0 599899 548978 5 17 9 17 -1 -1 0022000000000000000000000000030200000000000200000000000010002011001002230200000021000000001011000000000102000000001000000 2
1 0 599898 548978 12 10 10 8 -1 -1 0022000000000000000000000000030000000000000200000000000010002011001002232200000021000000001011000000000102000000001000000 2
2 0 599898 545513 8 12 12 8 -1 -1 0022000000000000000000000000030000000000000200000000000010002011001002232200001021000000001011000000000002000000001000000 2
1 0 599897 545513 11 9 7 5 -1 -1 0022000000000000000000000000030000000000000200000000000010000011001002232200001021000000001011000000002002000000001000000 2
2 0 599897 540263 9 13 13 9 -1 -1 0022000000000000000000000000030000000000000200010000000010000011001002232200001021000000000011000000002002000000001000000 2
1 0 599896 540263 11 15 9 9 -1 -1 0022000000000000000000000000030000000000000200010000000010000011001002032200001021000000000011000000002002000002001000000 2
2 0 599896 533950 9 17 13 13 -1 -1 0022000000000000000000000000030000000000000200010000000010000011001012032200001021000000000010000000002002000002001000000 2
1 0 599896 533950 9 9 5 17 -1 -1 0022000000000000000000000000030000000000000200010000000010000011001012030200001021000000000010000000002002000002021000000 2
2 0 599896 526575 6 18 7 19 -1 -1 0022000000000000000000000000030100000000000200010000000010000011001002030200001021000000000010000000002002000002021000000 2
1 0 599895 526575 8 16 4 16 -1 -1 0022000000000000000000000000030100000000000000010000002010000011001002030200001021000000000010000000002002000002021000000 2
2 0 599895 520886 7 19 11 11 -1 -1 0022000000000000001000000000030100000000000000010000002010000001001002030200001021000000000010000000002002000002021000000 2
1 0 599894 520886 11 13 9 3 -1 -1 0022000000000000001000000000030100000000000000010000000010000001001002030200001021000000000210000000002002000002021000000 2
2 0 599894 514035 12 14 14 12 -1 -1 0022000000000000001000000000030100000000000000010000000010000001011002030200001021000000000200000000002002000002021000000 2
1 0 599893 514035 10 14 8 16 -1 -1 0022000000000000001000000000030100000000000000010000000010000001011002030200001021000000000200000000002000000002021020000 2
2 0 599893 508823 12 8 14 10 -1 -1 0022000000000000001000000000030100000000000000010000000010000011011002030200001020000000000200000000002000000002021020000 2
1 0 599892 508823 9 5 7 7 -1 -1 0022000000000000001000000000030100000000000000010000000010000011011002030200001020000000000200000000000000000002021220000 2
2 0 599892 505242 9 11 11 9 -1 -1 0022000000000000001000000000030100000000000000011000000010000011010002030200001020000000000200000000000000000002021220000 2
1 0 599891 505242 8 4 6 6 -1 -1 0022000000000000001000000000030100000000000000011000000010000011010000030200001020000000002200000000000000000002021220000 2
2 0 599891 502950 1 13 2 12 -1 -1 0022000000000000001000000000030100000100000000011000000000000011010000030200001020000000002200000000000000000002021220000 2
1 0 599891 502950 7 5 5 7 -1 -1 0002200000000000001000000000030100000100000000011000000000000011010000030200001020000000002200000000000000000002021220000 2
2 0 599891 499385 2 12 3 11 -1 -1 0002200000000000001000000010030100000100000000001000000000000011010000030200001020000000002200000000000000000002021220000 2
1 0 599891 499385 7 7 5 9 -1 -1 0002000200000000001000000010030100000100000000001000000000000011010000030200001020000000002200000000000000000002021220000 2
2 0 599891 495785 10 12 12 10 -1 -1 0002000200000000001000000011030100000100000000000000000000000011010000030200001020000000002200000000000000000002021220000 2
1 0 599890 495785 6 6 4 8 -1 -1 0002000200000000001000000011030100000100000000000000000000000011010000030200001000000000002200000000000200000002021220000 2
2 0 599890 493859 2 10 6 14 -1 -1 0002000200000010001000000011030100000000000000000000000000000011010000030200001000000000002200000000000200000002021220000 2
1 0 599889 493859 5 7 3 13 -1 -1 0000000200000010001000000011030100000000020000000000000000000011010000030200001000000000002200000000000200000002021220000 2
2 0 599889 490210 3 11 4 12 -1 -1 0000000210000010001000000001030100000000020000000000000000000011010000030200001000000000002200000000000200000002021220000 2
1 0 599888 490210 5 17 3 11 -1 -1 0000000010000010201000000001030100000000020000000000000000000011010000030200001000000000002200000000000200000002021220000 2
2 0 599888 487731 11 9 13 11 -1 -1 0000000110000010201000000001030000000000020000000000000000000011010000030200001000000000002200000000000200000002021220000 2
1 0 599887 487731 13 15 12 16 -1 -1 0000000110000010201000000001030000000000020000000000000000000011010000030200001000000000000200000000000200000002221220000 2
2 0 599887 484507 13 9 15 11 -1 -1 0000000110000010201000000001030000000000020000000000000000000011010000030200001000000000000200000000000200100002220220000 2
1 0 599886 484507 12 16 11 17 -1 -1 0000000110000010201000000001030000000000020000000000000000000011010000030200001000000000000200000000000200100000220220200 2
2 0 599886 483129 4 12 5 11 -1 -1 0000000110000010201000000001030000000000020000000000000000000011010000030200001000000000000200100000000200000000220220200 2
1 0 599885 483129 4 8 2 14 -1 -1 0000000110000010001000000001230000000000020000000000000000000011010000030200001000000000000200100000000200000000220220200 2
2 0 599885 480708 11 11 13 9 -1 -1 0000010110000000001000000001230000000000020000000000000000000011010000030200001000000000000200100000000200000000220220200 2
1 0 599884 480708 3 11 1 13 -1 -1 0000010110000000001000000001230000000000020000000000000000000011010000030200001000000000000000100000000200000002220220200 2
2 0 599884 478880 5 11 6 12 -1 -1 0010010010000000001000000001230000000000020000000000000000000011010000030200001000000000000000100000000200000002220220200 2
1 0 599883 478880 2 14 0 12 -1 -1 0010010010000000001000000001030000000000220000000000000000000011010000030200001000000000000000100000000200000002220220200 2
2 0 599883 476445 9 19 9 17 -1 -1 1010000010000000001000000001030000000000220000000000000000000011010000030200001000000000000000100000000200000002220220200 2
1 0 599882 476445 11 17 10 18 -1 -1 1010000010000000001000000001030000000000220000000000000000000011010000032000001000000000000000100000000200000002220220200 2
2 0 599882 474376 6 14 7 13 -1 -1 1010000010000000001000000001030000000000220000000000000000000011010000032000001000010000000000000000000200000002220220200 2
1 0 599881 474376 10 18 9 19 -1 -1 1010000010000000001000000001030000000000200000000002000000000011010000032000001000010000000000000000000200000002220220200 2
2 0 599881 472674 6 12 10 16 -1 -1 1010000010000000001000000001030000000000200000000002000000000011010000032100001000000000000000000000000200000002220220200 2
1 0 599881 472674 8 18 2 12 -1 -1 1010000010000000001000000001030000000000000000000002000000000011010000032100001000200000000000000000000200000002220220200 2
2 0 599881 470680 7 13 8 14 -1 -1 1010100010000000001000000001030000000000000000000002000000000010010000032100001000200000000000000000000200000002220220200 2
1 0 599881 470680 3 13 1 11 -1 -1 1010100010000000001000000001030000000000000000000000000000000210010000032100001000200000000000000000000200000002220220200 2
2 0 599881 469370 9 17 11 15 -1 -1 1110100000000000001000000001030000000000000000000000000000000210010000032100001000200000000000000000000200000002220220200 2
1 0 599880 469370 10 8 9 9 -1 -1 1110100000000000001000000001030000000000000000000000000000000210010000030100001000200000000002000000000200000002220220200 2
2 0 599880 467830 14 12 15 13 -1 -1 1110100000000000001000000001030000000000000000000000000000000210010010030100000000200000000002000000000200000002220220200 2
1 0 599880 467830 9 3 8 4 -1 -1 1110100000000000001000000001030000000000000000000000000000000210010010030100000000200000000002000000000200000002220200220 2
2 0 599880 465936 10 16 12 14 -1 -1 1110100000000000001000000001030000000000000000000000000010000210000010030100000000200000000002000000000200000002220200220 2
1 0 599880 465936 9 19 8 20 -1 -1 1110100000000000001000000001030000000000000000000000000010000210000010030100000000000000000002000000000202000002220200220 2
2 0 599880 464229 12 14 13 15 -1 -1 1110100000000000001000000001030000000000000000000000000010000210100010030000000000000000000002000000000202000002220200220 2
1 0 599879 464229 9 9 8 8 -1 -1 1110100000000000001000000001030000000000000000000000000010000210100010030000000000000000000002000000000200000002222200220 2
2 0 599879 463043 8 14 14 12 -1 -1 1110100000000000001000000001030000000000000000000000000010100210100000030000000000000000000002000000000200000002222200220 2
1 0 599878 463043 8 4 7 5 -1 -1 1110100000000000001000000001030000000000000000000000000010100010100000030000000000000000000002000000000200000002222220220 2
2 0 599878 462567 11 15 12 16 -1 -1 1110100000000000001000000001030000000000000000010000000000100010100000030000000000000000000002000000000200000002222220220 2
1 0 599877 462567 8 8 7 7 -1 -1 1110100000000000001000000001030000000000000000010000000000100010100000030000000000000000000000000000000200200002222220220 2
2 0 599877 462058 12 16 16 12 -1 -1 1110100000000000001000000001030000000000000000011000000000000010100000030000000000000000000000000000000200200002222220220 2
1 0 599876 462058 8 16 7 15 -1 -1 1110100000000000001000000001030000000000000000011000000000000010100000030000000000000000000000000000000200000002222220222 2
2 0 599876 461667 12 10 12 12 -1 -1 1110100000000000001000000001030000000000000000011000100000000000100000030000000000000000000000000000000200000002222220222 2
1 0 599875 461667 8 20 7 19 -1 -1 1110100000000000001000000001030000000000000000011000100000000000100000030000000000000000000000000000000020000002222220222 2
2 0 599875 461347 12 12 14 14 -1 -1 1110100000000000001000000001030000000000000000011000101000000000000000030000000000000000000000000000000020000002222220222 2
