1322295222000
progamers
kingfish
1 0 599407 600000 13 9 12 10 -1 -1 2222222222000000000000000000000000000000000000000000000000000000000000000000000000000000000000000000000000000001111111111 1
2 0 599407 599904 2 14 4 12 -1 -1 2222222222000000000000000000000000000000000000000000000000000000000000000000000000000000000000000000000100000000111111111 1
1 0 598386 599904 15 11 11 11 -1 -1 2222202222000000200000000000000000000000000000000000000000000000000000000000000000000000000000000000000100000000111111111 1
2 0 598386 599903 0 12 4 16 -1 -1 2222202222000000200000000000000000000000000000000000000000000000000000000000000000000000000100000000000100000000111111011 1
1 0 595567 599903 13 11 11 13 -1 -1 0222202222000000202000000000000000000000000000000000000000000000000000000000000000000000000100000000000100000000111111011 1
2 0 595567 599902 3 11 5 13 -1 -1 0222202222000000202000000000000000000000000000000000000000000000000000000000000000000000000110000000000100000000011111011 1
1 0 595426 599902 14 14 10 10 -1 -1 0222202022000000202000000000020000000000000000000000000000000000000000000000000000000000000110000000000100000000011111011 1
2 0 595426 599901 2 12 6 12 -1 -1 0222202022000000202000000000020000000000000000000000000000000000000000000000000100000000000110000000000100000000011110011 1
1 0 595099 599901 16 12 10 14 -1 -1 0222002022000000202000000000020000000000200000000000000000000000000000000000000100000000000110000000000100000000011110011 1
2 0 595099 599900 3 13 7 13 -1 -1 0222002022000000202000000000020000000000200000000000000000000000000000000000000101000000000110000000000100000000011110010 1
1 0 594644 599900 15 13 9 11 -1 -1 0222002002000000202000000000020000000000200000000002000000000000000000000000000101000000000110000000000100000000011110010 1
2 0 594644 594014 4 12 8 12 -1 -1 0222002002000000202000000000020000000000200000000002000000000000000001000000000101000000000110000000000100000000011110000 1
1 0 594275 594014 12 10 8 14 -1 -1 0222002002000000002000000000020000000000200000000002000000002000000001000000000101000000000110000000000100000000011110000 1
2 0 594275 588889 4 16 5 15 -1 -1 0222002002000000002000000000020000000000200000000002000000002100000001000000000101000000000110000000000000000000011110000 1
1 0 593558 588889 14 12 8 10 -1 -1 0222002002000000000000000000022000000000200000000002000000002100000001000000000101000000000110000000000000000000011110000 1
2 0 593558 584773 2 10 6 14 -1 -1 0222002002000000000000000000022000000000200000000002000000012100000001000000000101000000000110000000000000000000011100000 1
1 0 593278 584773 13 15 12 14 -1 -1 0220002002000000000000000000022000000000220000000002000000012100000001000000000101000000000110000000000000000000011100000 1
2 0 593278 580810 5 13 11 15 -1 -1 0220002002000000000000000000022000000000220000000002000000012100000001000000000101000000000110000000000001000000010100000 1
1 0 593117 580810 11 11 5 13 -1 -1 0220002002000000000000000000002000000000220000000002000000012100000001000000000101000000000112000000000001000000010100000 1
2 0 593117 576292 1 11 2 12 -1 -1 0220002002000000000000000000012000000000220000000002000000012100000001000000000101000000000012000000000001000000010100000 1
1 0 592968 576292 12 14 12 12 -1 -1 0020202002000000000000000000012000000000220000000002000000012100000001000000000101000000000012000000000001000000010100000 1
2 0 592968 571523 11 15 11 11 -1 -1 0020202002000000000000000000012000000000220000000002000000012100000001000000000101000000000012000000000010000000010100000 1
1 0 592790 571523 12 12 12 14 -1 -1 0020202002000000000000000000012000000000220000000002000000012100000001000000000101000000000210000000000010000000010100000 1
2 0 592790 566396 8 12 9 13 -1 -1 0020202002000000000000000000012000000000220000000002000000012100000001000000000101000000000210000000000001000000010100000 1
1 0 592623 566396 8 10 7 9 -1 -1 0020202002000000000000000000012000000000220000000002000000010100000001200000000101000000000210000000000001000000010100000 1
2 0 592623 561691 3 9 4 10 -1 -1 0020202002000000000000000000012000000000220000000102000000000100000001200000000101000000000210000000000001000000010100000 1
1 0 592302 561691 10 10 8 12 -1 -1 0020200002000002000000000000012000000000220000000102000000000100000001200000000101000000000210000000000001000000010100000 1
2 0 592302 556439 9 13 11 15 -1 -1 0020200002000002000000000000012000000000220000000102000000001100000001200000000001000000000210000000000001000000010100000 1
1 0 591994 556439 12 14 8 10 -1 -1 0020200002000002000000000000012000000000220000000102000000001100000001000000000001000000000212000000000001000000010100000 1
2 0 591994 550169 1 13 5 9 -1 -1 0020200002000002000000000000012000000000220000000102000000011100000001000000000001000000000212000000000000000000010100000 1
1 0 591545 550169 13 13 12 12 -1 -1 0000200002000002000000000002012000000000220000000102000000011100000001000000000001000000000212000000000000000000010100000 1
2 0 591545 542586 11 11 13 13 -1 -1 0000200002000002000000000002012000000000220000000102000000011100000001000000000001000000000212000000000010000000000100000 1
1 0 591324 542586 14 10 13 11 -1 -1 0000200002000002000000000002012000000000220000000102000000011100000001000000000001000000000012000000000010000000020100000 1
2 0 591324 535688 4 10 6 8 -1 -1 0000200002000002000000000002012000000000220000000102000000011100000001000000000001000000000012000000000010000000120000000 1
1 0 591176 535688 7 9 5 11 -1 -1 0000200002000000000000000002012000000020220000000102000000011100000001000000000001000000000012000000000010000000120000000 1
2 0 591176 529987 6 8 6 10 -1 -1 0000200002000000000000000002112000000020220000000002000000011100000001000000000001000000000012000000000010000000120000000 1
1 0 590950 529987 11 13 9 15 -1 -1 0000200002000000000000000002112000000002220000000002000000011100000001000000000001000000000012000000000010000000120000000 1
2 0 590950 522694 5 9 9 17 -1 -1 0000200002000000000000000002112000000002220000000002000000011100000001010000000001000000000002000000000010000000120000000 1
1 0 590745 522694 13 11 11 13 -1 -1 0000200002000000000000000000112000000002220000000002000000011100000001012000000001000000000002000000000010000000120000000 1
2 0 590745 516241 9 17 10 16 -1 -1 0000200002000000000000000000112000000002220000000002000000011100000001012000000001000000000012000000000010000000020000000 1
1 0 590530 516241 10 14 9 13 -1 -1 0000200002000000000000000000112000000002220000000002000000011100000001010000000001200000000012000000000010000000020000000 1
2 0 590530 510999 6 10 7 11 -1 -1 0000200002000000000000000000112000000002220000000002000000011100000001110000000000200000000012000000000010000000020000000 1
1 0 590347 510999 12 12 8 16 -1 -1 0000200002000000000000000000112000000000220000000022000000011100000001110000000000200000000012000000000010000000020000000 1
2 0 590347 505528 10 16 14 12 -1 -1 0000200002000000000000000000112000000000220000000022000000011110000001110000000000200000000012000000000000000000020000000 1
1 0 590279 505528 5 13 4 12 -1 -1 0000200002000000000000000000112000000000220000000022000000011110000001110000000000000000000012000000000000000000020020000 1
2 0 590279 501824 5 15 5 13 -1 -1 0000200002000000100000000000102000000000220000000022000000011110000001110000000000000000000012000000000000000000020020000 1
1 0 590156 501824 11 13 10 14 -1 -1 0000200002000000100000000000120000000000220000000022000000011110000001110000000000000000000012000000000000000000020020000 1
2 0 590156 497783 7 11 9 17 -1 -1 0000200002000000100000000000120000000000220000000022000000011110000001110000000001000000000002000000000000000000020020000 1
1 0 590020 497783 8 16 7 15 -1 -1 0000200002000000100000000000120000000000220000000002000000011110000001112000000001000000000002000000000000000000020020000 1
2 0 590020 493227 2 12 3 11 -1 -1 0000200002000000100000000000120000000000220000000002100000011100000001112000000001000000000002000000000000000000020020000 1
1 0 589866 493227 9 13 7 11 -1 -1 0000000202000000100000000000120000000000220000000002100000011100000001112000000001000000000002000000000000000000020020000 1
2 0 589866 486511 6 14 10 18 -1 -1 0000000202000000100000000000120000000000220000000012100000011100000001012000000001000000000002000000000000000000020020000 1
1 0 589639 486511 10 14 6 10 -1 -1 0000000202000000100000000000120000000000200000000012100000011100000001012000000001020000000002000000000000000000020020000 1
2 0 589639 480290 5 13 6 14 -1 -1 0000000202000000100000000000120000000001200000000012100000011100000001012000000000020000000002000000000000000000020020000 1
1 0 589433 480290 7 15 5 13 -1 -1 0000000202000000100000000000100000000001220000000012100000011100000001012000000000020000000002000000000000000000020020000 1
2 0 589433 475643 3 15 3 13 -1 -1 0000000202000000100000000000110000000001220000000012000000011100000001012000000000020000000002000000000000000000020020000 1
1 0 589309 475643 7 11 5 9 -1 -1 0000000220000000100000000000110000000001220000000012000000011100000001012000000000020000000002000000000000000000020020000 1
2 0 589309 469487 9 17 11 19 -1 -1 0000000220000000100000000001110000000001220000000002000000011100000001012000000000020000000002000000000000000000020020000 1
1 0 589181 469487 9 11 7 9 -1 -1 0000000220000000100000000001110000000001220000000002000000011100000001010000000000020000000002020000000000000000020020000 1
2 0 589181 465765 3 11 4 10 -1 -1 0000000220000000100000000001110000000001220000000102000000011100000000010000000000020000000002020000000000000000020020000 1
1 0 589058 465765 5 9 3 11 -1 -1 0000000020000002100000000001110000000001220000000102000000011100000000010000000000020000000002020000000000000000020020000 1
2 0 589058 459946 6 14 7 15 -1 -1 0000000120000002100000000000110000000001220000000102000000011100000000010000000000020000000002020000000000000000020020000 1
1 0 588784 459946 9 15 9 13 -1 -1 0000000120000002100000000000110000000001200000000102200000011100000000010000000000020000000002020000000000000000020020000 1
2 0 588784 452634 7 13 9 15 -1 -1 0000000120000002100000000000110000000001200000000102200000011100000000100000000000020000000002020000000000000000020020000 1
1 0 588517 452634 9 13 5 9 -1 -1 0000000120000002100000000000110000000001200000000100200000011100000000120000000000020000000002020000000000000000020020000 1
2 0 588517 443743 7 15 9 17 -1 -1 0000000120000002100000000001110000000001200000000100200000011100000000020000000000020000000002020000000000000000020020000 1
1 0 588298 443743 4 12 2 10 -1 -1 0000000120000002100000000001110000000001200000000100000000011100000000022000000000020000000002020000000000000000020020000 1
2 0 588298 438835 9 17 10 16 -1 -1 0001000120000002000000000001110000000001200000000100000000011100000000022000000000020000000002020000000000000000020020000 1
1 0 588028 438835 6 10 2 14 -1 -1 0001000120000002000000000001110000000001200000000100000000011100000000020000000000220000000002020000000000000000020020000 1
2 0 588028 431463 10 18 12 16 -1 -1 0001010120000002000000000001110000000000200000000100000000011100000000020000000000220000000002020000000000000000020020000 1
1 0 587691 431463 8 12 4 12 -1 -1 0001010120000002000000000001110000000000200000000100000000011100000000020000000000200000000002020000000000200000020020000 1
2 0 587691 422861 9 15 15 13 -1 -1 0001010120000002100000000001110000000000200000000100000000010100000000020000000000200000000002020000000000200000020020000 1
1 0 587537 422861 7 9 6 10 -1 -1 0001010120000002100000000001110000000000200000000100000000010100000000000000000000200000000002020000000000200000020020020 1
2 0 587537 410607 10 16 11 17 -1 -1 0001010120000002100000000001110000000001200000000000000000010100000000000000000000200000000002020000000000200000020020020 1
1 0 587404 410607 8 10 7 11 -1 -1 0001010120000002100000000001110000000001200000000000000000010100000000000000000000000000000002220000000000200000020020020 1
2 0 587404 404425 11 17 13 15 -1 -1 0001010120000002100000000001110000000001200000000010000000000100000000000000000000000000000002220000000000200000020020020 1
1 0 587273 404425 8 14 7 13 -1 -1 0001010120000002100000000001110000000001200000000010000000000100000000000000000000000000000002020000000000200000022020020 1
2 0 587273 401574 6 12 8 14 -1 -1 0001010120000002100000000001110000000001200000000011000000000000000000000000000000000000000002020000000000200000022020020 1
1 0 587008 401574 7 11 6 12 -1 -1 0001010120000002100000000001110000000001000000000011000000000200000000000000000000000000000002020000000000200000022020020 1
2 0 587008 397360 12 16 16 12 -1 -1 0001010120000002100000000001110000000001100000000001000000000200000000000000000000000000000002020000000000200000022020020 1
1 0 586808 397360 5 11 1 11 -1 -1 0001010120000002100000000001110000000001100000000001000000000200000000000000000000000000000002020000000000000000022020022 1
2 0 586808 393315 3 13 7 9 -1 -1 0101010120000002100000000001010000000001100000000001000000000200000000000000000000000000000002020000000000000000022020022 1
1 0 586459 393315 7 13 3 13 -1 -1 0101010100000002100000000001010000000001100000000201000000000200000000000000000000000000000002020000000000000000022020022 1
2 0 586459 390832 7 9 9 15 -1 -1 0101010110000002100000000001010000000001100000000200000000000200000000000000000000000000000002020000000000000000022020022 1
1 0 586219 390832 3 11 1 13 -1 -1 0101010110000002100000000001010000000001100000000000000000000200000000020000000000000000000002020000000000000000022020022 1
2 0 586219 388675 8 14 12 14 -1 -1 0111010010000002100000000001010000000001100000000000000000000200000000020000000000000000000002020000000000000000022020022 1
1 0 585949 388675 5 9 3 11 -1 -1 0111010010000002100000000001010000000001100000000000000000000000000000020000000000000000000002020000000002000000022020022 1
2 0 585949 387130 9 15 10 14 -1 -1 0111010110000002100000000000010000000001100000000000000000000000000000020000000000000000000002020000000002000000022020022 1
1 0 585759 387130 2 10 0 12 -1 -1 0111010110000002100000000000010000000001100000000000000000000000000000000000000002000000000002020000000002000000022020022 1
2 0 585759 385916 10 14 14 14 -1 -1 1110010110000002100000000000010000000001100000000000000000000000000000000000000002000000000002020000000002000000022020022 1
1 0 585622 385916 4 12 2 10 -1 -1 1110010110000002100000000000010000000001100000000000000000000000000000000000000000000000000002020000000002000000022022022 1
2 0 585622 384425 13 13 13 11 -1 -1 1111010110000002000000000000010000000001100000000000000000000000000000000000000000000000000002020000000002000000022022022 1
1 0 585425 384425 6 10 4 12 -1 -1 1111010110000002000000000000010000000001100000000000000000000000000000000000000000000000000002020000000002000000202022022 1
2 0 585425 383434 11 15 15 11 -1 -1 1111010110000002100000000000010000000000100000000000000000000000000000000000000000000000000002020000000002000000202022022 1
1 0 581427 383434 3 11 3 9 -1 -1 1111010110000002100000000000010000000000100000000000000000000000000000000000000000000000000000020000000002000000202022222 1
2 0 581427 382731 4 10 4 14 -1 -1 1111011010000002100000000000010000000000100000000000000000000000000000000000000000000000000000020000000002000000202022222 1
1 0 578503 382731 1 13 2 12 -1 -1 1111011010000000120000000000010000000000100000000000000000000000000000000000000000000000000000020000000002000000202022222 1
2 0 578503 382005 4 14 5 15 -1 -1 1101111010000000120000000000010000000000100000000000000000000000000000000000000000000000000000020000000002000000202022222 1
1 0 573938 382005 2 12 1 13 -1 -1 1101111010000000100000000000012000000000100000000000000000000000000000000000000000000000000000020000000002000000202022222 1
2 0 573938 381366 5 15 7 13 -1 -1 1111011010000000100000000000012000000000100000000000000000000000000000000000000000000000000000020000000002000000202022222 1
1 0 573843 381366 6 12 2 12 -1 -1 1111011010000000100000000000010000000000100000000002000000000000000000000000000000000000000000020000000002000000202022222 1
2 0 573843 380964 7 13 8 12 -1 -1 1111111010000000100000000000010000000000000000000002000000000000000000000000000000000000000000020000000002000000202022222 1
1 0 573841 380964 5 13 3 15 -1 -1 1111111010000000100000000000010000000000000000000000000000002000000000000000000000000000000000020000000002000000202022222 1
2 0 573841 380829 12 14 13 13 -1 -1 1111111011000000100000000000000000000000000000000000000000002000000000000000000000000000000000020000000002000000202022222 1
1 0 573840 380829 4 12 3 11 -1 -1 1111111011000000100000000000000000000000000000000000000000002000000000000000000000000000000000020000000000000000222022222 1
