1322288240000
kingfish
benny
1 0 599817 600000 14 10 12 12 -1 -1 2222222222000000000000000000000000000000000000000000000000000000000000000000000000000000000000000000000000000001111111111 1
2 0 599817 599997 2 14 4 12 8 8 2222222222000000000000000000000000000000000000000000000000000000000000000000000000000000000000000000000010000001111011111 1
1 0 599816 599997 16 12 12 8 -1 -1 2222202222000000200000000000000000000000000000000000000000300000000000000000000000000000000000000000000010000001111011111 1
2 0 599816 599996 0 12 4 16 -1 -1 2222202222000000200000000000000000000000000000000000000000300000000000000000000000000000000000000000001010000001111011110 1
1 0 599815 599996 13 13 11 11 -1 -1 0222202222000000202000000000000000000000000000000000000000300000000000000000000000000000000000000000001010000001111011110 1
2 0 599815 599995 3 11 5 13 -1 -1 0222202222000000202000000000000000000000000000000000000000300000000000000000000000000000000100000000001010000001101011110 1
1 0 599814 599995 14 12 10 12 -1 -1 0222202022000000202000000000020000000000000000000000000000300000000000000000000000000000000100000000001010000001101011110 1
2 0 599814 599994 2 12 6 12 10 14 0222202022000000202000000000020000000000000000000000000000300000000000000000000010000000000100000000001010000001101001110 1
1 0 599813 599994 13 11 9 11 -1 -1 0222002022000000202000000000020000000000200000000000000000300000000000000000000013000000000100000000001010000001101001110 1
2 0 599813 599993 3 13 7 13 -1 -1 0222002022000000202000000000020000000000200000000000000000300000000001000000000013000000000100000000001010000001001001110 1
1 0 594925 599993 12 12 6 14 -1 -1 0222002002000000202000000000020000000000200000000002000000300000000001000000000013000000000100000000001010000001001001110 1
2 0 594925 599992 6 12 8 14 -1 -1 0222002002000000202000000000020000000000210000000002000000300000000001000000000013000000000100000000001000000001001001110 1
1 0 589039 599992 11 11 7 11 -1 -1 0222002002000000202000000000020000000000010000000002000000300200000001000000000013000000000100000000001000000001001001110 1
2 0 589039 599991 5 13 11 11 -1 -1 0222002002000000202000000000020000000000010000000012000000300200000001000000000013000000000000000000001000000001001001110 1
1 0 583573 599991 12 8 11 9 -1 -1 0222002002000000202000000000000000000000010000000012000000300200000001000000000013000000000200000000001000000001001001110 1
2 0 583573 599989 7 13 11 13 -1 -1 0222002002000000202000000000000000000000010000000012000000300200000001000000000013000000001200000000000000000001001001110 1
1 0 578531 599989 14 14 8 16 -1 -1 0222002002000000202000000000000000000000010000000010000000300200000001000000000013000000001220000000000000000001001001110 1
2 0 578531 599988 3 15 5 17 -1 -1 0222002002000000202000000000000000000000010000000010000000300210000001000000000013000000001220000000000000000001001000110 1
1 0 572440 599988 15 11 14 10 -1 -1 0222002000000000202000000000000200000000010000000010000000300210000001000000000013000000001220000000000000000001001000110 1
2 0 572440 599987 4 16 6 18 -1 -1 0222002000000000202000000000000200000000010000000010000000300210000001000000000013000000001220000000000000000001001100010 1
1 0 565618 599987 10 12 4 18 -1 -1 0222002000000000200000000000000200000000010200000010000000300210000001000000000013000000001220000000000000000001001100010 1
2 0 565618 599986 5 17 7 19 -1 -1 0222002000000000200100000000000200000000010200000010000000300210000001000000000003000000001220000000000000000001001100010 1
1 0 560462 599986 8 16 7 15 -1 -1 0222002000000000200100000000000000000000010200000010002000300210000001000000000003000000001220000000000000000001001100010 1
2 0 560462 599984 8 14 12 10 -1 -1 0222002000000000200100000000000000000000010200000010102000300200000001000000000003000000001220000000000000000001001100010 1
1 0 554183 599984 7 15 3 11 -1 -1 0222002000000000200100000000000000000000010200000010102000300000000001000000000003000000001220000000000200000001001100010 1
2 0 554183 599983 6 18 8 20 -1 -1 0222002100000000200100000000000000000000010200000010002000300000000001000000000003000000001220000000000200000001001100010 1
1 0 545266 599983 14 10 6 10 -1 -1 0222002100000000200100000000000000000000010000000010002000300000200001000000000003000000001220000000000200000001001100010 1
2 0 545266 599982 3 9 9 7 -1 -1 0222002100000000200100000000000000000001010000000010002000300000200001000000000003000000001220000000000200000001001000010 1
1 0 541176 599982 13 15 12 14 -1 -1 0222000100000000200100000000000000000001010000000010002000300000200201000000000003000000001220000000000200000001001000010 1
2 0 541176 599981 1 11 7 13 -1 -1 0222000100000000200100000000000000000001010000000010002000300000200201000000000003000000001220000000000201000001000000010 1
1 0 528841 599981 12 14 8 10 -1 -1 0022000100000000200100000000000000000001010000000012002000300000200201000000000003000000001220000000000201000001000000010 1
2 0 528841 599980 12 10 13 11 -1 -1 0022000100000000200100000000000000000001010000000012002000310000200201000000000003000000001220000000000200000001000000010 1
1 0 518638 599980 9 11 3 13 -1 -1 0022000100000000200100000000000000000001010000000012002000310000200201000000000003000000001220000000000000000001200000010 1
2 0 518638 599979 7 13 9 11 -1 -1 0022000110000000200100000000000000000001010000000012002000310000200200000000000003000000001220000000000000000001200000010 1
1 0 509572 599979 15 13 14 12 -1 -1 0022000110000000200100000000000000000001010000000010002000310000200202000000000003000000001220000000000000000001200000010 1
2 0 509572 599979 13 11 15 13 -1 -1 0022000110000000200100000000000000000001010000000010002000310000200202000000000003000000001220000000000000000001200010000 1
1 0 500724 599979 6 14 5 13 -1 -1 0022000110000000200100000000000000000001010000000010002000310000200202000000000003000000001220000000000000000001000010020 1
2 0 500724 599978 4 12 6 14 -1 -1 0022000110000000200100000000010000000001000000000010002000310000200202000000000003000000001220000000000000000001000010020 1
1 0 492892 599978 8 10 2 12 -1 -1 0022000110000000000100000000010000000001020000000010002000310000200202000000000003000000001220000000000000000001000010020 1
2 0 492892 599977 2 10 4 12 -1 -1 0022100110000000000100000000010000000001020000000010002000300000200202000000000003000000001220000000000000000001000010020 1
1 0 482993 599977 13 9 12 10 -1 -1 0020100110000000200100000000010000000001020000000010002000300000200202000000000003000000001220000000000000000001000010020 1
2 0 482993 599977 11 11 13 9 -1 -1 0020100110000000200100000000010000000001020000000010002000300000200202000000000003000000001220000000000100000000000010020 1
1 0 471272 599977 12 10 4 10 -1 -1 0020100110000000200100000000010000000001020000000010002000300000200202000000000003000000001020000000000100000002000010020 1
2 0 471272 599977 15 13 16 12 -1 -1 0020100110000001200100000000010000000001020000000010002000300000200202000000000003000000001020000000000000000002000010020 1
1 0 464270 599977 11 9 10 8 -1 -1 0020100110000001200100000000010000000001020000000010002000300000200202000000000003000000001020000000000000000002000010002 1
2 0 464270 599977 9 7 11 9 -1 -1 0020100110000001200100000000010000000001020000000010002000300000200202000000001003000000000020000000000000000002000010002 1
1 0 455939 599977 10 8 9 7 -1 -1 0020100110000001200100000000010000000001020000000010002000300000200002000000001003000000002020000000000000000002000010002 1
2 0 455939 599976 13 9 14 10 -1 -1 0020100110000001200100000000010000000001020000000010002000300000200102000000000003000000002020000000000000000002000010002 1
1 0 448649 599976 9 7 3 9 -1 -1 0020100110000001200100000000010000000001020000000010002000300000200102000000000003000000002020000000000000000000000210002 1
2 0 448649 599975 14 10 15 11 -1 -1 0020101110000001200100000000010000000001020000000010002000300000200002000000000003000000002020000000000000000000000210002 1
1 0 442513 599975 5 13 4 14 -1 -1 0020101110000001200100000000010000000001020000000010002000300000200002000000000003000000002020000000000000000000000010202 1
2 0 442513 599974 11 13 12 12 -1 -1 0020101110000001210100000000000000000001020000000010002000300000200002000000000003000000002020000000000000000000000010202 1
1 0 438917 599974 7 11 5 9 -1 -1 0020101110000001210100000000000000000001020000000010002000300000200002000000000003000000002000000000000020000000000010202 1
2 0 438917 599973 12 12 13 11 -1 -1 0020101110000001210100000001000000000001020000000000002000300000200002000000000003000000002000000000000020000000000010202 1
1 0 435352 599973 14 12 10 8 -1 -1 0020101110000001210100000001000000000001020000000000002000300000200002000000000003000000002000000000000000000000200010202 1
2 0 435352 599973 13 11 14 10 -1 -1 0020101110000001210100000001000000000001020000000000002000300000200002000000001003000000002000000000000000000000200000202 1
1 0 432903 599973 10 8 9 7 -1 -1 0020101110000001210100000001000000000001020000000000002000300000200002000000001003000000002000000000000000000000000200202 1
2 0 432903 599973 11 9 12 10 -1 -1 0020101110000001210100000001000000000001020000000000002000300000200102000000000003000000002000000000000000000000000200202 1
1 0 429658 599973 9 7 5 11 -1 -1 0020101110000001210100000001000000000001020000000000002000300000200102000000000003000000000000000000000200000000000200202 1
2 0 429658 599973 12 10 13 9 -1 -1 0020101110000001210100000001100000000001020000000000002000300000200002000000000003000000000000000000000200000000000200202 1
1 0 428000 599973 4 18 4 16 -1 -1 0020101110000001210100000001100000000001020000000000002000300000200002000000000003000000000000000000000000000002000200202 1
2 0 428000 599973 9 11 10 10 -1 -1 0020101110000001211000000001100000000001020000000000002000300000200002000000000003000000000000000000000000000002000200202 1
1 0 426036 599973 6 10 0 12 -1 -1 0020101110000001211000000001100000000001020000000000002000300000200000000000000203000000000000000000000000000002000200202 1
2 0 426036 599972 4 12 6 10 -1 -1 1020101110000001211000000001100000000000020000000000002000300000200000000000000203000000000000000000000000000002000200202 1
1 0 424137 599972 4 16 2 10 -1 -1 1020101110000001011000000001100000000002020000000000002000300000200000000000000203000000000000000000000000000002000200202 1
2 0 424137 599971 10 10 11 9 -1 -1 1021101110000001010000000001100000000002020000000000002000300000200000000000000203000000000000000000000000000002000200202 1
1 0 422432 599971 5 9 3 15 -1 -1 1021101110000001010000000001100000000002020000000000002000300000200000000000000003000000002000000000000000000002000200202 1
2 0 422432 599971 11 9 12 8 -1 -1 1021101111000001010000000000100000000002020000000000002000300000200000000000000003000000002000000000000000000002000200202 1
1 0 421184 599971 5 11 4 12 -1 -1 1021101111000001010000000000100000000002020000000000002000300000200000000000000003000000000000000000002000000002000200202 1
2 0 421184 599970 8 20 9 19 -1 -1 1021101111000001110000000000000000000002020000000000002000300000200000000000000003000000000000000000002000000002000200202 1
1 0 420064 599970 4 12 2 14 -1 -1 1021101111000001110000000000000000000002020000000000002000300000000000000200000003000000000000000000002000000002000200202 1
2 0 420064 599969 9 19 10 18 -1 -1 1021111111000001010000000000000000000002020000000000002000300000000000000200000003000000000000000000002000000002000200202 1
1 0 419537 599969 3 9 1 11 -1 -1 1021111111000001010000000000000000000002020000000000002000300000000000000000000003020000000000000000002000000002000200202 1
2 0 419537 599969 10 18 11 17 -1 -1 1121110111000001010000000000000000000002020000000000002000300000000000000000000003020000000000000000002000000002000200202 1
1 0 418990 599969 4 10 3 9 -1 -1 1121110111000001010000000000000000000002020000000000002000300000000000000000000003000000000000200000002000000002000200202 1
