1322289817000
kingfish
droptable
1 0 599822 600000 14 10 12 12 -1 -1 2222222222000000000000000000000000000000000000000000000000000000000000000000000000000000000000000000000000000001111111111 2
2 0 599822 592892 2 10 4 12 -1 -1 2222222222000000000000000000000000000000000000000000000000000000000000000000000000000000000000000000000010000001111011111 2
1 0 599820 592892 16 12 12 8 -1 -1 2220222222000000200000000000000000000000000000000000000000000000000000000000000000000000000000000000000010000001111011111 2
2 0 599820 584620 4 12 5 13 -1 -1 2220222222000000200000000000000000000000000000000000000000000000000000000000000000000000000000000000001010000001111011110 2
1 0 599819 584620 13 13 11 11 -1 -1 2220222222000000000000000000020000000000000000000000000000000000000000000000000000000000000000000000001010000001111011110 2
2 0 599819 569507 0 12 6 14 -1 -1 2220222222000000000000000000020000000000000000000000000000000000000000000000000000000000000100000000001010000001101011110 2
1 0 599818 569507 14 12 10 12 -1 -1 0220222222000000000000000000020000000000020000000000000000000000000000000000000000000000000100000000001010000001101011110 2
2 0 599818 555458 6 14 7 13 -1 -1 0220222222000000000000000000020000000000020000000000000000000000000000000000000010000000000100000000001010000001101001110 2
1 0 599817 555458 13 11 9 11 -1 -1 0220222222000000000000000000020000000000000000000002000000000000000000000000000010000000000100000000001010000001101001110 2
2 0 599817 532513 3 13 4 14 -1 -1 0220222222000000000000000000020000000000000000000002000000000000000001000000000010000000000100000000001010000001001001110 2
1 0 595077 532513 12 12 4 12 -1 -1 0220222202000000020000000000020000000000000000000002000000000000000001000000000010000000000100000000001010000001001001110 2
2 0 595077 518353 5 13 6 14 -1 -1 0220222202000000120000000000020000000000000000000002000000000000000001000000000010000000000100000000001000000001001001110 2
1 0 591938 518353 13 15 12 14 -1 -1 0220222202000000120000000000000000000000020000000002000000000000000001000000000010000000000100000000001000000001001001110 2
2 0 591938 499966 3 9 5 15 -1 -1 0220222202000000120000000000000000000000020000000002000000000000000001000000000010000000000100000000001001000001000001110 2
1 0 587742 499966 15 13 11 9 -1 -1 0220220202000000120000000000002000000000020000000002000000000000000001000000000010000000000100000000001001000001000001110 2
2 0 587742 488044 3 11 7 15 -1 -1 0220220202000000120000000000002000000000020000000002000000000000000001000000000010000000001100000000001001000001000001100 2
1 0 580965 488044 12 8 8 12 -1 -1 0220220002000000120000000000002000000000020000000002200000000000000001000000000010000000001100000000001001000001000001100 2
2 0 580965 481148 1 11 3 13 -1 -1 0220220002000000120000000000002000000000020000000002200000001000000001000000000010000000001100000000000001000001000001100 2
1 0 575085 481148 10 12 6 16 -1 -1 0020220022000000120000000000002000000000020000000002200000001000000001000000000010000000001100000000000001000001000001100 2
2 0 575085 474761 1 13 5 13 -1 -1 0020220022000000120000000000002000000000021000000002200000001000000001000000000000000000001100000000000001000001000001100 2
1 0 572283 474761 4 12 3 11 -1 -1 0000220022000000120000000000022000000000021000000002200000001000000001000000000000000000001100000000000001000001000001100 2
2 0 572283 467696 4 14 10 12 -1 -1 0000220122000000020000000000022000000000021000000002200000001000000001000000000000000000001100000000000001000001000001100 2
1 0 568747 467696 6 16 4 14 -1 -1 0000220122000000000000000000022000000000021000000002200000001000000001000000000020000000001100000000000001000001000001100 2
2 0 568747 463395 2 14 4 12 -1 -1 0000220122000000010000000000022000000000020000000002200000001000000001000000000020000000001100000000000001000001000001100 2
1 0 565140 463395 11 11 7 11 -1 -1 0000200122000000210000000000022000000000020000000002200000001000000001000000000020000000001100000000000001000001000001100 2
2 0 565140 459109 4 12 5 11 -1 -1 0000200122000000210000000000022000000000020000000012200000001000000001000000000020000000001000000000000001000001000001100 2
1 0 560974 459109 3 11 1 13 -1 -1 0000200122000000010000000000222000000000020000000012200000001000000001000000000020000000001000000000000001000001000001100 2
2 0 560974 454279 7 15 8 16 -1 -1 0010200022000000010000000000222000000000020000000012200000001000000001000000000020000000001000000000000001000001000001100 2
1 0 555261 454279 8 12 0 12 -1 -1 0010200022000000010000000000222000000000020000000012000000001020000001000000000020000000001000000000000001000001000001100 2
2 0 555261 450064 6 14 8 12 -1 -1 1010200022000000010000000000222000000000020000000012000000000020000001000000000020000000001000000000000001000001000001100 2
1 0 550885 450064 7 11 6 12 -1 -1 1010200022000000010000000000222000000000000000000012000000002020000001000000000020000000001000000000000001000001000001100 2
2 0 550885 446526 5 15 6 16 -1 -1 1010200022000000010000000000222000000000100000000002000000002020000001000000000020000000001000000000000001000001000001100 2
1 0 544328 446526 6 12 4 10 -1 -1 1010200022000000010000000000220000000000102000000002000000002020000001000000000020000000001000000000000001000001000001100 2
2 0 544328 440648 3 13 9 15 -1 -1 1010200022000001010000000000220000000000002000000002000000002020000001000000000020000000001000000000000001000001000001100 2
1 0 539172 440648 4 10 3 11 -1 -1 1010200002000001010000000000220000000000002000000002000000002020000001020000000020000000001000000000000001000001000001100 2
2 0 539172 431239 8 12 10 10 -1 -1 1010200102000000010000000000220000000000002000000002000000002020000001020000000020000000001000000000000001000001000001100 2
1 0 532388 431239 4 14 3 13 -1 -1 1010200102000000010000000000220000000000002000000002000000000020000001020000000220000000001000000000000001000001000001100 2
2 0 532388 425982 9 15 10 14 -1 -1 1010200112000000000000000000220000000000002000000002000000000020000001020000000220000000001000000000000001000001000001100 2
1 0 523841 425982 9 11 5 15 -1 -1 1010200112000000000000000000220000000000002000000002000000000020000001000000000222000000001000000000000001000001000001100 2
2 0 523841 421331 8 16 9 15 -1 -1 1010200112000000000000000000221000000000002000000002000000000020000000000000000222000000001000000000000001000001000001100 2
1 0 519390 421331 11 9 9 11 -1 -1 1010200112000000000000000000221000000000002000000002000000000000000000020000000222000000001000000000000001000001000001100 2
2 0 519390 412648 3 15 4 16 -1 -1 1010200112000000000000000000221000000000002000000002000000000000000001020000000222000000000000000000000001000001000001100 2
1 0 514840 412648 5 15 4 14 -1 -1 1010200110000000002000000000221000000000002000000002000000000000000001020000000222000000000000000000000001000001000001100 2
2 0 514840 408996 10 10 11 11 -1 -1 1010200110000000012000000000220000000000002000000002000000000000000001020000000222000000000000000000000001000001000001100 2
1 0 509061 408996 4 14 3 15 -1 -1 1010200110000000012000000000220000000000002000000002000000000000000001020000000022000000000200000000000001000001000001100 2
2 0 509061 399055 4 16 8 12 -1 -1 1010200111000000002000000000220000000000002000000002000000000000000001020000000022000000000200000000000001000001000001100 2
1 0 503250 399055 12 14 11 13 -1 -1 1010200111000000000000000000220000000000002000000002000000002000000001020000000022000000000200000000000001000001000001100 2
2 0 503250 395294 5 11 7 17 -1 -1 1010200111000000000000000000220000000000002000000002000000002000000001020000000022000000000210000000000000000001000001100 2
1 0 497387 395294 13 9 12 10 -1 -1 1010200111000000000000000000020000000000002000000002020000002000000001020000000022000000000210000000000000000001000001100 2
2 0 497387 393832 2 12 6 12 -1 -1 1010200111000000000000000000020000000000002000000002020000002000000001020000000022000000000210000000000100000000000001100 2
1 0 495462 393832 14 14 13 13 -1 -1 1010000111000000000000000000020000000000202000000002020000002000000001020000000022000000000210000000000100000000000001100 2
2 0 495462 391747 8 12 12 12 -1 -1 1010000111000000000000000000020000000000202000000002020000002000000001020000000022000000000210000000000100000000010000100 2
1 0 491498 391747 9 11 8 12 -1 -1 1010000111000000000000000000020000000000202000000002020000000000000001020000000022000000000210000000000120000000010000100 2
2 0 491498 389253 5 13 9 17 -1 -1 1010000111000000000000000000020000000000202000000002020000001000000000020000000022000000000210000000000120000000010000100 2
1 0 483926 389253 11 13 9 11 -1 -1 1010000111000000000000000000000000000000202000000002020000001000000000022000000022000000000210000000000120000000010000100 2
2 0 483926 384471 6 12 8 14 -1 -1 1010000111000000000000000000000000000000202000000002020000001000000001022000000022000000000200000000000120000000010000100 2
1 0 477619 384471 8 12 6 14 -1 -1 1010000111000000000000000000000000000000002000000002020000001200000001022000000022000000000200000000000120000000010000100 2
2 0 477619 378728 9 15 13 15 -1 -1 1010000111000000000000000000000000000000012000000002020000000200000001022000000022000000000200000000000120000000010000100 2
1 0 471711 378728 6 14 5 13 -1 -1 1010000111000000000000000000000000000000012000000002020000000200000001002000000022000000000200000000000120000000012000100 2
2 0 471711 371718 7 13 11 13 -1 -1 1010000111000000000000000000010000000000002000000002020000000200000001002000000022000000000200000000000120000000012000100 2
1 0 465345 371718 5 13 4 12 -1 -1 1010000111000000000000000000010000000000002000000000020000000200000001002000000022000000000220000000000120000000012000100 2
2 0 465345 367020 6 16 10 16 -1 -1 1010000111000000100000000000000000000000002000000000020000000200000001002000000022000000000220000000000120000000012000100 2
1 0 460445 367020 4 12 2 14 -1 -1 1010000111000000100000000000000000000000000000000000020000000200000001002000000022200000000220000000000120000000012000100 2
2 0 460445 349322 8 14 9 15 -1 -1 1010010111000000000000000000000000000000000000000000020000000200000001002000000022200000000220000000000120000000012000100 2
1 0 456329 349322 15 11 14 12 -1 -1 1010010111000000000000000000000000000000000000000000020000000000000001022000000022200000000220000000000120000000012000100 2
2 0 456329 336221 7 17 8 16 -1 -1 1010010111000000000000000000000000000000000000000000020000000000000001022000000022200000000220000000000120000000012010000 2
1 0 453149 336221 12 10 11 9 -1 -1 1010010111000000000000000000000000000000000000000000000000000020000001022000000022200000000220000000000120000000012010000 2
2 0 453149 307288 11 13 15 13 -1 -1 1010010111000000000000000000000000000000000000000000000000000020000001022000000022200000001220000000000020000000012010000 2
1 0 448501 307288 9 11 8 12 -1 -1 1010010111000000000000000000000000000000000000000000000000000020000001022000000022200000001200000000000020000000012010020 2
2 0 448501 277291 9 15 11 17 -1 -1 1010010111000000000000000000000000000000000000000000000000001020000000022000000022200000001200000000000020000000012010020 2
1 0 442604 277291 11 9 7 13 -1 -1 1010010111000000000000000000000000000000000000000000000000001020000000002000000022200000001200200000000020000000012010020 2
2 0 442604 247297 8 16 16 12 -1 -1 1010010111000000000000000000000000000000000000000001000000001020000000002000000022200000000200200000000020000000012010020 2
1 0 438885 247297 8 12 6 14 -1 -1 1010010111000000000000000000000000000000000000000001000000001000000000002000000022200000000200200000000020000000012010022 2
2 0 438885 217302 12 12 14 14 -1 -1 1010010111000000000000000000000000000000010000000001000000000000000000002000000022200000000200200000000020000000012010022 2
1 0 436191 217302 7 13 5 15 -1 -1 1010010111000000000000000000000000000000010000000001000000000000000000002000000022200000000200200000000000000000012012022 2
2 0 436191 187310 10 14 11 15 -1 -1 1010010111000000000000000000001000000000010000000000000000000000000000002000000022200000000200200000000000000000012012022 2
1 0 434722 187310 14 12 12 14 -1 -1 1010010111000000000000000000001000000000010000000000000000000000000000002000000020200000000202200000000000000000012012022 2
2 0 434722 157316 10 12 12 10 -1 -1 1010010111000000000000000000001000000000010000000000000000000000000000002000000020200000000202200000000001000000012002022 2
1 0 433434 157316 13 13 12 12 -1 -1 1010010111000000000000000000001000000000010000000000000000000000000000002000000000200000000202200000000201000000012002022 2
2 0 433434 127319 11 17 13 11 -1 -1 1010010111000000000000000000001000000000010000000000000000000000000000002000000000200000000202200000000211000000002002022 2
1 0 431717 127319 12 12 8 16 -1 -1 1010010111000000000000000000001000000000010000000000000000000000000000002000000000200000000202000000000211000000202002022 2
2 0 431717 97326 11 11 12 12 -1 -1 1010010111000000000000000000001000000000010000000000000000000010000000002000000000200000000202000000000201000000202002022 2
1 0 429435 97326 2 14 2 10 -1 -1 1010010111000000000000000000001000000000010000000000000000000010000000002000000000200000000002000000000221000000202002022 2
2 0 429435 67335 13 11 14 12 -1 -1 1011000111000000000000000000001000000000010000000000000000000010000000002000000000200000000002000000000221000000202002022 2
1 0 426967 67335 6 14 2 14 -1 -1 1011000111000000000000000000001000000000010000000000000000000010000000002000000000200000000002000000000221000000002022022 2
2 0 426967 55812 11 15 15 11 -1 -1 1011010111000000000000000000001000000000000000000000000000000010000000002000000000200000000002000000000221000000002022022 2
1 0 425512 55812 12 14 11 15 -1 -1 1011010111000000000000000000001000000000000000000000000000000010000000002000000000200000000000000000000221000000002022222 2
2 0 425512 45955 10 16 12 14 -1 -1 1011010111000000000000000000001000000000000000000000000000000010000000002000000000200000000001000000000220000000002022222 2
1 0 424299 45955 8 16 7 15 -1 -1 1011010111000000000000000000001000000000000000000000000000000010000000002000000000000000000001000000000222000000002022222 2
2 0 424299 28903 12 12 13 13 -1 -1 1011010111000000000000000000001000000000000000000000100000000000000000002000000000000000000001000000000222000000002022222 2
1 0 423389 28903 7 15 6 16 -1 -1 1011010111000000000000000000001000000000000000000000100000000000000000002000000000000000000001000000000202000000022022222 2
2 0 423389 28901 9 17 10 16 -1 -1 1011010111000000000000000000001000000000001000000000000000000000000000002000000000000000000001000000000202000000022022222 2
1 0 422561 28901 11 15 9 17 -1 -1 1011010111000000000000000000001000000000001000000000000000000000000000000000000000200000000001000000000202000000022022222 2
2 0 422561 28900 10 16 11 15 -1 -1 1011010111000000000000000000001000000000001000000000000000000000000000001000000000200000000000000000000202000000022022222 2
1 0 421696 28900 6 16 2 12 -1 -1 1011010111000000000000000000001000000000001000000000000000000000000000001000000000000000000002000000000202000000022022222 2
2 0 421696 28899 12 10 13 11 -1 -1 1011110111000000000000000000001000000000000000000000000000000000000000001000000000000000000002000000000202000000022022222 2
1 0 421188 28899 5 15 4 14 -1 -1 1011110111000000000000000000001000000000000000000000000000000000000000001000000000000000000002000000000002000000222022222 2
2 0 421188 28898 11 15 12 16 -1 -1 1011110111000000010000000000000000000000000000000000000000000000000000001000000000000000000002000000000002000000222022222 2
1 0 420851 28898 9 17 8 16 -1 -1 1011110111000000010000000000000000000000000000000000000000000000000000001000000000000000000000000000000002200000222022222 2
2 0 420851 28897 12 16 14 10 7 9 1011110111000000010000000000000000000000000000000000000000000010000000000000000000000000000000000000000002200000222022222 2
1 0 420470 28897 3 13 3 9 -1 -1 1011110111000000010000000000000000000000000000000300000000000010000000000000000000000000000000000000000002000000222222222 2
2 0 420470 28896 12 14 12 12 -1 -1 1011111101000000010000000000000000000000000000000300000000000010000000000000000000000000000000000000000002000000222222222 2
1 0 420324 28896 4 14 3 13 -1 -1 1011111101000000010000000000000000000000000000000300000000000010000000000000000000000000000000000000000020000000222222222 2
2 0 420324 28895 12 12 12 10 -1 -1 1011111111000000000000000000000000000000000000000300000000000010000000000000000000000000000000000000000020000000222222222 2
1 0 420205 28895 8 16 7 15 -1 -1 1011111111000000000000000000000000000000000000000300000000000010000000000000000000000000000000000000000200000000222222222 2
2 0 420205 28894 12 10 13 9 -1 -1 1011111111000000000000000000000000000000000000000300100000000000000000000000000000000000000000000000000200000000222222222 2
