1322292073000
droptable
kingfish
1 0 595549 600000 13 15 12 14 -1 -1 2222222222000000000000000000000000000000000000000000000000000000000000000000000000000000000000000000000000000001111111111 1
2 0 595549 599919 2 14 4 12 -1 -1 2222222222000000000000000000000000000000000000000000000000000000000000000000000000000000000000000000000001000001110111111 1
1 0 591421 599919 13 13 11 15 -1 -1 2222202222000000200000000000000000000000000000000000000000000000000000000000000000000000000000000000000001000001110111111 1
2 0 591421 599918 0 12 4 16 -1 -1 2222202222000000200000000000000000000000000000000000000000000000000000000000000000000000000001000000000001000001100111111 1
1 0 580798 599918 15 13 11 13 -1 -1 0222202222000000202000000000000000000000000000000000000000000000000000000000000000000000000001000000000001000001100111111 1
2 0 580798 599917 2 12 4 10 -1 -1 0222202222000000202000000000000000000000000000000000000000000000000000000000000000000000000011000000000001000001100111101 1
1 0 576438 599917 14 14 13 15 -1 -1 0222002222000002202000000000000000000000000000000000000000000000000000000000000000000000000011000000000001000001100111101 1
2 0 576438 599916 3 9 5 11 -1 -1 0222002222000002202000000000000000000000000000000000000000000000000000000000000000000000000011000000000001000001101110101 1
1 0 569064 599916 14 10 12 12 -1 -1 0222000222000002202000000000200000000000000000000000000000000000000000000000000000000000000011000000000001000001101110101 1
2 0 569064 599915 1 11 3 9 -1 -1 0222000222000002202000000000200000000000000000000000000000000000000000000000000000000000000011000000000011000001101010101 1
1 0 565820 599915 16 12 10 14 -1 -1 0022002222000002202000000000200000000000000000000000000000000000000000000000000000000000000011000000000011000001101010101 1
2 0 565820 599769 3 11 5 13 -1 -1 0022002222000002202000000000200000000000000000000000000000000000000000000000000001000000000011000000000011000001101010100 1
1 0 548732 599769 11 15 9 13 -1 -1 0022002022000002202000000000220000000000000000000000000000000000000000000000000001000000000011000000000011000001101010100 1
2 0 548732 599768 3 15 5 9 -1 -1 0022002022000002202000000000220000000000000000000000000000000000000000100000000001000000000010000000000011000001101010100 1
1 0 545621 599768 13 9 11 11 -1 -1 0022002020000002202000000002220000000000000000000000000000000000000000100000000001000000000010000000000011000001101010100 1
2 0 545621 599767 2 10 6 10 -1 -1 0022002020000002202000000002220000000000000000000000000000000000000000100000000001000000000110000000000011000000101010100 1
1 0 534707 599767 15 11 13 13 -1 -1 0020002020000002202000000002220000000002000000000000000000000000000000100000000001000000000110000000000011000000101010100 1
2 0 534707 599766 4 10 6 12 -1 -1 0020002020000002202000000002220000000002000000000000000000000000000000100000000001000000000110000000000011000000111010000 1
1 0 523407 599766 13 13 11 15 -1 -1 0020002020000000202000000002220000000002200000000000000000000000000000100000000001000000000110000000000011000000111010000 1
2 0 523407 599765 5 9 7 11 -1 -1 0020002020000000202000000002220000000002200000000000000000000000000000100000000001000000000111000000000011000000101010000 1
1 0 517885 599765 14 12 12 10 -1 -1 0020002020000000202000000000220000000002200000000020000000000000000000100000000001000000000111000000000011000000101010000 1
2 0 517885 593330 5 11 7 9 -1 -1 0020002020000000202000000000220000000002200000000020000000000000000000100000000001000000000111000000000111000000101000000 1
1 0 506337 593330 9 13 8 14 -1 -1 0020002020000000202000000000020000000002200000000220000000000000000000100000000001000000000111000000000111000000101000000 1
2 0 506337 589411 3 13 9 15 -1 -1 0020002020000000202000000000020000000002200000000220000000000100000000000000000001000000000111000000000111000000101000000 1
1 0 503428 589411 11 11 10 12 -1 -1 0020002000000000202000000000020000000002200000000220000000000100000000020000000001000000000111000000000111000000101000000 1
2 0 503428 583170 6 12 8 10 -1 -1 0020002000000000202000000000020000000002200000000220000000000100000000020000000011000000000011000000000111000000101000000 1
1 0 500936 583170 10 12 9 11 -1 -1 0020002000000000202000000000020000000002000000000220000000020100000000020000000011000000000011000000000111000000101000000 1
2 0 500936 576402 6 10 10 10 -1 -1 0020002000000000202000000000020000000002000000000220000000020100000001020000000001000000000011000000000111000000101000000 1
1 0 495604 576402 13 11 11 9 -1 -1 0020002000000000202000000000020000000000000000000220000000020100000001020000000201000000000011000000000111000000101000000 1
2 0 495604 569932 7 11 13 13 -1 -1 0020002000000000202000000000020000000000000000000220000000020100000001020000000201000000001011000000000111000000001000000 1
1 0 485979 569932 12 10 10 16 -1 -1 0020002000000000202000000000020000000000000000000200000000020100000001020000000201000000001011000000000111000000021000000 1
2 0 485979 564749 8 10 10 12 -1 -1 0020002000000000202000000000020000000000000000000200000000020100000001020000000201100000001011000000000011000000021000000 1
1 0 481694 564749 11 15 9 9 -1 -1 0020002000000000202000000000020000000000000000000200000000000100000001020000000221100000001011000000000011000000021000000 1
2 0 481694 560480 7 9 8 10 -1 -1 0020002000000000202000000000020000000000000000000200000000000100000011020000000221100000001010000000000011000000021000000 1
1 0 472012 560480 9 9 7 11 -1 -1 0020002000000000202000000000020000000000000000000000000000020100000011020000000221100000001010000000000011000000021000000 1
2 0 472012 556455 4 12 6 14 -1 -1 0020002000000000202000000000020000000000000000000010000000020100000001020000000221100000001010000000000011000000021000000 1
1 0 467828 556455 8 14 7 15 -1 -1 0020002000000000002000000000020000000000020000000010000000020100000001020000000221100000001010000000000011000000021000000 1
2 0 467828 549725 9 15 11 17 -1 -1 0020002000000000002000000000020000000000020000000010100000020000000001020000000221100000001010000000000011000000021000000 1
1 0 462247 549725 9 11 7 13 -1 -1 0020002000000000002000000000020000000000020000000010100000020000000001000000000221100000001010200000000011000000021000000 1
2 0 462247 543331 8 10 9 11 -1 -1 0020002000000000002000000000020000000000020000000011100000020000000000000000000221100000001010200000000011000000021000000 1
1 0 456429 543331 10 16 9 15 -1 -1 0020002000000000002000000000020000000000020000000011100000000000000002000000000221100000001010200000000011000000021000000 1
2 0 456429 537626 10 10 12 8 -1 -1 0020002000000000002000000000020000000000020000000011100000000000000002010000000221000000001010200000000011000000021000000 1
1 0 453916 537626 9 15 8 14 -1 -1 0020002000000000002000000000020000000000020000000011100000000000000002010000000021000000001010200000002011000000021000000 1
2 0 453916 531883 6 14 10 10 -1 -1 0020002000000000002000000000020000000000020000000011100000000100000002000000000021000000001010200000002011000000021000000 1
1 0 450080 531883 11 13 9 15 -1 -1 0020002000000000002000000000020000000000000000000011100000000100000002000000000221000000001010200000002011000000021000000 1
2 0 450080 526974 5 13 6 12 -1 -1 0020002000000000002000000000020000000000000000000011100000000100000002010000000221000000001000200000002011000000021000000 1
1 0 445588 526974 10 14 6 14 -1 -1 0020002000000000002000000000000000000000200000000011100000000100000002010000000221000000001000200000002011000000021000000 1
2 0 445588 521452 9 11 13 11 -1 -1 0020002000000000002000000000000000000000210000000011100000000100000002010000000220000000001000200000002011000000021000000 1
1 0 441285 521452 11 9 9 11 -1 -1 0020002000000000002000000000000000000000210000000011100000000100000000010000000220000000001000200000002011000000221000000 1
2 0 441285 515664 6 12 8 10 -1 -1 0020002000000000002000000000000000000000210000000011100000000100000001010000000220000000000000200000002011000000221000000 1
1 0 438970 515664 13 15 11 13 -1 -1 0020002000000000002000000000000000000000010000000011100000020100000001010000000220000000000000200000002011000000221000000 1
2 0 438970 508415 12 8 13 9 -1 -1 0020002000000000002000000000000000000000010000000011100000020100000001010000000220000000000010200000002011000000220000000 1
1 0 434739 508415 12 12 6 10 -1 -1 0020002000000000002000000000000000000000010000000011100000020100000001010000000220000000000010200000000011000002220000000 1
2 0 434739 502151 8 10 8 12 -1 -1 0020002000000000002000000000000000000001010000000011100000020100000001010000000220000000000010200000000001000002220000000 1
1 0 431429 502151 9 11 8 10 -1 -1 0020002000000000002000000000000000000001010000000011100000002100000001010000000220000000000010200000000001000002220000000 1
2 0 431429 495160 8 12 14 14 -1 -1 0020002000000000002000000000000000000001010000000011100000012100000000010000000220000000000010200000000001000002220000000 1
1 0 427170 495160 11 13 5 11 -1 -1 0020002000000000002000000000000000000001010000000011100000010100000000010000000220000000000010200000000001000002220002000 1
2 0 427170 489586 10 10 11 11 -1 -1 0020002000000000002000000000100000000001010000000011100000010100000000010000000220000000000000200000000001000002220002000 1
1 0 424292 489586 12 14 11 15 -1 -1 0020002000000000002000000000100000000001010000000011100000010100000000010000000020000000000200200000000001000002220002000 1
2 0 424292 484317 3 9 4 8 -1 -1 0020002000000000002000000000100000000001010000000011100000010100000000010000000020000000000201200000000000000002220002000 1
1 0 413500 484317 6 10 4 12 -1 -1 0020000000000020002000000000100000000001010000000011100000010100000000010000000020000000000201200000000000000002220002000 1
2 0 413500 477680 10 12 12 14 -1 -1 0020000000000020102000000000100000000000010000000011100000010100000000010000000020000000000201200000000000000002220002000 1
1 0 372509 477680 11 15 10 14 -1 -1 0020000000000020102000000000100000000000010000000011100000010100000000010000000000000000000201200000000002000002220002000 1
2 0 372509 473181 1 13 2 12 -1 -1 0020000000000020102000000000100000000000010000000011100000010100000000010000000001000000000200200000000002000002220002000 1
1 0 348717 473181 8 10 4 10 -1 -1 0000200000000020102000000000100000000000010000000011100000010100000000010000000001000000000200200000000002000002220002000 1
2 0 348717 470893 2 12 3 11 -1 -1 0000200000000021102000000000100000000000010000000011100000000100000000010000000001000000000200200000000002000002220002000 1
1 0 314984 470893 10 14 6 10 -1 -1 0000000200000021102000000000100000000000010000000011100000000100000000010000000001000000000200200000000002000002220002000 1
2 0 314984 466682 4 8 5 9 -1 -1 0000000200000021102000000000100000000001010000000011100000000100000000010000000000000000000200200000000002000002220002000 1
1 0 288279 466682 7 15 5 13 -1 -1 0000000200000001102000000002100000000001010000000011100000000100000000010000000000000000000200200000000002000002220002000 1
2 0 288279 462421 4 16 5 17 -1 -1 0000000200000001102000000002110000000001010000000011000000000100000000010000000000000000000200200000000002000002220002000 1
1 0 258293 462421 4 10 2 12 -1 -1 0000000200000001100000000002110200000001010000000011000000000100000000010000000000000000000200200000000002000002220002000 1
2 0 258293 459468 3 11 4 10 -1 -1 0000100200000000100000000002110200000001010000000011000000000100000000010000000000000000000200200000000002000002220002000 1
1 0 228297 459468 7 13 6 12 -1 -1 0000100000000002100000000002110200000001010000000011000000000100000000010000000000000000000200200000000002000002220002000 1
2 0 228297 454189 12 14 14 12 -1 -1 0000100000000002100000000002110200000001110000000010000000000100000000010000000000000000000200200000000002000002220002000 1
1 0 198297 454189 5 13 4 14 -1 -1 0000100000000002100000000002110200000001110000000010000000000100000000010000000000000000000200200000000000000002220022000 1
2 0 198297 450518 5 9 9 13 -1 -1 0000100000000002110000000002100200000001110000000010000000000100000000010000000000000000000200200000000000000002220022000 1
1 0 168303 450518 9 15 1 11 -1 -1 0000100000000002110000000000100200000001110000000010000000000100000000210000000000000000000200200000000000000002220022000 1
2 0 168303 447207 5 17 6 16 -1 -1 0100100000000002110000000000100200000001110000000010000000000100000000200000000000000000000200200000000000000002220022000 1
1 0 138312 447207 7 11 1 13 -1 -1 0100100000000002110000000000100000000001112000000010000000000100000000200000000000000000000200200000000000000002220022000 1
2 0 138312 444282 6 16 7 15 -1 -1 0110100000000002110000000000100000000001112000000000000000000100000000200000000000000000000200200000000000000002220022000 1
1 0 138310 444282 5 11 3 13 10 10 0110100000000002110000000000100000000001110000000000200000000100000000200000000000000000000200200000000000000002220022000 1
2 0 138310 440232 9 13 10 12 -1 -1 0110100010000002110000000000000000000001110000000000200000000100000000200000000300000000000200200000000000000002220022000 1
1 0 138307 440232 4 12 0 12 -1 -1 0110100010000002110000000000000000000001110000000000200000000100000000000000000320000000000200200000000000000002220022000 1
2 0 138307 437059 11 17 12 16 -1 -1 1110100010000002010000000000000000000001110000000000200000000100000000000000000320000000000200200000000000000002220022000 1
1 0 138305 437059 8 14 6 16 -1 -1 1110100010000002010000000000000000000001110000000000200000000100000000000000000320000000000200000000000000200002220022000 1
2 0 138305 433928 12 16 13 15 -1 -1 1110100010000002010000000000000000000001111000000000200000000000000000000000000320000000000200000000000000200002220022000 1
1 0 138304 433928 6 14 5 13 -1 -1 1110100010000002010000000000000000000001111000000000200000000000000000000000000320000000000200000000000000000002222022000 1
2 0 138304 432607 4 10 4 12 -1 -1 1110100010000002010000000000010000000001101000000000200000000000000000000000000320000000000200000000000000000002222022000 1
1 0 138303 432607 5 13 3 11 -1 -1 1110100010000000210000000000010000000001101000000000200000000000000000000000000320000000000200000000000000000002222022000 1
2 0 138303 430272 14 12 15 11 -1 -1 1110100110000000210000000000000000000001101000000000200000000000000000000000000320000000000200000000000000000002222022000 1
1 0 138302 430272 6 16 5 15 -1 -1 1110100110000000210000000000000000000001101000000000200000000000000000000000000320000000000200000000000000000002222002200 1
2 0 138302 428796 4 12 8 16 -1 -1 1110100110000000210000000000001000000001100000000000200000000000000000000000000320000000000200000000000000000002222002200 1
1 0 138300 428796 6 10 2 14 -1 -1 1110100110000000010000000000001000000001100000000000200000000020000000000000000320000000000200000000000000000002222002200 1
2 0 138300 427417 7 15 9 17 -1 -1 1110110110000000010000000000001000000000100000000000200000000020000000000000000320000000000200000000000000000002222002200 1
1 0 138299 427417 5 15 4 16 -1 -1 1110110110000000010000000000001000000000100000000000000000000020000000002000000320000000000200000000000000000002222002200 1
2 0 138299 426384 8 16 10 18 -1 -1 1110110110000000011000000000000000000000100000000000000000000020000000002000000320000000000200000000000000000002222002200 1
1 0 138298 426384 4 16 2 10 -1 -1 1110110110000000011000000000000000000000100000000000000000000000000000002000000320020000000200000000000000000002222002200 1
2 0 138298 425608 9 17 11 19 -1 -1 1111110110000000010000000000000000000000100000000000000000000000000000002000000320020000000200000000000000000002222002200 1
1 0 138297 425608 6 12 5 13 -1 -1 1111110110000000010000000000000000000000100000000000000000000000000000000000000320020000000200020000000000000002222002200 1
2 0 138297 424938 10 18 12 20 -1 -1 1111110110000000010000000000010000000000000000000000000000000000000000000000000320020000000200020000000000000002222002200 1
1 0 138296 424938 5 13 3 15 -1 -1 1111110110000000010000000000010000000000000000000000000000000000000000000000000320000000000200020000000000002002222002200 1
2 0 138296 424213 10 12 14 12 -1 -1 1111110111000000010000000000000000000000000000000000000000000000000000000000000320000000000200020000000000002002222002200 1
1 0 138295 424213 4 14 4 12 -1 -1 1111110111000000010000000000000000000000000000000000000000000000000000000000000300000000000200020000000000002002222022200 1
2 0 138295 424049 11 11 12 12 -1 -1 1111110111000000100000000000000000000000000000000000000000000000000000000000000300000000000200020000000000002002222022200 1
1 0 138295 424049 3 11 3 9 -1 -1 1111110111000000100000000000000000000000000000000000000000000000000000000000000300000000000000020000000020002002222022200 1
2 0 138295 423950 12 12 16 12 -1 -1 1111111011000000100000000000000000000000000000000000000000000000000000000000000300000000000000020000000020002002222022200 1
1 0 138294 423950 4 12 3 11 -1 -1 1111111011000000100000000000000000000000000000000000000000000000000000000000000300000000000000020000000000002002222022202 1
