1322289659000
droptable
kingfish
1 0 589720 600000 13 11 12 10 -1 -1 2222222222000000000000000000000000000000000000000000000000000000000000000000000000000000000000000000000000000001111111111 2
2 0 589720 599902 2 14 4 12 -1 -1 2222222222000000000000000000000000000000000000000000000000000000000000000000000000000000000000000000000100000001011111111 2
1 0 582142 599902 14 10 12 12 -1 -1 2222202222000000200000000000000000000000000000000000000000000000000000000000000000000000000000000000000100000001011111111 2
2 0 582142 599901 0 12 4 16 -1 -1 2222202222000000200000000000000000000000000000000000000000000000000000000000000000000000000000000000000110000001011011111 2
1 0 575017 599901 15 13 11 9 -1 -1 0222202222000000202000000000000000000000000000000000000000000000000000000000000000000000000000000000000110000001011011111 2
2 0 575017 599900 3 11 5 13 -1 -1 0222202222000000202000000000000000000000000000000000000000000000000000000000000000000000001000000000000110000001011011101 2
1 0 562144 599900 14 14 10 10 -1 -1 0222202022000000202000000000020000000000000000000000000000000000000000000000000000000000001000000000000110000001011011101 2
2 0 562144 599899 2 12 6 12 -1 -1 0222202022000000202000000000020000000000000000000000000000000000000000000000000100000000001000000000000110000001011010101 2
1 0 546176 599899 16 12 14 10 -1 -1 0222002022000000202000000000020000000000200000000000000000000000000000000000000100000000001000000000000110000001011010101 2
2 0 546176 599898 3 13 7 13 -1 -1 0222002022000000202000000000020000000000200000000000000000000000000000000000000100000000001000000000000110000001011110100 2
1 0 531700 599898 12 10 10 12 -1 -1 0222002002000000202000000000020000000000200000000002000000000000000000000000000100000000001000000000000110000001011110100 2
2 0 531700 599724 4 12 8 12 -1 -1 0222002002000000202000000000020000000000200000000002000000000000000000000000000110000000001000000000000010000001011110100 2
1 0 520883 599724 14 12 12 10 -1 -1 0222002002000000002000000000020000000000200000000002000000002000000000000000000110000000001000000000000010000001011110100 2
2 0 520883 592826 5 13 11 11 -1 -1 0222002002000000002000000000020000000000200000000002000000002000000000000000000110000000001000000000000110000001011100100 2
1 0 514364 592826 13 15 9 11 -1 -1 0222002002000000002000000000000000000000200000000002000000002000000000000000000110000000001200000000000110000001011100100 2
2 0 514364 590084 4 16 5 15 -1 -1 0222002002000000002000000000000000000000200000000002000000002000000001000000000110000000001200000000000110000001010100100 2
1 0 509525 590084 10 12 9 13 -1 -1 0222002002000000000000000000002000000000200000000002000000002000000001000000000110000000001200000000000110000001010100100 2
2 0 509525 586807 6 12 10 12 -1 -1 0222002002000000000000000000002000000000200000000002000000002000000001100000000100000000001200000000000110000001010100100 2
1 0 507789 586807 13 9 12 8 -1 -1 0222002002000000000000000000002000000000000000000002000000002000000001100000000120000000001200000000000110000001010100100 2
2 0 507789 584638 7 13 7 15 -1 -1 0222002002000000000000000000002000000000000000000002000000002000000001100000000120000000001200000000001110000000010100100 2
1 0 499422 584638 15 11 11 7 -1 -1 0222002002000000000000000000002000000000000000000000200000002000000001100000000120000000001200000000001110000000010100100 2
2 0 499422 581952 2 10 8 16 -1 -1 0222002002000000000000000000002000000000000000000000200000002000000001100000000120000000011200000000001110000000010100000 2
1 0 494205 581952 9 13 7 11 -1 -1 0220002002000000000000000000002000000000000000000000200000002020000001100000000120000000011200000000001110000000010100000 2
2 0 494205 578817 3 15 4 14 -1 -1 0220002002000000000000000000002000000000000000000010200000002020000001000000000120000000011200000000001110000000010100000 2
1 0 487849 578817 9 11 8 10 -1 -1 0220002000000000020000000000002000000000000000000010200000002020000001000000000120000000011200000000001110000000010100000 2
2 0 487849 575074 4 14 8 14 -1 -1 0220002000000000020000000000002000000000000000000010200000012020000000000000000120000000011200000000001110000000010100000 2
1 0 480862 575074 10 10 9 9 -1 -1 0220002000000000000000000000002000000000000000000010200000012220000000000000000120000000011200000000001110000000010100000 2
2 0 480862 571532 7 15 9 13 -1 -1 0220002000000000000000000000002000000000000000000010200000012220000010000000000020000000011200000000001110000000010100000 2
1 0 472978 571532 12 12 11 13 -1 -1 0220002000000000000000000000002000000000000000000010000000012220000010200000000020000000011200000000001110000000010100000 2
2 0 472978 566857 10 12 14 12 -1 -1 0220002000000000000000000000002000000000000000000010000000012220000010200000000020000000011210000000001100000000010100000 2
1 0 463409 566857 13 13 12 14 -1 -1 0220002000000000000000000000002000000000000000000010000000012220000010200000000000000000011210000000001100000000010120000 2
2 0 463409 561168 11 11 15 11 -1 -1 0220002000000000000000000000002000000000000000000010000000012220000010200000000000000000011210000000001101000000000120000 2
1 0 453628 561168 12 14 10 12 -1 -1 0220002000000000000000000000002000000000000000000010000000012220000010200000000000000000011010000000001101000000000120200 2
2 0 453628 557776 8 12 12 12 -1 -1 0220002000000000000000000000002000000000000000000010000000012220000010200000000010000000011010000000001100000000000120200 2
1 0 446668 557776 14 10 13 11 -1 -1 0220002000000000000000000000002000000000000000000010000000010220000010200000000010000000011010000000001120000000000120200 2
2 0 446668 552753 12 12 13 13 -1 -1 0220002000000000000000000000002000000000000000000010000000010220000010200000000010000000011010000000001120000000100020200 2
1 0 435034 552753 12 8 6 10 -1 -1 0220002000000000000000000000002000000000000000000010000000010220000010200000000010000000011010000000001100000000120020200 2
2 0 435034 547384 8 16 16 12 -1 -1 0220002000000000000000000000002000000001000000000010000000010220000010200000000010000000011010000000000100000000120020200 2
1 0 431395 547384 11 13 9 11 -1 -1 0220002000000000000000000000002000000001000000000010000000010200000010200000000010000000011010000000000100000000120020202 2
2 0 431395 544914 8 14 8 12 -1 -1 0220002000000000000000000000002000000001000000000010000000010200000011200000000010000000011000000000000100000000120020202 2
1 0 426704 544914 12 10 10 8 -1 -1 0220002000000000000000000000002000000001000000000010000000012000000011200000000010000000011000000000000100000000120020202 2
2 0 426704 542949 8 12 12 8 -1 -1 0220002000000000000000000000002000000001000000000010000000012000000011200000001010000000011000000000000000000000120020202 2
1 0 422153 542949 11 7 10 6 -1 -1 0220002000000000000000000000002000000001000000000010000000010000000011200000001010000000011000000000002000000000120020202 2
2 0 422153 540841 1 11 2 12 -1 -1 0220002000000000000000000000002000000001000000000010000000010000000011200000011010000000001000000000002000000000120020202 2
1 0 420142 540841 13 11 12 12 -1 -1 0020202000000000000000000000002000000001000000000010000000010000000011200000011010000000001000000000002000000000120020202 2
2 0 420142 538688 9 13 13 9 -1 -1 0020202000000000000000000000002000000001000000000010000000010000000011200000011010000000001000000000002010000000020020202 2
1 0 415341 538688 12 12 11 13 -1 -1 0020202000000000000000000000002000000001000000000010000000010000000011000000011010000000001000000000002010000002020020202 2
2 0 415341 536852 1 13 3 11 -1 -1 0020202000000000000000000000002000000001000000000010000000010000000011000000011010000000001010000000002000000002020020202 2
1 0 412145 536852 10 6 8 8 -1 -1 0000202200000000000000000000002000000001000000000010000000010000000011000000011010000000001010000000002000000002020020202 2
2 0 412145 533243 12 8 14 14 -1 -1 0000202200000000000000000000002000000001000000000010000000110000000011000000001010000000001010000000002000000002020020202 2
1 0 410495 533243 11 9 7 13 -1 -1 0000202200000000000000000000002000000001000000000010000000110000000011000000001010000000001010000000000000000002020022202 2
2 0 410495 530886 2 12 4 10 -1 -1 0000202200000000000000000000002000000001000000000011000000110000000011000000001010000000000010000000000000000002020022202 2
1 0 407368 530886 9 11 7 9 -1 -1 0000002200000002000000000000002000000001000000000011000000110000000011000000001010000000000010000000000000000002020022202 2
2 0 407368 529220 3 9 5 11 -1 -1 0000002200000002000000000000002000000001000000000111000000110000000010000000001010000000000010000000000000000002020022202 2
1 0 403248 529220 6 10 4 16 -1 -1 0000000200000002000000000000202000000001000000000111000000110000000010000000001010000000000010000000000000000002020022202 2
2 0 403248 524713 3 11 5 9 -1 -1 0000000200000002001000000000202000000000000000000111000000110000000010000000001010000000000010000000000000000002020022202 2
1 0 401939 524713 8 8 6 10 -1 -1 0000000000000002001000000002202000000000000000000111000000110000000010000000001010000000000010000000000000000002020022202 2
2 0 401939 522075 4 10 8 14 -1 -1 0000000000000002001000000002202000000001000000000111000000010000000010000000001010000000000010000000000000000002020022202 2
1 0 399770 522075 6 10 4 8 -1 -1 0000000000000000001000000002202000000001000000000111000000010200000010000000001010000000000010000000000000000002020022202 2
2 0 399770 517967 5 15 6 14 -1 -1 0000000000000010001000000002202000000000000000000111000000010200000010000000001010000000000010000000000000000002020022202 2
1 0 397432 517967 11 13 9 11 -1 -1 0000000000000010001000000002200000000000020000000111000000010200000010000000001010000000000010000000000000000002020022202 2
2 0 397432 515799 5 9 11 11 -1 -1 0000000000000010001000000002200000000000020000000111000000010200000011000000001010000000000000000000000000000002020022202 2
1 0 393701 515799 7 9 6 10 -1 -1 0000000000000010001000000000200000000000020000000111000000010200000011000000001010000000000200000000000000000002020022202 2
2 0 393701 511456 6 14 8 8 -1 -1 0000000000000010001000000000200000000001020000000011000000010200000011000000001010000000000200000000000000000002020022202 2
1 0 391912 511456 8 10 4 6 -1 -1 0000000000000010001000000000200000000001000000000011000000210200000011000000001010000000000200000000000000000002020022202 2
2 0 391912 508361 5 11 11 9 -1 -1 0000000000000110001000000000200000000001000000000011000000200200000011000000001010000000000200000000000000000002020022202 2
1 0 388276 508361 6 10 5 9 -1 -1 0000000000000110001000000000000000000001000000000011000000200200000011000000001010000000002200000000000000000002020022202 2
2 0 388276 504565 8 8 14 10 -1 -1 0000000000000110001000000001000000000000000000000011000000200200000011000000001010000000002200000000000000000002020022202 2
1 0 386551 504565 7 13 6 14 -1 -1 0000000000000110001000000001000000000000000000000011000000000200000011000000001010000000002200000000000000000002020222202 2
2 0 386551 503002 8 14 9 13 -1 -1 0000000000000110001000000001000000000000010000000010000000000200000011000000001010000000002200000000000000000002020222202 2
1 0 385885 503002 6 14 5 13 -1 -1 0000000000000110001000000001000000000000010000000010000000000000000011200000001010000000002200000000000000000002020222202 2
2 0 385885 501788 9 13 8 12 -1 -1 0000000000000110001000000001010000000000000000000010000000000000000011200000001010000000002200000000000000000002020222202 2
1 0 384647 501788 5 13 4 12 -1 -1 0000000000000110001000000001010000000000000000000010000000002000000011000000001010000000002200000000000000000002020222202 2
2 0 384647 500041 8 12 12 8 -1 -1 0000000000000110101000000001000000000000000000000010000000002000000011000000001010000000002200000000000000000002020222202 2
1 0 384099 500041 10 12 8 10 -1 -1 0000000000000110101000000001000000000000000000000010000000000000000011000000001010000000002200000000002000000002020222202 2
2 0 384099 498679 11 11 12 12 -1 -1 0000000000000110101000000001000000000000000000000010000000010000000011000000001000000000002200000000002000000002020222202 2
1 0 383656 498679 9 11 7 9 -1 -1 0000000000000110101000000001000000000000000000000010000000010000000011000000001000000000002000000000002020000002020222202 2
2 0 383656 497789 12 12 13 11 -1 -1 0000000000000110101000000001000000000000000000000110000000010000000010000000001000000000002000000000002020000002020222202 2
1 0 383287 497789 7 9 6 10 -1 -1 0000000000000110101000000001000000000000000000000110000000010000000010000000001000000000002000000000002000000002220222202 2
2 0 383287 496969 11 9 12 10 -1 -1 0000000000000110101000000001000000000001000000000010000000010000000010000000001000000000002000000000002000000002220222202 2
1 0 383018 496969 10 8 9 7 -1 -1 0000000000000110101000000001000000000001000000000010000000010000000010000000001000000000000000000000002200000002220222202 2
2 0 383018 496570 12 8 12 12 -1 -1 0000000000000110101000000001000000000001000000000010000000010000000110000000000000000000000000000000002200000002220222202 2
1 0 382352 496570 9 7 7 13 -1 -1 0000000000000110101000000001000000000001000000000010000000010000000110000000000000000000000000000000000220000002220222202 2
2 0 382352 495960 14 14 15 13 -1 -1 0000000000000110101000000001000000000001000000000011000000010000000010000000000000000000000000000000000220000002220222202 2
1 0 381375 495960 7 13 5 11 -1 -1 0000000000000110101000000001000000000001000000000011000000010000000010000000000000000000000000000000000220000002220220222 2
2 0 381375 495340 12 12 14 14 -1 -1 0000000000000110101000000001100000000001000000000010000000010000000010000000000000000000000000000000000220000002220220222 2
1 0 381027 495340 8 10 6 12 -1 -1 0000000000000110101000000001100000000001000000000010000000010000000010000000000000000000000000000000000200000002220222222 2
2 0 381027 495092 12 10 12 12 -1 -1 0000000000000110101000000001100000000001100000000010000000000000000010000000000000000000000000000000000200000002220222222 2
1 0 380799 495092 7 11 3 11 -1 -1 0000000000000110101000000001100000000001100000000010000000000000000010000000000000000000000000000000000020000002220222222 2
2 0 380799 494825 14 14 13 15 -1 -1 0000000100000110101000000001100000000001100000000000000000000000000010000000000000000000000000000000000020000002220222222 2
1 0 342809 494825 3 11 2 10 -1 -1 0000000100000110101000000001100000000001100000000000000000000000000010000000000000000000000000000000000020000002222220222 2
2 0 342809 494523 12 12 14 14 -1 -1 0001000000000110101000000001100000000001100000000000000000000000000010000000000000000000000000000000000020000002222220222 2
