1322289622000
kingfish
googolhex
1 0 599833 600000 14 10 12 12 -1 -1 2222222222000000000000000000000000000000000000000000000000000000000000000000000000000000000000000000000000000001111111111 1
2 0 599833 599672 3 13 4 14 -1 -1 2222222222000000000000000000000000000000000000000000000000000000000000000000000000000000000000000000000010000001111011111 1
1 0 599822 599672 16 12 12 8 -1 -1 2222222202000000020000000000000000000000000000000000000000000000000000000000000000000000000000000000000010000001111011111 1
2 0 599822 599016 3 9 5 15 -1 -1 2222222202000000020000000000000000000000000000000000000000000000000000000000000000000000000000000000001010000001111011110 1
1 0 599821 599016 13 13 11 11 -1 -1 2222220202000000020000000000002000000000000000000000000000000000000000000000000000000000000000000000001010000001111011110 1
2 0 599821 598019 5 15 6 16 -1 -1 2222220202000000020000000000002000000000000000000000000000000000000000000000000000000000000100000000001010000001101011110 1
1 0 599820 598019 14 12 10 12 -1 -1 2222220202000000020000000000000000000000002000000000000000000000000000000000000000000000000100000000001010000001101011110 1
2 0 599820 597252 2 10 4 12 -1 -1 2222220202000000020000000000000000000000002000000000000000000000000000000000000010000000000100000000001010000001101001110 1
1 0 599819 597252 13 11 9 11 -1 -1 2220220202000000220000000000000000000000002000000000000000000000000000000000000010000000000100000000001010000001101001110 1
2 0 599819 595788 1 11 5 15 -1 -1 2220220202000000220000000000000000000000002000000000000000000000000001000000000010000000000100000000001010000001001001110 1
1 0 599631 595788 12 12 8 12 -1 -1 2020220202000000220000000000002000000000002000000000000000000000000001000000000010000000000100000000001010000001001001110 1
2 0 599631 593360 3 11 7 15 -1 -1 2020220202000000220000000000002000000000002000000000000000001000000001000000000010000000000100000000001000000001001001110 1
1 0 599630 593360 11 11 7 11 -1 -1 2020220002000000220000000000002000000000002000000000200000001000000001000000000010000000000100000000001000000001001001110 1
2 0 599630 589164 4 12 8 16 -1 -1 2020220002000000220000000000002000000000002000000010200000001000000001000000000010000000000000000000001000000001001001110 1
1 0 599628 589164 10 12 6 12 -1 -1 2020220002000000020000000000002000000000002000000010200000001020000001000000000010000000000000000000001000000001001001110 1
2 0 599628 585554 8 16 9 15 -1 -1 2020220002000000020000000000002000000000102000000010200000001020000001000000000000000000000000000000001000000001001001110 1
1 0 595727 585554 8 12 4 16 -1 -1 2020220002000000020000000000002000000000102000000010200000001000000001020000000000000000000000000000001000000001001001110 1
2 0 595727 583737 9 15 10 16 -1 -1 2020220002000000021000000000002000000000102000000010200000000000000001020000000000000000000000000000001000000001001001110 1
1 0 591925 583737 12 8 11 9 -1 -1 2020220002000000021000000000002000000000102000000010200000000000000001000000000000200000000000000000001000000001001001110 1
2 0 591925 582244 7 15 8 16 -1 -1 2020220002000000021000000000002000000000102000000010200000000000000001000000000000200000001000000000000000000001001001110 1
1 0 589229 582244 14 14 6 10 -1 -1 2020220002000000021000000000002000000000102000000010000000000020000001000000000000200000001000000000000000000001001001110 1
2 0 589229 580961 5 15 9 15 -1 -1 2020220002000000021000000000002000000001102000000010000000000020000001000000000000200000001000000000000000000001001000110 1
1 0 586999 580961 15 11 14 10 -1 -1 2020220002000000021000000000000000000001102000000010000000000020000001020000000000200000001000000000000000000001001000110 1
2 0 586999 578922 4 14 5 15 -1 -1 2020220002000000021000000000000000000001102000000010000000000020000001020000000000200000001000000000000000000001001100010 1
1 0 584782 578922 7 11 5 17 -1 -1 2020220002000000001000000000002000000001102000000010000000000020000001020000000000200000001000000000000000000001001100010 1
2 0 584782 577854 5 15 6 14 -1 -1 2020220002000000001000000000002100000001102000000000000000000020000001020000000000200000001000000000000000000001001100010 1
1 0 582286 577854 14 10 8 12 -1 -1 2020220002000000001000000000000100000001122000000000000000000020000001020000000000200000001000000000000000000001001100010 1
2 0 582286 575965 3 15 4 14 -1 -1 2020220002000000001000000000000100000001122000000000000000001020000001020000000000200000001000000000000000000001001000010 1
1 0 579248 575965 5 17 3 15 -1 -1 2020220000000000021000000000000100000001122000000000000000001020000001020000000000200000001000000000000000000001001000010 1
2 0 579248 567027 6 14 7 15 -1 -1 2020220001000000021000000000000000000001122000000000000000001020000001020000000000200000001000000000000000000001001000010 1
1 0 574791 567027 9 11 1 11 -1 -1 2020220001000000021000000000000000000001102000000000200000001020000001020000000000200000001000000000000000000001001000010 1
2 0 574791 559648 7 15 11 15 -1 -1 2120220001000000021000000000000000000001102000000000200000001020000000020000000000200000001000000000000000000001001000010 1
1 0 572381 559648 6 10 5 11 -1 -1 2120220001000000021000000000000000000001102000000000000000001020000000020000000000200000001002000000000000000001001000010 1
2 0 572381 551438 8 16 16 12 -1 -1 2120220001000000021000000000100000000000102000000000000000001020000000020000000000200000001002000000000000000001001000010 1
1 0 569789 551438 6 12 4 10 -1 -1 2120220001000000021000000000100000000000102000000000000000001000000000020000000000200000001002000000000000000001001000012 1
2 0 569789 545014 2 12 3 13 -1 -1 2120220001000001021000000000100000000000002000000000000000001000000000020000000000200000001002000000000000000001001000012 1
1 0 567742 545014 15 13 14 14 -1 -1 2120020021000001021000000000100000000000002000000000000000001000000000020000000000200000001002000000000000000001001000012 1
2 0 567742 538997 11 15 12 16 -1 -1 2120020021000001021000000000100000000000002000000000000000001000000000020000000000200000001002000000000000000001001001002 1
1 0 565830 538997 4 16 4 12 -1 -1 2120020021000001021000000000100000000000002000000000000000001000000000020000000000200000001000000000000000200001001001002 1
2 0 565830 535487 2 14 4 16 -1 -1 2120020021000001120000000000100000000000002000000000000000001000000000020000000000200000001000000000000000200001001001002 1
1 0 563915 535487 13 15 11 17 -1 -1 2120000021000001122000000000100000000000002000000000000000001000000000020000000000200000001000000000000000200001001001002 1
2 0 563915 530249 3 13 5 15 -1 -1 2120000021000001122000000000100000000000002000000000000000001000000000020000000000200000001000100000000000200001000001002 1
1 0 561306 530249 5 11 3 13 -1 -1 2120000001000001122000000000102000000000002000000000000000001000000000020000000000200000001000100000000000200001000001002 1
2 0 561306 529157 12 16 13 15 -1 -1 2120000011000001122000000000002000000000002000000000000000001000000000020000000000200000001000100000000000200001000001002 1
1 0 557720 529157 11 17 11 15 -1 -1 2120000011000001122000000000002000000000002000000000000000001000000000020000000000200000001000100000000000000001002001002 1
2 0 557720 528122 6 16 7 15 -1 -1 2120000011000001122000000000002000000000002000000000000000001000000000020000000000200000001001000000000000000001002001002 1
1 0 554419 528122 14 14 6 14 -1 -1 2120000011000001122000000000002000000000000000000000200000001000000000020000000000200000001001000000000000000001002001002 1
2 0 554419 525341 7 15 8 16 -1 -1 2120000011000001122000000000002000000000010000000000200000001000000000020000000000200000001001000000000000000001002000002 1
1 0 549908 525341 11 15 3 11 -1 -1 2120000011000001122000000000002000000000010000000000000000001020000000020000000000200000001001000000000000000001002000002 1
2 0 549908 524129 4 14 5 13 -1 -1 2120000111000001122000000000002000000000010000000000000000001020000000020000000000200000001000000000000000000001002000002 1
1 0 548218 524129 4 10 2 12 -1 -1 2120000111000001102000000000022000000000010000000000000000001020000000020000000000200000001000000000000000000001002000002 1
2 0 548218 522230 5 13 11 15 -1 -1 2120100111000000102000000000022000000000010000000000000000001020000000020000000000200000001000000000000000000001002000002 1
1 0 546616 522230 4 12 2 14 -1 -1 2120100111000000102000000000002000000000010000000000000000001020000000020000000000200000001002000000000000000001002000002 1
2 0 546616 520478 11 15 12 16 -1 -1 2120110111000000002000000000002000000000010000000000000000001020000000020000000000200000001002000000000000000001002000002 1
1 0 544987 520478 13 9 12 8 -1 -1 2120110111000000002000000000002000000000010000000000000000001020000000020000000000200000001000000000000000200001002000002 1
2 0 544987 520477 0 12 6 10 5 11 2120110111000000002000000000002000000000010000000000000000001020000000020000000000200000001000000000001000200000002000002 1
1 0 542745 520477 8 12 7 11 -1 -1 0120110111000000002000000000302000000002010000000000000000001020000000020000000000200000001000000000001000200000002000002 1
2 0 542745 520477 12 16 14 14 -1 -1 0120110111000000002000000000302000000002010000000010000000000020000000020000000000200000001000000000001000200000002000002 1
1 0 540646 520477 7 11 5 13 -1 -1 0120110111000000002000000000302000000002010000000010000000000020000000020000000000200000001000000000001000000000002002002 1
2 0 540646 520476 13 15 15 13 -1 -1 0120110111000000002000000000312000000002010000000000000000000020000000020000000000200000001000000000001000000000002002002 1
1 0 539391 520476 6 14 0 12 -1 -1 0120110111000000002000000000312000000002010000000000000000000020000000020000000000200000001000000000001000000000000002022 1
2 0 539391 520475 9 15 11 17 -1 -1 1120110111000000002000000000312000000002000000000000000000000020000000020000000000200000001000000000001000000000000002022 1
1 0 538162 520475 12 8 10 10 -1 -1 1120110111000000002000000000312000000002000000000000000000000020000000000000000000200000001000200000001000000000000002022 1
2 0 538162 520474 4 16 6 14 -1 -1 1120110111000000002000000000312000000002000000000000000000000020000000000000000100200000001000200000000000000000000002022 1
1 0 536684 520474 11 9 9 11 -1 -1 1120110111000000000000000000312000000002020000000000000000000020000000000000000100200000001000200000000000000000000002022 1
2 0 536684 520473 8 16 12 16 9 15 1120110111000000000000000000312000000002020000000000000000000020000001000000000100200000000000200000000000000000000002022 1
1 0 535393 520473 10 10 8 12 -1 -1 1120110111000000000000000000312000000002020000000000000000000000000001030000000100200000000000200000000000200000000002022 1
2 0 535393 520473 11 17 13 15 -1 -1 1120110111000000000000000000312000000002020000000000000000001000000001030000000000200000000000200000000000200000000002022 1
1 0 534014 520473 9 11 7 13 -1 -1 1120110111000000000000000000312000000002020000000000000000001000000001030000000000200000000000000000000000200000002002022 1
2 0 534014 520473 10 16 11 17 -1 -1 1120110111000000000000000000312000000002020000000001000000001000000000030000000000200000000000000000000000200000002002022 1
1 0 532176 520473 5 13 4 12 -1 -1 1120110111000000000000000000312000000002020000000001000000001000000000030000000000000000000000200000000000200000002002022 1
2 0 532176 520472 6 14 7 15 -1 -1 1120110111000000100000000000302000000002020000000001000000001000000000030000000000000000000000200000000000200000002002022 1
1 0 530495 520472 8 12 4 16 -1 -1 1120110111000000100000000000302000000002000000000001200000001000000000030000000000000000000000200000000000200000002002022 1
2 0 530495 520471 7 15 8 16 -1 -1 1120110111000000101000000000302000000002000000000001200000000000000000030000000000000000000000200000000000200000002002022 1
1 0 529162 520471 7 13 6 12 -1 -1 1120110111000000101000000000302000000002000000000001000000000020000000030000000000000000000000200000000000200000002002022 1
2 0 529162 520471 8 16 10 14 -1 -1 1120110111000000101000000000302000000002100000000000000000000020000000030000000000000000000000200000000000200000002002022 1
1 0 528077 520471 4 12 2 10 -1 -1 1120110111000000101000000000302000000002100000000000000000000000000000030000000002000000000000200000000000200000002002022 1
2 0 528077 520471 10 14 11 15 -1 -1 1121110111000000001000000000302000000002100000000000000000000000000000030000000002000000000000200000000000200000002002022 1
1 0 527656 520471 6 12 4 10 -1 -1 1121110111000000001000000000302000000002100000000000000000000000000000030000000000000000000002200000000000200000002002022 1
2 0 527656 520470 11 15 12 14 -1 -1 1121110111000001001000000000302000000002000000000000000000000000000000030000000000000000000002200000000000200000002002022 1
1 0 527118 520470 4 10 3 9 -1 -1 1121110111000001001000000000302000000002000000000000000000000000000000030000000000000000000000200000000002200000002002022 1
