1322288481000
googolhex
kingfish
1 0 599550 600000 13 11 12 10 -1 -1 2222222222000000000000000000000000000000000000000000000000000000000000000000000000000000000000000000000000000001111111111 2
2 0 599550 599904 2 14 4 12 -1 -1 2222222222000000000000000000000000000000000000000000000000000000000000000000000000000000000000000000000100000001011111111 2
1 0 598872 599904 13 15 11 9 -1 -1 2222202222000000200000000000000000000000000000000000000000000000000000000000000000000000000000000000000100000001011111111 2
2 0 598872 599903 0 12 4 16 -1 -1 2222202222000000200000000000000000000000000000000000000000000000000000000000000000000000001000000000000100000001010111111 2
1 0 597882 599903 14 14 10 10 -1 -1 0222202222000000202000000000000000000000000000000000000000000000000000000000000000000000001000000000000100000001010111111 2
2 0 597882 599902 3 11 5 13 -1 -1 0222202222000000202000000000000000000000000000000000000000000000000000000000000100000000001000000000000100000001010110111 2
1 0 595463 599902 16 12 12 12 -1 -1 0222202022000000202000000000020000000000000000000000000000000000000000000000000100000000001000000000000100000001010110111 2
2 0 595463 599901 2 12 6 12 -1 -1 0222202022000000202000000000020000000000000000000000000000000000000000000000000100000000001000000000000110000001010110110 2
1 0 591104 599901 15 13 11 13 -1 -1 0222002022000000202000000000020000000000200000000000000000000000000000000000000100000000001000000000000110000001010110110 2
2 0 591104 599900 3 13 7 13 -1 -1 0222002022000000202000000000020000000000200000000000000000000000000000000000000100000000001010000000000110000001010110100 2
1 0 583767 599900 14 12 10 8 -1 -1 0222002002000000202000000000020000000000200000000002000000000000000000000000000100000000001010000000000110000001010110100 2
2 0 583767 599725 4 12 8 12 -1 -1 0222002002000000202000000000020000000000200000000002000000000000000000000000001100000000001010000000000110000001010100100 2
1 0 577402 599725 13 13 9 9 -1 -1 0222002002000000002000000000020000000000200000000002000000002000000000000000001100000000001010000000000110000001010100100 2
2 0 577402 593840 3 9 4 10 -1 -1 0222002002000000002000000000020000000000200000000002000000002000000010000000001100000000001010000000000110000001000100100 2
1 0 571783 593840 12 12 12 8 -1 -1 0222000002000002002000000000020000000000200000000002000000002000000010000000001100000000001010000000000110000001000100100 2
2 0 571783 591060 1 11 5 15 -1 -1 0222000002000002002000000000020000000000200000000002000000002000000010000000001100000000001010000000001100000001000100100 2
1 0 568894 591060 11 13 10 12 -1 -1 0022000002000002002000000000022000000000200000000002000000002000000010000000001100000000001010000000001100000001000100100 2
2 0 568894 585131 5 13 11 11 -1 -1 0022000002000002002000000000022000000000200000000002000000002000000010000000001110000000001000000000001100000001000100100 2
1 0 567590 585131 9 9 8 8 -1 -1 0022000002000002002000000000002000000000200000000002000000002000000010000000001110000000001200000000001100000001000100100 2
2 0 567590 581678 3 15 7 11 -1 -1 0022000002000002002000000000002000000000200000000002000000102000000000000000001110000000001200000000001100000001000100100 2
1 0 566349 581678 13 9 9 9 -1 -1 0022000000000002002000000000002000000000200000000022000000102000000000000000001110000000001200000000001100000001000100100 2
2 0 566349 576893 11 11 13 9 -1 -1 0022000000000002002000000000002000000000200000000022000000102000000010000000001110000000001200000000001100000000000100100 2
1 0 564736 576893 14 10 13 11 -1 -1 0022000000000002002000000000002000000000200000000022000000102000000010000000001110000000001000000000001100000002000100100 2
2 0 564736 571921 4 16 6 14 -1 -1 0022000000000002002000000000002000000000200000000022000000102000000010000000001110000000001000000000001100000002100000100 2
1 0 562452 571921 15 11 14 10 -1 -1 0022000000000002000000000000002000000000220000000022000000102000000010000000001110000000001000000000001100000002100000100 2
2 0 562452 567874 2 10 3 9 -1 -1 0022000000000002000000000000002000000000220000000022000000102000000010000000001110000000001000000000001100000002100100000 2
1 0 560838 567874 11 9 9 11 -1 -1 0020002000000002000000000000002000000000220000000022000000102000000010000000001110000000001000000000001100000002100100000 2
2 0 560838 562803 7 13 11 9 -1 -1 0020002000000002000000000000002000000000220000000022000000102000000011000000001110000000000000000000001100000002100100000 2
1 0 553077 562803 10 12 8 10 -1 -1 0020002000000002000000000000002000000000220000000020000000102000000011000000001110000000002000000000001100000002100100000 2
2 0 553077 559843 3 9 7 13 -1 -1 0020002000000002000000000000002000000000220000000020000000112000000011000000001100000000002000000000001100000002100100000 2
1 0 549930 559843 14 10 12 12 -1 -1 0020000000000002000000000000002000000000220000000022000000112000000011000000001100000000002000000000001100000002100100000 2
2 0 549930 555967 1 13 2 12 -1 -1 0020000000000002000000000000002000000000220000000022000000112000000011000000001100000000002000000000001110000002100000000 2
1 0 545488 555967 9 11 7 9 -1 -1 0000200000000002000000000000002000000000220000000022000000112000000011000000001100000000002000000000001110000002100000000 2
2 0 545488 552120 8 12 9 13 -1 -1 0000200000000002000000000000002000000000220000000122000000112000000010000000001100000000002000000000001110000002100000000 2
1 0 538021 552120 12 12 11 11 -1 -1 0000200000000002000000000000002000000000220000000122000000110000000010200000001100000000002000000000001110000002100000000 2
2 0 538021 548797 6 14 10 14 -1 -1 0000200000000002000000000000002000000000220000000122000000110000000010200000001100000000002100000000001100000002100000000 2
1 0 528992 548797 12 10 10 12 -1 -1 0000200000000002000000000000002000000000200000000122000000110000000010200000001102000000002100000000001100000002100000000 2
2 0 528992 544324 6 12 8 14 -1 -1 0000200000000002000000000000002000000000200000000122000000110000000010200000001112000000002100000000001000000002100000000 2
1 0 519518 544324 10 12 9 11 -1 -1 0000200000000002000000000000002000000000000000000122000000110200000010200000001112000000002100000000001000000002100000000 2
2 0 519518 538370 7 13 11 13 -1 -1 0000200000000002000000000000002000000000000000000122000000110200000011200000001102000000002100000000001000000002100000000 2
1 0 507879 538370 10 10 6 10 -1 -1 0000200000000002000000000000002000000000000000000120000000110200000011200000001102000000002120000000001000000002100000000 2
2 0 507879 531114 8 14 12 14 -1 -1 0000200000000002000000000000002000000001000000000120000000110200000011200000001002000000002120000000001000000002100000000 2
1 0 499306 531114 13 11 14 10 -1 -1 0000200000000002000000000000002000000001000000000120000000110000000011200000001002000000002120000000001002000002100000000 2
2 0 499306 525681 9 13 13 13 -1 -1 0000200000000002000000000000002000000001000000000120000000110000000011200000001002000000002120000000001002000002000100000 2
1 0 492580 525681 6 10 5 11 -1 -1 0000200000000002000000000000002000000001000000000120000000110000000011000000001002000000002120000000001002000002020100000 2
2 0 492580 519786 7 11 8 12 -1 -1 0000200000000002000000000000102000000000000000000120000000110000000011000000001002000000002120000000001002000002020100000 2
1 0 485542 519786 8 8 4 12 -1 -1 0000200000000002000000000000102000000000000000000100000000112000000011000000001002000000002120000000001002000002020100000 2
2 0 485542 514506 8 12 10 10 -1 -1 0000200000000002100000000000102000000000000000000100000000012000000011000000001002000000002120000000001002000002020100000 2
1 0 480778 514506 14 10 13 11 -1 -1 0000200000000002100000000000102000000000000000000100000000010000000011000000001202000000002120000000001002000002020100000 2
2 0 480778 508082 10 14 14 14 -1 -1 0000200000000002100000000000102000000000000000000100000000010000000011000000001202000000002120000000001002000002120000000 2
1 0 474471 508082 13 11 12 10 -1 -1 0000200000000002100000000000102000000000000000000100000000010000000011000000001200000000002120000000001002000002120002000 2
2 0 474471 502487 11 9 13 11 -1 -1 0000200000000002100000000000102000000000000000000100000000010000000011000000001200000000002120000000001102000002020002000 2
1 0 469226 502487 12 10 11 9 -1 -1 0000200000000002100000000000102000000000000000000100000000010000000011000000001200000000000120000000001102000002220002000 2
2 0 469226 495823 11 13 15 13 -1 -1 0000200000000002100000000000102000000000000000000100000000010000000011000000001200000000001120000000001002000002220002000 2
1 0 469225 495823 5 11 1 11 -1 -1 0000200000000002100000000000102000000000000000000100000000010000000011000000001200000000001100000000001002000002220002020 2
2 0 469225 491720 2 12 3 11 -1 -1 0100200000000002100000000000002000000000000000000100000000010000000011000000001200000000001100000000001002000002220002020 2
1 0 469224 491720 4 12 0 12 -1 -1 0100000200000002100000000000002000000000000000000100000000010000000011000000001200000000001100000000001002000002220002020 2
2 0 469224 488300 3 11 5 9 -1 -1 1100000200000002000000000000002000000000000000000100000000010000000011000000001200000000001100000000001002000002220002020 2
1 0 469224 488300 11 9 9 7 -1 -1 1100000000000002000000000002002000000000000000000100000000010000000011000000001200000000001100000000001002000002220002020 2
2 0 469224 483434 4 10 6 8 -1 -1 1100000000000002000000000002002000000000000000000100000000010000000111000000001200000000000100000000001002000002220002020 2
1 0 469223 483434 10 8 8 6 -1 -1 1100000000000000000000000002002000000020000000000100000000010000000111000000001200000000000100000000001002000002220002020 2
2 0 469223 479740 10 10 14 10 -1 -1 1100000000000000000000000002002000000020000000000100000001010000000111000000000200000000000100000000001002000002220002020 2
1 0 469222 479740 9 7 7 5 -1 -1 1100000000000000000000000002002000000020000000000100000001010000000111000000000000000000000100000000001002000002220202020 2
2 0 469222 475889 5 9 7 11 -1 -1 1100000000000000000000000002002000000020000000010100000001010000000011000000000000000000000100000000001002000002220202020 2
1 0 469221 475889 8 10 4 14 5 13 1100000000000000000000000000002000000020000000010120000001010000000011000000000000000000000100000000001002000002220202020 2
2 0 469221 470018 6 8 14 12 -1 -1 1100000000000000010000000000032000000020000000010120000001000000000011000000000000000000000100000000001002000002220202020 2
1 0 469221 470018 7 9 5 11 6 12 1100000000000000010000000000032000000000000000010120000001000000000011000000000000000000000100000000001002000002220222020 2
2 0 469221 466863 5 15 6 14 -1 -1 1100000000000000010000000000132000000000300000010020000001000000000011000000000000000000000100000000001002000002220222020 2
1 0 469220 466863 5 11 3 13 -1 -1 1100000000000000010000000000130000000000320000010020000001000000000011000000000000000000000100000000001002000002220222020 2
2 0 469220 464420 6 14 12 12 -1 -1 1100000010000000010000000000030000000000320000010020000001000000000011000000000000000000000100000000001002000002220222020 2
1 0 469220 464420 4 14 2 12 -1 -1 1100000010000000010000000000030000000000300000010020000001000000000011000000000000000000000100000000001022000002220222020 2
2 0 469220 462467 12 14 13 15 -1 -1 1100100010000000000000000000030000000000300000010020000001000000000011000000000000000000000100000000001022000002220222020 2
1 0 469219 462467 12 8 11 7 -1 -1 1100100010000000000000000000030000000000300000010020000001000000000011000000000000000000000100000000001020000002222222020 2
2 0 469219 461279 7 11 8 10 -1 -1 1100100010000000000000000000030000000000300000010020000001000000000011000000000000000000010100000000000020000002222222020 2
1 0 469219 461279 9 9 7 11 -1 -1 1100100010000000000000000000030000000000300000010000000001020000000011000000000000000000010100000000000020000002222222020 2
2 0 469219 460206 8 10 12 10 -1 -1 1100100010000000000000000000030000000000300000010010000001020000000001000000000000000000010100000000000020000002222222020 2
1 0 469219 460206 11 11 10 10 -1 -1 1100100010000000000000000000030000000000300000010010000001000000000001000000000000000000010100000000000220000002222222020 2
2 0 469219 459458 13 9 15 11 -1 -1 1100100010000000000000000000030000000000300000010010000001000000000001000000000100000000010000000000000220000002222222020 2
1 0 469218 459458 10 10 2 14 -1 -1 1100100010000000000000000000030000000000300000010010000001000000000001000000000100000000010000000000000220000000222222220 2
2 0 469218 459057 12 10 13 9 -1 -1 1100110010000000000000000000030000000000300000010010000001000000000001000000000000000000010000000000000220000000222222220 2
1 0 469217 459057 11 7 10 6 -1 -1 1100110010000000000000000000030000000000300000010010000001000000000001000000000000000000010000000000000020000002222222220 2
2 0 469217 458685 14 10 16 12 -1 -1 1100110010000000000000000000030000000000300000010010000001000000000001000000010000000000000000000000000020000002222222220 2
1 0 469216 458685 10 6 9 7 -1 -1 1100110010000000000000000000030000000000300000010010000001000000000001000000010000000000000000000000000020000002222022222 2
2 0 469216 458363 12 12 14 10 -1 -1 1100110010000000000000000000030000000000300000010010000001000000000101000000000000000000000000000000000020000002222022222 2
