1322294690000
googolhex
kingfish
1 0 599550 600000 13 11 12 10 -1 -1 2222222222000000000000000000000000000000000000000000000000000000000000000000000000000000000000000000000000000001111111111 2
2 0 599550 599903 2 14 4 12 -1 -1 2222222222000000000000000000000000000000000000000000000000000000000000000000000000000000000000000000000100000001011111111 2
1 0 598869 599903 13 15 11 9 -1 -1 2222202222000000200000000000000000000000000000000000000000000000000000000000000000000000000000000000000100000001011111111 2
2 0 598869 599902 0 12 4 16 -1 -1 2222202222000000200000000000000000000000000000000000000000000000000000000000000000000000001000000000000100000001010111111 2
1 0 597873 599902 14 14 10 10 -1 -1 0222202222000000202000000000000000000000000000000000000000000000000000000000000000000000001000000000000100000001010111111 2
2 0 597873 599901 3 11 5 13 -1 -1 0222202222000000202000000000000000000000000000000000000000000000000000000000000100000000001000000000000100000001010110111 2
1 0 595462 599901 16 12 12 12 -1 -1 0222202022000000202000000000020000000000000000000000000000000000000000000000000100000000001000000000000100000001010110111 2
2 0 595462 599900 2 12 6 12 -1 -1 0222202022000000202000000000020000000000000000000000000000000000000000000000000100000000001000000000000110000001010110110 2
1 0 591082 599900 15 13 11 13 -1 -1 0222002022000000202000000000020000000000200000000000000000000000000000000000000100000000001000000000000110000001010110110 2
2 0 591082 599899 3 13 7 13 -1 -1 0222002022000000202000000000020000000000200000000000000000000000000000000000000100000000001010000000000110000001010110100 2
1 0 583723 599899 14 12 10 8 -1 -1 0222002002000000202000000000020000000000200000000002000000000000000000000000000100000000001010000000000110000001010110100 2
2 0 583723 599724 4 12 8 12 -1 -1 0222002002000000202000000000020000000000200000000002000000000000000000000000001100000000001010000000000110000001010100100 2
1 0 577349 599724 13 13 9 9 -1 -1 0222002002000000002000000000020000000000200000000002000000002000000000000000001100000000001010000000000110000001010100100 2
2 0 577349 593712 3 9 4 10 -1 -1 0222002002000000002000000000020000000000200000000002000000002000000010000000001100000000001010000000000110000001000100100 2
1 0 571729 593712 12 12 12 8 -1 -1 0222000002000002002000000000020000000000200000000002000000002000000010000000001100000000001010000000000110000001000100100 2
2 0 571729 590875 1 11 5 15 -1 -1 0222000002000002002000000000020000000000200000000002000000002000000010000000001100000000001010000000001100000001000100100 2
1 0 568834 590875 11 13 10 12 -1 -1 0022000002000002002000000000022000000000200000000002000000002000000010000000001100000000001010000000001100000001000100100 2
2 0 568834 584807 5 13 11 11 -1 -1 0022000002000002002000000000022000000000200000000002000000002000000010000000001110000000001000000000001100000001000100100 2
1 0 567526 584807 9 9 8 8 -1 -1 0022000002000002002000000000002000000000200000000002000000002000000010000000001110000000001200000000001100000001000100100 2
2 0 567526 581293 3 15 7 11 -1 -1 0022000002000002002000000000002000000000200000000002000000102000000000000000001110000000001200000000001100000001000100100 2
1 0 566282 581293 13 9 9 9 -1 -1 0022000000000002002000000000002000000000200000000022000000102000000000000000001110000000001200000000001100000001000100100 2
2 0 566282 576409 11 11 13 9 -1 -1 0022000000000002002000000000002000000000200000000022000000102000000010000000001110000000001200000000001100000000000100100 2
1 0 564663 576409 14 10 13 11 -1 -1 0022000000000002002000000000002000000000200000000022000000102000000010000000001110000000001000000000001100000002000100100 2
2 0 564663 571333 4 16 6 14 -1 -1 0022000000000002002000000000002000000000200000000022000000102000000010000000001110000000001000000000001100000002100000100 2
1 0 562368 571333 15 11 14 10 -1 -1 0022000000000002000000000000002000000000220000000022000000102000000010000000001110000000001000000000001100000002100000100 2
2 0 562368 567211 2 10 3 9 -1 -1 0022000000000002000000000000002000000000220000000022000000102000000010000000001110000000001000000000001100000002100100000 2
1 0 560760 567211 11 9 9 11 -1 -1 0020002000000002000000000000002000000000220000000022000000102000000010000000001110000000001000000000001100000002100100000 2
2 0 560760 562013 7 13 11 9 -1 -1 0020002000000002000000000000002000000000220000000022000000102000000011000000001110000000000000000000001100000002100100000 2
1 0 553019 562013 10 12 8 10 -1 -1 0020002000000002000000000000002000000000220000000020000000102000000011000000001110000000002000000000001100000002100100000 2
2 0 553019 558994 3 9 7 13 -1 -1 0020002000000002000000000000002000000000220000000020000000112000000011000000001100000000002000000000001100000002100100000 2
1 0 549865 558994 14 10 12 12 -1 -1 0020000000000002000000000000002000000000220000000022000000112000000011000000001100000000002000000000001100000002100100000 2
2 0 549865 555046 1 13 2 12 -1 -1 0020000000000002000000000000002000000000220000000022000000112000000011000000001100000000002000000000001110000002100000000 2
1 0 545413 555046 9 11 7 9 -1 -1 0000200000000002000000000000002000000000220000000022000000112000000011000000001100000000002000000000001110000002100000000 2
2 0 545413 551126 8 12 9 13 -1 -1 0000200000000002000000000000002000000000220000000122000000112000000010000000001100000000002000000000001110000002100000000 2
1 0 537950 551126 12 12 11 11 -1 -1 0000200000000002000000000000002000000000220000000122000000110000000010200000001100000000002000000000001110000002100000000 2
2 0 537950 547734 6 14 10 14 -1 -1 0000200000000002000000000000002000000000220000000122000000110000000010200000001100000000002100000000001100000002100000000 2
1 0 528969 547734 12 10 10 12 -1 -1 0000200000000002000000000000002000000000200000000122000000110000000010200000001102000000002100000000001100000002100000000 2
2 0 528969 543154 6 12 8 14 -1 -1 0000200000000002000000000000002000000000200000000122000000110000000010200000001112000000002100000000001000000002100000000 2
1 0 519525 543154 10 12 9 11 -1 -1 0000200000000002000000000000002000000000000000000122000000110200000010200000001112000000002100000000001000000002100000000 2
2 0 519525 537063 7 13 11 13 -1 -1 0000200000000002000000000000002000000000000000000122000000110200000011200000001102000000002100000000001000000002100000000 2
1 0 507934 537063 10 10 6 10 -1 -1 0000200000000002000000000000002000000000000000000120000000110200000011200000001102000000002120000000001000000002100000000 2
2 0 507934 529612 8 14 12 14 -1 -1 0000200000000002000000000000002000000001000000000120000000110200000011200000001002000000002120000000001000000002100000000 2
1 0 499348 529612 13 11 14 10 -1 -1 0000200000000002000000000000002000000001000000000120000000110000000011200000001002000000002120000000001002000002100000000 2
2 0 499348 524038 9 13 13 13 -1 -1 0000200000000002000000000000002000000001000000000120000000110000000011200000001002000000002120000000001002000002000100000 2
1 0 492638 524038 6 10 5 11 -1 -1 0000200000000002000000000000002000000001000000000120000000110000000011000000001002000000002120000000001002000002020100000 2
2 0 492638 518000 7 11 8 12 -1 -1 0000200000000002000000000000102000000000000000000120000000110000000011000000001002000000002120000000001002000002020100000 2
1 0 485613 518000 8 8 4 12 -1 -1 0000200000000002000000000000102000000000000000000100000000112000000011000000001002000000002120000000001002000002020100000 2
2 0 485613 512612 8 12 10 10 -1 -1 0000200000000002100000000000102000000000000000000100000000012000000011000000001002000000002120000000001002000002020100000 2
1 0 480855 512612 14 10 13 11 -1 -1 0000200000000002100000000000102000000000000000000100000000010000000011000000001202000000002120000000001002000002020100000 2
2 0 480855 506056 10 14 14 14 -1 -1 0000200000000002100000000000102000000000000000000100000000010000000011000000001202000000002120000000001002000002120000000 2
1 0 474558 506056 13 11 12 10 -1 -1 0000200000000002100000000000102000000000000000000100000000010000000011000000001200000000002120000000001002000002120002000 2
2 0 474558 500331 11 9 13 11 -1 -1 0000200000000002100000000000102000000000000000000100000000010000000011000000001200000000002120000000001102000002020002000 2
1 0 469321 500331 12 10 11 9 -1 -1 0000200000000002100000000000102000000000000000000100000000010000000011000000001200000000000120000000001102000002220002000 2
2 0 469321 493503 11 13 15 13 -1 -1 0000200000000002100000000000102000000000000000000100000000010000000011000000001200000000001120000000001002000002220002000 2
1 0 469320 493503 5 11 1 11 -1 -1 0000200000000002100000000000102000000000000000000100000000010000000011000000001200000000001100000000001002000002220002020 2
2 0 469320 489326 2 12 3 11 -1 -1 0100200000000002100000000000002000000000000000000100000000010000000011000000001200000000001100000000001002000002220002020 2
1 0 469319 489326 4 12 0 12 10 12 0100000200000002100000000000002000000000000000000100000000010000000011000000001200000000001100000000001002000002220002020 2
2 0 469319 485051 12 14 14 12 -1 -1 1100000200000002000000000000002000000000000000000100000000010000000011000000001230000000001100000000001002000002220002020 2
1 0 469318 485051 11 9 9 7 4 12 1100000200000002000000000000002000000000000000000100000000010000000011000000001230000000001100000000001000000002220022020 2
2 0 469318 482323 4 10 6 16 -1 -1 1100000200000002300000000000002000000000000000000100000000010000000111000000001230000000000100000000001000000002220022020 2
1 0 469317 482323 11 11 9 13 -1 -1 1100000200000000300000000000002000000000002000000100000000010000000111000000001230000000000100000000001000000002220022020 2
2 0 469317 480617 3 11 7 15 -1 -1 1100000200000000300000000000002000000000002000000100000000010000000111100000001230000000000000000000001000000002220022020 2
1 0 469316 480617 10 8 8 6 -1 -1 1100000000000000300000000000002000000000002000000100200000010000000111100000001230000000000000000000001000000002220022020 2
2 0 469316 478019 6 16 8 14 -1 -1 1100000000000000300000000000002000000000002000000100200001010000000111100000000230000000000000000000001000000002220022020 2
1 0 469315 478019 9 9 7 11 -1 -1 1100000000000000300000000000002000000000000000000100200001010200000111100000000230000000000000000000001000000002220022020 2
2 0 469315 475313 5 15 6 14 -1 -1 1100000000000000300000000000002000000000000000000110200001010200000101100000000230000000000000000000001000000002220022020 2
1 0 469315 475313 9 11 5 15 -1 -1 1100000000000000300000000000000000000000020000000110200001010200000101100000000230000000000000000000001000000002220022020 2
2 0 469315 471678 6 14 10 14 -1 -1 1100000000000000300000000000001000000000020000000110200001010200000100100000000230000000000000000000001000000002220022020 2
1 0 469315 471678 9 13 7 7 -1 -1 1100000000000000300000000000001000000000000000000110200001010200000100100000000232000000000000000000001000000002220022020 2
2 0 469315 469339 7 15 11 11 -1 -1 1100000000000000300000000000001000000000000000001110200001010200000100000000000232000000000000000000001000000002220022020 2
1 0 469315 469339 9 7 7 5 -1 -1 1100000000000000300000000000001000000000000000001110000001010200000100000000000232000000000200000000001000000002220022020 2
2 0 469315 467368 10 10 14 10 -1 -1 1100000000000000300000000000001000000000000000011110000001010200000000000000000232000000000200000000001000000002220022020 2
1 0 469314 467368 8 10 6 8 -1 -1 1100000000000000300000000000001000000000000000011110000001010200000000000000000032000000000200000000001000000002220222020 2
2 0 469314 466476 8 14 9 13 -1 -1 1100000000000000300000000000001000000010000000011110000001000200000000000000000032000000000200000000001000000002220222020 2
1 0 469314 466476 7 9 5 7 -1 -1 1100000000000000300000000000001000000010000000011110000001000000000000200000000032000000000200000000001000000002220222020 2
2 0 469314 464590 9 13 11 15 -1 -1 1100000000000000300000000010001000000010000000011010000001000000000000200000000032000000000200000000001000000002220222020 2
1 0 469313 464590 7 7 5 9 -1 -1 1100000000000000300000000010001000000010000000011010000001000000000000000000000032000000000202000000001000000002220222020 2
2 0 469313 463426 11 15 12 14 -1 -1 1100000000000000300000000011001000000010000000010010000001000000000000000000000032000000000202000000001000000002220222020 2
1 0 469312 463426 6 8 4 14 -1 -1 1100000000000000300000000011001000000010000000010010000001000000000000000000000032000000000200000000001002000002220222020 2
2 0 469312 462081 12 14 13 15 -1 -1 1100000000000000310000000011001000000000000000010010000001000000000000000000000032000000000200000000001002000002220222020 2
1 0 469312 462081 5 15 3 13 -1 -1 1100000000000000310000000011001000000000000000010010000001000000000000000000000032000000000200000000001000000002222222020 2
2 0 469312 460599 14 14 16 12 -1 -1 1100000010000000310000000011000000000000000000010010000001000000000000000000000032000000000200000000001000000002222222020 2
1 0 469311 460599 4 14 2 12 -1 -1 1100000010000000310000000011000000000000000000010010000001000000000000000000000032000000000200000000001000000002222220022 2
2 0 469311 459260 10 14 14 14 -1 -1 1100100010000000300000000011000000000000000000010010000001000000000000000000000032000000000200000000001000000002222220022 2
1 0 469310 459260 12 8 11 7 -1 -1 1100100010000000300000000011000000000000000000010010000001000000000000000000000030000000000200000000001000000002222222022 2
2 0 469310 458495 11 11 12 12 -1 -1 1100100010000000300000000011000000000000000000010010000001000000000000000000000030000000010200000000000000000002222222022 2
1 0 469310 458495 11 7 10 6 -1 -1 1100100010000000300000000011000000000000000000010010000001000000000000000000000030000000010000000000000020000002222222022 2
2 0 469310 457819 13 9 15 11 -1 -1 1100100010000000300000000011000000000000000000010010000001000000000000000000010030000000000000000000000020000002222222022 2
1 0 469310 457819 10 6 9 5 -1 -1 1100100010000000300000000011000000000000000000010010000001000000000000000000010030000000000000000000000020000000222222222 2
2 0 469310 457530 14 10 13 9 -1 -1 1100100010000000300000000011000000000000000000010010000001000000001000000000000030000000000000000000000020000000222222222 2
1 0 469310 457530 9 5 7 7 -1 -1 1100100010000000300000000011000000000000000000010010000001000000001000000000000030000000000000000000000020000002222022222 2
2 0 469310 457100 12 12 14 10 -1 -1 1100100010000000300000000011000000000000000000011010000001000000000000000000000030000000000000000000000020000002222022222 2
