1322290433000
kingfish
droptable
1 0 599815 600000 14 10 12 12 -1 -1 2222222222000000000000000000000000000000000000000000000000000000000000000000000000000000000000000000000000000001111111111 1
2 0 599815 587043 3 15 4 14 -1 -1 2222222222000000000000000000000000000000000000000000000000000000000000000000000000000000000000000000000010000001111011111 1
1 0 599813 587043 16 12 12 8 -1 -1 2222222220000000020000000000000000000000000000000000000000000000000000000000000000000000000000000000000010000001111011111 1
2 0 599813 579296 2 10 4 12 -1 -1 2222222220000000020000000000000000000000000000000000000000000000000000000000000000000000000000000000001010000001111011110 1
1 0 599806 579296 13 13 11 11 -1 -1 2220222220000000220000000000000000000000000000000000000000000000000000000000000000000000000000000000001010000001111011110 1
2 0 599806 558686 1 13 5 13 -1 -1 2220222220000000220000000000000000000000000000000000000000000000000000000000000000000000000100000000001010000001101011110 1
1 0 599805 558686 14 12 10 12 -1 -1 2200222220000000220000000000020000000000000000000000000000000000000000000000000000000000000100000000001010000001101011110 1
2 0 599805 548786 0 12 1 13 -1 -1 2200222220000000220000000000020000000000000000000000000000000000000000000000000010000000000100000000001010000001101001110 1
1 0 599804 548786 13 11 9 11 -1 -1 0220222220000000220000000000020000000000000000000000000000000000000000000000000010000000000100000000001010000001101001110 1
2 0 599804 523237 4 14 6 12 -1 -1 0220222220000000220000000000020000000000000000000000000000000000000001000000000010000000000100000000001010000001001001110 1
1 0 599621 523237 12 12 8 12 -1 -1 0220222220000000200000000000020000000000200000000000000000000000000001000000000010000000000100000000001010000001001001110 1
2 0 599621 508205 3 13 7 13 -1 -1 0220222220000000200000000000020000000000200000000000000000001000000001000000000010000000000100000000001000000001001001110 1
1 0 595901 508205 11 11 7 11 -1 -1 0220222200000000200000000000020000000000200000000002000000001000000001000000000010000000000100000000001000000001001001110 1
2 0 595901 493833 3 9 5 11 -1 -1 0220222200000000200000000000020000000000200000000012000000001000000001000000000010000000000000000000001000000001001001110 1
1 0 593255 493833 10 12 8 10 -1 -1 0220220200000000200000000000220000000000200000000012000000001000000001000000000010000000000000000000001000000001001001110 1
2 0 593255 479125 1 11 3 9 -1 -1 0220220200000000200000000000220000000000200000000012000000011000000001000000000000000000000000000000001000000001001001110 1
1 0 589947 479125 13 15 12 14 -1 -1 0020222200000000200000000000220000000000200000000012000000011000000001000000000000000000000000000000001000000001001001110 1
2 0 589947 471253 2 12 4 14 -1 -1 0020222200000000200000000000220000000000200000000012000000011000000001000000000000000000000000000000001001000001000001110 1
1 0 586113 471253 13 9 11 7 -1 -1 0020022200000000220000000000220000000000200000000012000000011000000001000000000000000000000000000000001001000001000001110 1
2 0 586113 464953 1 13 3 15 -1 -1 0020022200000000220000000000220000000000200000000012000000011000000001000000000000000000010000000000001001000000000001110 1
1 0 583231 464953 15 13 11 13 -1 -1 0000022202000000220000000000220000000000200000000012000000011000000001000000000000000000010000000000001001000000000001110 1
2 0 583231 459641 6 12 8 14 -1 -1 0000022202000000220000000000220000000000200000000012000000011000000001000000000000000000010010000000001001000000000001100 1
1 0 579301 459641 8 10 2 12 -1 -1 0000022202000000220000000000220000000000000000000012000000011200000001000000000000000000010010000000001001000000000001100 1
2 0 579301 449524 3 9 5 15 -1 -1 0000122202000000220000000000220000000000000000000012000000001200000001000000000000000000010010000000001001000000000001100 1
1 0 574716 449524 12 14 4 10 -1 -1 0000120202000000220000000000222000000000000000000012000000001200000001000000000000000000010010000000001001000000000001100 1
2 0 574716 433106 8 14 10 12 -1 -1 0000120202000001220000000000222000000000000000000012000000001200000001000000000000000000010010000000001000000000000001100 1
1 0 571344 433106 9 11 8 10 -1 -1 0000120202000001220000000000222000000000000000000012000000001000000001000000000020000000010010000000001000000000000001100 1
2 0 571344 422316 10 12 12 14 -1 -1 0000120202000001220000000000222000000000000000000012000000011000000000000000000020000000010010000000001000000000000001100 1
1 0 568474 422316 8 12 4 16 -1 -1 0000120202000001220000000000222000000000000000000012000000011000000000000000000000000000010010000000001002000000000001100 1
2 0 568474 414480 5 13 6 14 -1 -1 0000120202000001221000000000222000000000000000000012000000010000000000000000000000000000010010000000001002000000000001100 1
1 0 564666 414480 7 11 5 13 -1 -1 0000120202000001221000000000202000000000020000000012000000010000000000000000000000000000010010000000001002000000000001100 1
2 0 564666 406029 3 15 5 17 -1 -1 0000120202000001221000000000212000000000020000000002000000010000000000000000000000000000010010000000001002000000000001100 1
1 0 560890 406029 14 14 14 12 -1 -1 0000120200000001221000000000212200000000020000000002000000010000000000000000000000000000010010000000001002000000000001100 1
2 0 560890 396689 3 11 5 9 -1 -1 0000120200000001221000000000212200000000020000000002000000010000000000000000000000000000010010000000001002000000000010100 1
1 0 556813 396689 15 11 11 11 -1 -1 0000120000000001221000000002212200000000020000000002000000010000000000000000000000000000010010000000001002000000000010100 1
2 0 556813 386865 4 14 8 14 -1 -1 0000120000000001221000000002212200000000020000000002000000010000000000000000000000000000010110000000001002000000000010000 1
1 0 550733 386865 4 10 3 11 -1 -1 0000120000000001201000000002212200000000020000000002000000010200000000000000000000000000010110000000001002000000000010000 1
2 0 550733 376545 6 14 7 15 -1 -1 0000120100000000201000000002212200000000020000000002000000010200000000000000000000000000010110000000001002000000000010000 1
1 0 545566 376545 4 16 3 15 -1 -1 0000120100000000201000000002212200000000000000000002200000010200000000000000000000000000010110000000001002000000000010000 1
2 0 545566 365374 2 14 8 16 -1 -1 0000120101000000200000000002212200000000000000000002200000010200000000000000000000000000010110000000001002000000000010000 1
1 0 536466 365374 12 8 10 6 -1 -1 0000100101000000200000000002212200000000000000000002200000010220000000000000000000000000010110000000001002000000000010000 1
2 0 536466 359526 5 11 6 10 -1 -1 0000100101000000200000000002212200000000000000000002200000010220000000000000010000000000010110000000000002000000000010000 1
1 0 526735 359526 11 7 9 5 -1 -1 0000100101000000200000000002012200000002000000000002200000010220000000000000010000000000010110000000000002000000000010000 1
2 0 526735 350375 8 16 9 17 -1 -1 0000100101000000200000000002012200000002000000000002200000010220001000000000010000000000000110000000000002000000000010000 1
1 0 516835 350375 10 6 8 4 -1 -1 0000100101000000200000000002012200000002000000000002200000010200001000002000010000000000000110000000000002000000000010000 1
2 0 516835 342499 7 13 9 15 -1 -1 0000100101000000200000000002012200000002000000000002200010010200001000002000000000000000000110000000000002000000000010000 1
1 0 507543 342499 9 5 7 3 -1 -1 0000100101000000200000000002012200000002000000000000200010010200001000022000000000000000000110000000000002000000000010000 1
2 0 507543 335976 4 12 6 14 -1 -1 0000100101000000200000000002012200000002000000100000200010010200000000022000000000000000000110000000000002000000000010000 1
1 0 499110 335976 8 4 6 2 -1 -1 0000100101000000000000000002012200000002020000100000200010010200000000022000000000000000000110000000000002000000000010000 1
2 0 499110 322090 7 15 9 13 -1 -1 0000100101000000000000000002012200010002020000100000200000010200000000022000000000000000000110000000000002000000000010000 1
1 0 491344 322090 7 3 5 1 -1 -1 0000100101000000000000000002012200010002020000100000000000010200000000222000000000000000000110000000000002000000000010000 1
2 0 491344 315219 5 15 9 11 -1 -1 0000100101000000000000010002012200010002020000000000000000010200000000222000000000000000000110000000000002000000000010000 1
1 0 482768 315219 6 2 4 0 -1 -1 0000100101000000000000010002010200010002020000000000000000010200000002222000000000000000000110000000000002000000000010000 1
2 0 482768 305308 6 14 7 15 -1 -1 0000100101100000000000010002010200000002020000000000000000010200000002222000000000000000000110000000000002000000000010000 1
1 0 473400 305308 14 12 13 13 -1 -1 0000100101100000000000010002010200000002000000000000200000010200000002222000000000000000000110000000000002000000000010000 1
2 0 473400 299396 5 9 7 11 -1 -1 0000100101100000000000010002010200000002000000000000200000010200000002222000000000000000000110000000000002000000010000000 1
1 0 464407 299396 13 13 12 12 -1 -1 0000100101100000000000010000010200000002000000000020200000010200000002222000000000000000000110000000000002000000010000000 1
2 0 464407 294425 8 14 12 10 -1 -1 0000100101100000000000010000010200000002000000000020200000010200000002222000000000000000000110000000000012000000000000000 1
1 0 454467 294425 12 12 2 14 -1 -1 0000100101100000000000010000010200000002000000000020200000010000000002222000000000000000000110000000000212000000000000000 1
2 0 454467 293059 6 10 10 14 -1 -1 0000110101100000000000010000010200000002000000000020200000010000000002222000000000000000000110000000000202000000000000000 1
1 0 450464 293059 8 10 4 18 -1 -1 0000110101100000000000010000010200000000000000000020200000010000000002222000000002000000000110000000000202000000000000000 1
2 0 450464 290917 7 11 8 12 -1 -1 0000110101100000000100010000010200000000000000000020200000000000000002222000000002000000000110000000000202000000000000000 1
1 0 445560 290917 11 11 11 15 -1 -1 0000110101100000000100010000010200000000000000000000200000002000000002222000000002000000000110000000000202000000000000000 1
2 0 445560 286832 9 17 10 18 -1 -1 0000110101100000000100010000010200000000000000000000200000002000000002222000000002000000000011000000000202000000000000000 1
1 0 436560 286832 5 13 4 12 -1 -1 0000110101100000000100010000010200000000000000000000200000002000000002220000000002020000000011000000000202000000000000000 1
2 0 436560 284189 10 14 12 12 -1 -1 0000110101100000100100010000000200000000000000000000200000002000000002220000000002020000000011000000000202000000000000000 1
1 0 432124 284189 11 15 10 16 -1 -1 0000110101100000100100010000000200000000000000000000200000002000000002220000000000020000000011000000000222000000000000000 1
2 0 432124 281020 8 12 10 14 -1 -1 0000110101100000100100010000000200000000000000000000200000002000000002220000000000120000000010000000000222000000000000000 1
1 0 426400 281020 10 16 6 16 -1 -1 0000110101100000100100010000000200000000000000000000200000000000000002220000000002120000000010000000000222000000000000000 1
2 0 426400 276238 9 13 13 13 -1 -1 0000110101100000100100010000000200000000001000000000200000000000000002220000000002020000000010000000000222000000000000000 1
1 0 422444 276238 4 12 3 13 -1 -1 0000110101100000100100010000000200000000001000000000200000000000000002020000000002020000000010000000000222000000020000000 1
2 0 422444 272061 10 18 11 17 -1 -1 0000110111100000000100010000000200000000001000000000200000000000000002020000000002020000000010000000000222000000020000000 1
1 0 420023 272061 4 18 4 16 -1 -1 0000110111100000000100010000000200000000001000000000200000000000000002020000000002000000000010200000000222000000020000000 1
2 0 420023 270288 7 15 8 16 -1 -1 0000110111100000001000010000000200000000001000000000200000000000000002020000000002000000000010200000000222000000020000000 1
1 0 416444 270288 6 16 4 14 -1 -1 0000110111100000001000010000000200000000001000000000000000000020000002020000000002000000000010200000000222000000020000000 1
2 0 416444 268585 5 17 6 16 -1 -1 0000110111100000011000010000000200000000000000000000000000000020000002020000000002000000000010200000000222000000020000000 1
1 0 412099 268585 4 16 2 10 -1 -1 0000110111100000011000010000000000000000002000000000000000000020000002020000000002000000000010200000000222000000020000000 1
2 0 412099 267813 12 10 13 9 -1 -1 0001110111100000010000010000000000000000002000000000000000000020000002020000000002000000000010200000000222000000020000000 1
1 0 409917 267813 2 12 1 13 -1 -1 0001110111100000010000010000000000000000002000000000000000000020000002020000000002000000000010200000000022000002020000000 1
2 0 409917 266408 12 14 14 12 -1 -1 0011010111100000010000010000000000000000002000000000000000000020000002020000000002000000000010200000000022000002020000000 1
1 0 407387 266408 4 14 2 12 -1 -1 0011010111100000010000010000000000000000002000000000000000000020000002020000000002000000000010200000000020000002020020000 1
2 0 407387 265087 13 13 15 11 -1 -1 0011110111100000000000010000000000000000002000000000000000000020000002020000000002000000000010200000000020000002020020000 1
1 0 405376 265087 11 13 10 12 -1 -1 0011110111100000000000010000000000000000002000000000000000000020000002020000000002000000000010200000000020000002000020200 1
2 0 405376 264686 9 11 15 13 -1 -1 0011110111100000000000010000000000000000002000000000000000000020000002020000000012000000000000200000000020000002000020200 1
1 0 403771 264686 10 12 8 14 -1 -1 0011110111100000000000010000000000000000002000000000000000000020000000020000000012000000000000200000000020000002000020220 1
2 0 403771 264111 6 16 7 17 -1 -1 0011110111100000000000010000000000000000002000000000000000000120000000020000000002000000000000200000000020000002000020220 1
1 0 402756 264111 5 1 4 2 -1 -1 0011110111100000000000010000000000000000000000000000020000000120000000020000000002000000000000200000000020000002000020220 1
2 0 402756 263895 15 13 16 12 -1 -1 0011110111110000000000000000000000000000000000000000020000000120000000020000000002000000000000200000000020000002000020220 1
1 0 401432 263895 4 0 4 4 -1 -1 0011110111110000000000000000000000000000000000000000020000000120000000020000000002000000000000200000000020000002000020202 1
2 0 401432 263564 9 15 15 13 -1 -1 0011110111011000000000000000000000000000000000000000020000000120000000020000000002000000000000200000000020000002000020202 1
1 0 399837 263564 8 14 9 15 -1 -1 0011110111011000000000000000000000000000000000000000020000000120000000000000000002000000000000200000000020000002000020222 1
2 0 399837 263477 11 17 12 16 -1 -1 0011110111011000000000000000000000000000000000000000020000000020000000010000000002000000000000200000000020000002000020222 1
1 0 398942 263477 2 10 3 9 -1 -1 0011110111011000000000000000000000000000000000000000020000000020000000010000000002000000000000000000000020200002000020222 1
2 0 398942 263391 12 12 13 13 -1 -1 0010111111011000000000000000000000000000000000000000020000000020000000010000000002000000000000000000000020200002000020222 1
1 0 397717 263391 4 2 4 6 -1 -1 0010111111011000000000000000000000000000000000000000020000000020000000010000000002000000000000000000000000200002020020222 1
2 0 397717 263337 13 9 14 10 -1 -1 0010111111001100000000000000000000000000000000000000020000000020000000010000000002000000000000000000000000200002020020222 1
1 0 396896 263337 4 4 2 10 -1 -1 0010111111001100000000000000000000000000000000000000020000000020000000010000000002000000000000000000000000200000020220222 1
2 0 396896 263284 10 14 11 13 -1 -1 0011111111000100000000000000000000000000000000000000020000000020000000010000000002000000000000000000000000200000020220222 1
1 0 395812 263284 9 15 10 14 -1 -1 0011111111000100000000000000000000000000000000000000020000000020000000010000000000000000000020000000000000200000020220222 1
2 0 395812 263189 11 13 12 12 -1 -1 0011111111000100000000000000000000000000000000000000020000000020000000000000000001000000000020000000000000200000020220222 1
1 0 395050 263189 10 14 9 13 -1 -1 0011111111000100000000000000000000000000000000000000020000000020000000000000000001000000000000000000000020200000020220222 1
2 0 395050 263138 7 17 9 15 -1 -1 0011111111000100000000000000000000000000000000000000020000000020000000100000000000000000000000000000000020200000020220222 1
1 0 394228 263138 9 13 7 15 -1 -1 0011111111000100000000000000000000000000000000000000000000000020000000120000000000000000000000000000000020200000020220222 1
2 0 394228 263033 8 16 10 14 -1 -1 0011111111000100000000000000000000000000000000000000100000000020000000020000000000000000000000000000000020200000020220222 1
1 0 393368 263033 7 15 6 14 -1 -1 0011111111000100000000000000000000000000000000000000100000000000000000020000000002000000000000000000000020200000020220222 1
2 0 393368 262981 9 15 13 15 -1 -1 0011111111000100000000000000000000000000010000000000000000000000000000020000000002000000000000000000000020200000020220222 1
1 0 392812 262981 2 10 1 11 -1 -1 0011111111000100000000000000000000000000010000000000000000000000000000000000000002000000000000000000000020200000022220222 1
2 0 392812 262939 10 14 11 13 -1 -1 0110111111000100000000000000000000000000010000000000000000000000000000000000000002000000000000000000000020200000022220222 1
1 0 392155 262939 6 14 5 13 -1 -1 0110111111000100000000000000000000000000010000000000000000000000000000000000000000000000000020000000000020200000022220222 1
2 0 392155 262914 11 13 13 11 -1 -1 0110111111000100000000000000010000000000000000000000000000000000000000000000000000000000000020000000000020200000022220222 1
1 0 391719 262914 4 6 4 8 -1 -1 0110111111000100000000000000010000000000000000000000000000000000000000000000000000000000000000000000000020200000222220222 1
2 0 391719 262882 13 13 14 14 -1 -1 0110111111000010000000000000010000000000000000000000000000000000000000000000000000000000000000000000000020200000222220222 1
1 0 391294 262882 5 13 4 12 -1 -1 0110111111000010000000000000010000000000000000000000000000000000000000000000000000000000000000000000000020200000202222222 1
2 0 391294 262865 12 12 13 13 -1 -1 0110111111000010100000000000000000000000000000000000000000000000000000000000000000000000000000000000000020200000202222222 1
1 0 391065 262865 4 12 0 12 -1 -1 0110111111000010100000000000000000000000000000000000000000000000000000000000000000000000000000000000000000200000222222222 1
2 0 391065 232872 13 13 13 9 -1 -1 1110111111000010000000000000000000000000000000000000000000000000000000000000000000000000000000000000000000200000222222222 1
1 0 390990 232872 4 8 2 10 -1 -1 1110111111000010000000000000000000000000000000000000000000000000000000000000000000000000000000000000000000200002202222222 1
