1322295109000
kingfish
progamers
1 0 599814 600000 14 10 12 12 -1 -1 2222222222000000000000000000000000000000000000000000000000000000000000000000000000000000000000000000000000000001111111111 2
2 0 599814 599499 3 9 4 10 -1 -1 2222222222000000000000000000000000000000000000000000000000000000000000000000000000000000000000000000000010000001111011111 2
1 0 599812 599499 16 12 12 8 -1 -1 2222220222000002000000000000000000000000000000000000000000000000000000000000000000000000000000000000000010000001111011111 2
2 0 599812 598543 1 11 5 11 -1 -1 2222220222000002000000000000000000000000000000000000000000000000000000000000000000000000000000000000001010000001111011110 2
1 0 599811 598543 13 13 11 11 -1 -1 2022220222000002000000000000200000000000000000000000000000000000000000000000000000000000000000000000001010000001111011110 2
2 0 599811 595847 2 14 6 10 -1 -1 2022220222000002000000000000200000000000000000000000000000000000000000000000000000000000000100000000001010000001101011110 2
1 0 599809 595847 14 12 10 12 -1 -1 2022200222000002000000000000200000000002000000000000000000000000000000000000000000000000000100000000001010000001101011110 2
2 0 599809 595685 3 11 5 13 -1 -1 2022200222000002000000000000200000000002000000000000000000000000000000000000000010000000000100000000001010000001101001110 2
1 0 599808 595685 13 11 9 11 -1 -1 2022200022000002000000000000220000000002000000000000000000000000000000000000000010000000000100000000001010000001101001110 2
2 0 599808 595364 0 12 6 14 -1 -1 2022200022000002000000000000220000000002000000000000000000000000000001000000000010000000000100000000001010000001001001110 2
1 0 599629 595364 12 12 8 12 -1 -1 0022200022000002000000000000220000000002020000000000000000000000000001000000000010000000000100000000001010000001001001110 2
2 0 599629 594842 1 13 9 9 -1 -1 0022200022000002000000000000220000000002020000000000000000001000000001000000000010000000000100000000001000000001001001110 2
1 0 591400 594842 11 11 3 11 -1 -1 0002200022000002000000000000220000000002020000000000000000001000000021000000000010000000000100000000001000000001001001110 2
2 0 591400 594215 2 12 6 12 -1 -1 0002200122000002000000000000220000000002020000000000000000001000000021000000000010000000000000000000001000000001001001110 2
1 0 588216 594215 9 11 5 15 -1 -1 0002000122000002000000000000220000000002220000000000000000001000000021000000000010000000000000000000001000000001001001110 2
2 0 588216 593609 5 11 11 13 -1 -1 0002000122000002000000000000221000000002220000000000000000001000000020000000000010000000000000000000001000000001001001110 2
1 0 586244 593609 5 15 1 11 -1 -1 0002000122000002000000000000021000000002220000000000000000001000000020000000000010000000000020000000001000000001001001110 2
2 0 586244 593153 3 13 9 11 -1 -1 0102000122000002000000000000020000000002220000000000000000001000000020000000000010000000000020000000001000000001001001110 2
1 0 581977 593153 10 12 8 14 -1 -1 0102000102000002000000000000020000000002220000000000000000001000000022000000000010000000000020000000001000000001001001110 2
2 0 581977 592554 5 13 9 13 -1 -1 0102000102000002000000000000020000000002220000000000000000001100000022000000000000000000000020000000001000000001001001110 2
1 0 574689 592554 13 9 11 7 -1 -1 0102000102000002000000000000000000000002220000000000000000001100000022200000000000000000000020000000001000000001001001110 2
2 0 574689 592272 2 10 3 9 -1 -1 0102000102000002000000000000000000000002220000000000000000001100000022200000000000000000010020000000001000000000001001110 2
1 0 570024 592272 12 8 10 6 -1 -1 0100002102000002000000000000000000000002220000000000000000001100000022200000000000000000010020000000001000000000001001110 2
2 0 570024 591970 3 9 7 9 -1 -1 0100002102000002000000000000000000000002220000000000000000001100000022200000010000000000010020000000000000000000001001110 2
1 0 565039 591970 8 14 6 8 -1 -1 0100000102000002000000000000000000000002220000000200000000001100000022200000010000000000010020000000000000000000001001110 2
2 0 565039 591169 6 10 7 11 -1 -1 0100000102000002000000000000000000000012220000000200000000001000000022200000010000000000010020000000000000000000001001110 2
1 0 560519 591169 8 12 6 10 -1 -1 0100000102000002000000000000000000000010220000000220000000001000000022200000010000000000010020000000000000000000001001110 2
2 0 560519 590146 6 12 10 12 -1 -1 0100000102000002000000000000000000000011220000000220000000000000000022200000010000000000010020000000000000000000001001110 2
1 0 552540 590146 11 7 10 8 -1 -1 0100000102000002000000000000000000000011020000000220000000000000000022200000010020000000010020000000000000000000001001110 2
2 0 552540 588716 7 11 8 12 -1 -1 0100000102000002000000000000000000000011020000000220000000000000000022200000011020000000000020000000000000000000001001110 2
1 0 547927 588716 10 8 9 7 -1 -1 0100000102000002000000000000000000000011020000000200000000002000000022200000011020000000000020000000000000000000001001110 2
2 0 547927 587978 8 12 12 12 -1 -1 0100000102000002000000000000000000000011020000000200000000002000000122200000010020000000000020000000000000000000001001110 2
1 0 544279 587978 6 10 5 11 -1 -1 0100000102000002000000000000000000000011020000000200000000000000000122200000010020000000000020000000000020000000001001110 2
2 0 544279 586736 7 9 8 8 -1 -1 0100000102000002000000000000100000000010020000000200000000000000000122200000010020000000000020000000000020000000001001110 2
1 0 541508 586736 5 11 5 9 -1 -1 0100000102000002000000000000100000000010020000000000000000200000000122200000010020000000000020000000000020000000001001110 2
2 0 541508 585903 4 10 5 11 -1 -1 0100000102000002000000000001000000000010020000000000000000200000000122200000010020000000000020000000000020000000001001110 2
1 0 539542 585903 9 7 5 7 -1 -1 0100000102000000000000000001200000000010020000000000000000200000000122200000010020000000000020000000000020000000001001110 2
2 0 539542 585284 8 8 10 10 -1 -1 0100000102000000000000000011200000000010020000000000000000200000000022200000010020000000000020000000000020000000001001110 2
1 0 537207 585284 14 14 13 13 -1 -1 0100000102000000000000000011200000000010020000000000000000000000000022200000010220000000000020000000000020000000001001110 2
2 0 537207 584613 9 9 11 11 -1 -1 0100000102000000000000000011200000000010020000000000000000000000000022200000010220000000000020000000000020000000011000110 2
1 0 535483 584613 6 8 2 12 -1 -1 0100000102000000000000000011200000000010020000000000000000000000000002200000010220000000000220000000000020000000011000110 2
2 0 535483 583640 3 15 2 14 -1 -1 0100100102000000000000000011200000000000020000000000000000000000000002200000010220000000000220000000000020000000011000110 2
1 0 532949 583640 5 9 4 8 -1 -1 0100120100000000000000000011200000000000020000000000000000000000000002200000010220000000000220000000000020000000011000110 2
2 0 532949 583537 2 14 6 10 -1 -1 0100120100000010000000000010200000000000020000000000000000000000000002200000010220000000000220000000000020000000011000110 2
1 0 530782 583537 5 7 3 13 -1 -1 0100100100000010000000000010200000000002020000000000000000000000000002200000010220000000000220000000000020000000011000110 2
2 0 530782 582650 5 11 7 9 -1 -1 0100100110000010000000000000200000000002020000000000000000000000000002200000010220000000000220000000000020000000011000110 2
1 0 528528 582650 4 8 3 9 -1 -1 0100100110000010000000000000000000000002020000000200000000000000000002200000010220000000000220000000000020000000011000110 2
2 0 528528 582183 7 9 7 11 -1 -1 0100101110000000000000000000000000000002020000000200000000000000000002200000010220000000000220000000000020000000011000110 2
1 0 526085 582183 15 13 14 12 -1 -1 0100101110000000000000000000000000000002020000000020000000000000000002200000010220000000000220000000000020000000011000110 2
2 0 526085 581861 6 10 10 14 -1 -1 0100101110000000000000000000000000000002020000000020000000000000000002200000010220000000000220000000000020000000011010100 2
1 0 523657 581861 14 12 12 14 -1 -1 0100101110000000000000000000000000000000020000000020000000000000000002200000010222000000000220000000000020000000011010100 2
2 0 523657 581630 9 13 11 15 -1 -1 0100101110000000000000000000000000000000020000000020000000000000000002200000010222000000000220000000000021000000011000100 2
1 0 521260 581630 13 15 13 11 -1 -1 0100101110000000000000000000000000000000020000000020000000000000000002000000010222000000000222000000000021000000011000100 2
2 0 521260 580903 12 12 16 12 -1 -1 0100101110000000000000000000000000000000020000000020000000000000000002000000010222000000000222000000000021000000110000100 2
1 0 516864 580903 15 11 14 10 -1 -1 0100101110000000000000000000000000000000020000000020000000000000000002000000010222000000000222000000000001000000110000102 2
2 0 516864 579749 10 10 12 12 -1 -1 0100101110000000000000000000000000000000020000000020000000000000000002000000010222000000000222000000000001000000110100002 2
1 0 513295 579749 14 10 13 9 -1 -1 0100101110000000000000000000000000000000020000000020000000000000000002000000010022000000000222000000000021000000110100002 2
2 0 513295 579573 7 11 7 13 -1 -1 0100101110000000000000000000000000000000020000000020000000000000000002000000010022000000000222000000000021000001110000002 2
1 0 511290 579573 13 9 12 8 -1 -1 0100101110000000000000000000000000000000020000000002000000000000000002000000010022000000000222000000000021000001110000002 2
2 0 511290 579325 12 12 14 14 -1 -1 0100101110000000000000000000000000000000020000000002000000000000000002000000010022000000000222000000001021000000110000002 2
1 0 508226 579325 12 14 12 12 -1 -1 0100101110000000000000000000000000000000020000000002000000000000000002000000010022000000000222000000001001000000110002002 2
2 0 508226 579173 6 14 10 10 -1 -1 0100101110000000000000000000000000000000020000000002000000000000000002000000010022000000000222000000001010000000110002002 2
1 0 506825 579173 13 13 9 5 -1 -1 0100101110000000000000000000000000000000000000000002000000000000000002000000010222000000000222000000001010000000110002002 2
2 0 506825 578554 10 12 14 12 -1 -1 0100101110000000000000000000000000000000000000000002000000000000001002000000010222000000000222000000001010000000100002002 2
1 0 504123 578554 10 6 8 4 -1 -1 0100101110000000000000000000000000000000000000000002000000000000001002000000010202000000000222000000001010000000100022002 2
2 0 504123 577807 11 11 15 11 -1 -1 0100101110000000000000000000000000000000000000000002000010000000001002000000000202000000000222000000001010000000100022002 2
1 0 502344 577807 13 11 13 13 -1 -1 0100101110000000000000000000000000000000000000000002000010000000001002000000000202000000000022000000001010000000100022202 2
2 0 502344 575444 11 13 11 11 -1 -1 0100101110000000000000000000000000000000000000000002000010000000001002000000000202000000000022000000001010000000010022202 2
1 0 500432 575444 12 8 11 9 -1 -1 0100101110000000000000000000000000000000000000000002000010000000001002000000000202000000000202000000001010000000010022202 2
2 0 500432 574860 10 14 10 12 -1 -1 0100101110000000000000000000000000000000000000000002000010000000001002000000000202000000001202000000000010000000010022202 2
1 0 498604 574860 12 12 11 13 -1 -1 0100101110000000000000000000000000000000000000000002000010000000001002000000000220000000001202000000000010000000010022202 2
2 0 498604 574294 7 13 8 12 -1 -1 0100101110000000000000000000000000000000000000000002000010000000001002000000000220000000001212000000000000000000010022202 2
1 0 497387 574294 9 5 7 3 -1 -1 0100101110000000000000000000000000000000000000000000000010002000001002000000000220000000001212000000000000000000010022202 2
2 0 497387 573831 10 10 12 12 -1 -1 0100101110000000000000000000000000000000000000100000000010002000000002000000000220000000001212000000000000000000010022202 2
1 0 495185 573831 11 9 10 10 -1 -1 0100101110000000000000000000000000000000000000100000000010002000000002000000000020000000001212000000000020000000010022202 2
2 0 495185 573682 8 12 9 13 -1 -1 0100101110000000000000000000000000000000000000100000000010002000000002000000000120000000000212000000000020000000010022202 2
1 0 493305 573682 10 10 8 12 -1 -1 0100101110000000000000000000000000000000000000100000000010000000000002200000000120000000000212000000000020000000010022202 2
2 0 493305 573546 11 11 12 10 -1 -1 0100101110000000000000000000000000000000000000100000000010001000000002200000000020000000000212000000000020000000010022202 2
1 0 490551 573546 13 13 11 11 -1 -1 0100101110000000000000000000000000000000000000100000000010001000000002200000000020000000000012000000000220000000010022202 2
2 0 490551 573397 9 11 10 10 -1 -1 0100101110000000000000000000000000000000000000100000000010001000000002200000000020000000000112000000000220000000000022202 2
1 0 487768 573397 8 4 6 2 -1 -1 0100101110000000000000000000000000000000000000100000000010001000000000200000000220000000000112000000000220000000000022202 2
2 0 487768 573243 9 13 9 11 -1 -1 0100101110000000000000000000000000010000000000100000000000001000000000200000000220000000000112000000000220000000000022202 2
1 0 484638 573243 7 3 5 1 -1 -1 0100101110000000000000000000000000010000000000100000000000001000000002000000000220000000000112000000000220000000000022202 2
2 0 484638 573078 9 11 15 13 -1 -1 0100101110000000000000010000000000010000000000000000000000001000000002000000000220000000000112000000000220000000000022202 2
1 0 482345 573078 11 11 7 11 -1 -1 0100101110000000000000010000000000010000000000000000000000001000000000000000000220000000000112000000000220000000000022222 2
2 0 482345 572856 11 15 13 13 -1 -1 0100101110000000000000010000000000010000000000000010000000001000000000000000000220000000000012000000000220000000000022222 2
1 0 478324 572856 11 13 7 9 -1 -1 0100101110000000000000010000000000010000000000000010000000001000000000000000000220000000000010000000000220000000020022222 2
2 0 478324 572729 10 12 11 11 -1 -1 0100101110000000000000010000000000010000000000000110000000001000000000000000000220000000000000000000000220000000020022222 2
1 0 476520 572729 7 9 6 10 -1 -1 0100101110000000000000010000000000010000000000000110000000001000000000000000000200000000000200000000000220000000020022222 2
2 0 476520 572620 12 12 13 11 -1 -1 0100101110000000000000010000000000010001000000000010000000001000000000000000000200000000000200000000000220000000020022222 2
1 0 475638 572620 6 2 4 0 -1 -1 0100101110000000000000010000000000010001000000000010000000001000000000000000000200000000000200000000000200000000220022222 2
2 0 475638 572494 10 10 14 10 -1 -1 0100101110100000000000010000000000000001000000000010000000001000000000000000000200000000000200000000000200000000220022222 2
1 0 475064 572494 5 1 4 2 -1 -1 0100101110100000000000010000000000000001000000000010000000001000000000000000000000000000000200000000000200000000220222222 2
2 0 475064 572440 11 11 13 9 -1 -1 0100101110110000000000000000000000000001000000000010000000001000000000000000000000000000000200000000000200000000220222222 2
1 0 474301 572440 6 10 5 9 -1 -1 0100101110110000000000000000000000000001000000000010000000001000000000000000000000000000000000000000000200000002220222222 2
2 0 474301 572439 13 11 13 15 -1 -1 0100101110110000000000000001000000000000000000000010000000001000000000000000000000000000000000000000000200000002220222222 2
1 0 474085 572439 8 12 0 12 -1 -1 0100101110110000000000000001000000000000000000000010000000001000000000000000000000000000000000000000000200000002022222222 2
2 0 474085 572438 12 10 13 11 -1 -1 1100101110110000000000000001000000000000000000000010000000000000000000000000000000000000000000000000000200000002022222222 2
