1322295815000
googolhex
kingfish
1 0 599535 600000 13 11 12 10 -1 -1 2222222222000000000000000000000000000000000000000000000000000000000000000000000000000000000000000000000000000001111111111 2
2 0 599535 599903 2 14 4 12 -1 -1 2222222222000000000000000000000000000000000000000000000000000000000000000000000000000000000000000000000100000001011111111 2
1 0 598847 599903 13 15 11 9 -1 -1 2222202222000000200000000000000000000000000000000000000000000000000000000000000000000000000000000000000100000001011111111 2
2 0 598847 599902 0 12 4 16 -1 -1 2222202222000000200000000000000000000000000000000000000000000000000000000000000000000000001000000000000100000001010111111 2
1 0 597855 599902 14 14 10 10 -1 -1 0222202222000000202000000000000000000000000000000000000000000000000000000000000000000000001000000000000100000001010111111 2
2 0 597855 599901 3 11 5 13 -1 -1 0222202222000000202000000000000000000000000000000000000000000000000000000000000100000000001000000000000100000001010110111 2
1 0 595431 599901 16 12 12 12 -1 -1 0222202022000000202000000000020000000000000000000000000000000000000000000000000100000000001000000000000100000001010110111 2
2 0 595431 599900 2 12 6 12 -1 -1 0222202022000000202000000000020000000000000000000000000000000000000000000000000100000000001000000000000110000001010110110 2
1 0 591110 599900 15 13 11 13 -1 -1 0222002022000000202000000000020000000000200000000000000000000000000000000000000100000000001000000000000110000001010110110 2
2 0 591110 599899 3 13 7 13 -1 -1 0222002022000000202000000000020000000000200000000000000000000000000000000000000100000000001010000000000110000001010110100 2
1 0 583852 599899 14 12 10 8 -1 -1 0222002002000000202000000000020000000000200000000002000000000000000000000000000100000000001010000000000110000001010110100 2
2 0 583852 599724 4 12 8 12 -1 -1 0222002002000000202000000000020000000000200000000002000000000000000000000000001100000000001010000000000110000001010100100 2
1 0 577555 599724 13 13 9 9 -1 -1 0222002002000000002000000000020000000000200000000002000000002000000000000000001100000000001010000000000110000001010100100 2
2 0 577555 593771 3 9 4 10 -1 -1 0222002002000000002000000000020000000000200000000002000000002000000010000000001100000000001010000000000110000001000100100 2
1 0 571948 593771 12 12 12 8 -1 -1 0222000002000002002000000000020000000000200000000002000000002000000010000000001100000000001010000000000110000001000100100 2
2 0 571948 590965 1 11 5 15 -1 -1 0222000002000002002000000000020000000000200000000002000000002000000010000000001100000000001010000000001100000001000100100 2
1 0 569082 590965 11 13 10 12 -1 -1 0022000002000002002000000000022000000000200000000002000000002000000010000000001100000000001010000000001100000001000100100 2
2 0 569082 584972 5 13 11 11 -1 -1 0022000002000002002000000000022000000000200000000002000000002000000010000000001110000000001000000000001100000001000100100 2
1 0 567785 584972 9 9 8 8 -1 -1 0022000002000002002000000000002000000000200000000002000000002000000010000000001110000000001200000000001100000001000100100 2
2 0 567785 581506 3 15 7 11 -1 -1 0022000002000002002000000000002000000000200000000002000000102000000000000000001110000000001200000000001100000001000100100 2
1 0 566546 581506 13 9 9 9 -1 -1 0022000000000002002000000000002000000000200000000022000000102000000000000000001110000000001200000000001100000001000100100 2
2 0 566546 576684 11 11 13 9 -1 -1 0022000000000002002000000000002000000000200000000022000000102000000010000000001110000000001200000000001100000000000100100 2
1 0 564935 576684 14 10 13 11 -1 -1 0022000000000002002000000000002000000000200000000022000000102000000010000000001110000000001000000000001100000002000100100 2
2 0 564935 571668 4 16 6 14 -1 -1 0022000000000002002000000000002000000000200000000022000000102000000010000000001110000000001000000000001100000002100000100 2
1 0 562660 571668 15 11 14 10 -1 -1 0022000000000002000000000000002000000000220000000022000000102000000010000000001110000000001000000000001100000002100000100 2
2 0 562660 567597 2 10 3 9 -1 -1 0022000000000002000000000000002000000000220000000022000000102000000010000000001110000000001000000000001100000002100100000 2
1 0 561049 567597 11 9 9 11 -1 -1 0020002000000002000000000000002000000000220000000022000000102000000010000000001110000000001000000000001100000002100100000 2
2 0 561049 562462 7 13 11 9 -1 -1 0020002000000002000000000000002000000000220000000022000000102000000011000000001110000000000000000000001100000002100100000 2
1 0 553275 562462 10 12 8 10 -1 -1 0020002000000002000000000000002000000000220000000020000000102000000011000000001110000000002000000000001100000002100100000 2
2 0 553275 559483 3 9 7 13 -1 -1 0020002000000002000000000000002000000000220000000020000000112000000011000000001100000000002000000000001100000002100100000 2
1 0 550106 559483 14 10 12 12 -1 -1 0020000000000002000000000000002000000000220000000022000000112000000011000000001100000000002000000000001100000002100100000 2
2 0 550106 555586 1 13 2 12 -1 -1 0020000000000002000000000000002000000000220000000022000000112000000011000000001100000000002000000000001110000002100000000 2
1 0 545678 555586 9 11 7 9 -1 -1 0000200000000002000000000000002000000000220000000022000000112000000011000000001100000000002000000000001110000002100000000 2
2 0 545678 551710 8 12 9 13 -1 -1 0000200000000002000000000000002000000000220000000122000000112000000010000000001100000000002000000000001110000002100000000 2
1 0 538219 551710 12 12 11 11 -1 -1 0000200000000002000000000000002000000000220000000122000000110000000010200000001100000000002000000000001110000002100000000 2
2 0 538219 548364 6 14 10 14 -1 -1 0000200000000002000000000000002000000000220000000122000000110000000010200000001100000000002100000000001100000002100000000 2
1 0 529208 548364 12 10 10 12 -1 -1 0000200000000002000000000000002000000000200000000122000000110000000010200000001102000000002100000000001100000002100000000 2
2 0 529208 543858 6 12 8 14 -1 -1 0000200000000002000000000000002000000000200000000122000000110000000010200000001112000000002100000000001000000002100000000 2
1 0 519736 543858 10 12 9 11 -1 -1 0000200000000002000000000000002000000000000000000122000000110200000010200000001112000000002100000000001000000002100000000 2
2 0 519736 537865 7 13 11 13 -1 -1 0000200000000002000000000000002000000000000000000122000000110200000011200000001102000000002100000000001000000002100000000 2
1 0 508074 537865 10 10 6 10 -1 -1 0000200000000002000000000000002000000000000000000120000000110200000011200000001102000000002120000000001000000002100000000 2
2 0 508074 530554 8 14 12 14 -1 -1 0000200000000002000000000000002000000001000000000120000000110200000011200000001002000000002120000000001000000002100000000 2
1 0 499482 530554 13 11 14 10 -1 -1 0000200000000002000000000000002000000001000000000120000000110000000011200000001002000000002120000000001002000002100000000 2
2 0 499482 525084 9 13 13 13 -1 -1 0000200000000002000000000000002000000001000000000120000000110000000011200000001002000000002120000000001002000002000100000 2
1 0 492735 525084 6 10 5 11 -1 -1 0000200000000002000000000000002000000001000000000120000000110000000011000000001002000000002120000000001002000002020100000 2
2 0 492735 519159 7 11 8 12 -1 -1 0000200000000002000000000000102000000000000000000120000000110000000011000000001002000000002120000000001002000002020100000 2
1 0 485711 519159 8 8 4 12 -1 -1 0000200000000002000000000000102000000000000000000100000000112000000011000000001002000000002120000000001002000002020100000 2
2 0 485711 513858 8 12 10 10 -1 -1 0000200000000002100000000000102000000000000000000100000000012000000011000000001002000000002120000000001002000002020100000 2
1 0 480959 513858 14 10 13 11 -1 -1 0000200000000002100000000000102000000000000000000100000000010000000011000000001202000000002120000000001002000002020100000 2
2 0 480959 507414 10 14 14 14 -1 -1 0000200000000002100000000000102000000000000000000100000000010000000011000000001202000000002120000000001002000002120000000 2
1 0 474689 507414 13 11 12 10 -1 -1 0000200000000002100000000000102000000000000000000100000000010000000011000000001200000000002120000000001002000002120002000 2
2 0 474689 501799 11 9 13 11 -1 -1 0000200000000002100000000000102000000000000000000100000000010000000011000000001200000000002120000000001102000002020002000 2
1 0 469440 501799 12 10 11 9 -1 -1 0000200000000002100000000000102000000000000000000100000000010000000011000000001200000000000120000000001102000002220002000 2
2 0 469440 495087 11 13 15 13 -1 -1 0000200000000002100000000000102000000000000000000100000000010000000011000000001200000000001120000000001002000002220002000 2
1 0 469439 495087 9 9 1 13 6 8 0000200000000002100000000000102000000000000000000100000000010000000011000000001200000000001100000000001002000002220002020 2
2 0 469439 492323 2 12 3 11 -1 -1 0010200000000002100000000000102000000030000000000100000000010000000001000000001200000000001100000000001002000002220002020 2
1 0 469438 492323 11 11 3 15 4 14 0010000200000002100000000000102000000030000000000100000000010000000001000000001200000000001100000000001002000002220002020 2
2 0 469438 487432 3 11 11 11 -1 -1 0010000201000002130000000000102000000030000000000100000000010000000001000000001200000000001000000000001002000002220002020 2
1 0 469437 487432 4 12 0 12 -1 -1 0010000001000002130000000000102000000030000000000100000000010000000001000000001200000000001200000000001002000002220002020 2
2 0 469437 480182 10 10 14 10 -1 -1 1010000001000002030000000000102000000030000000000100000000010000000001000000001200000000001200000000001002000002220002020 2
1 0 469436 480182 12 8 2 14 -1 -1 1010000001000002030000000000102000000030000000000100000000010000000001000000001000000000001200000000001002000002220202020 2
2 0 469436 476175 4 10 6 12 -1 -1 1010010001000002030000000000102000000030000000000100000000010000000001000000001000000000001200000000000002000002220202020 2
1 0 469436 476175 11 9 9 7 -1 -1 1010010001000000030000000000102000000030200000000100000000010000000001000000001000000000001200000000000002000002220202020 2
2 0 469436 471845 5 15 6 14 -1 -1 1010010001000000030000000000102000000030200000000100000000010000000101000000001000000000000200000000000002000002220202020 2
1 0 469435 471845 10 8 8 6 -1 -1 1010010001000000030000000000100000000030220000000100000000010000000101000000001000000000000200000000000002000002220202020 2
2 0 469435 466459 6 14 12 12 -1 -1 1010010001000000030000000000100000000030220000000100000001010000000101000000000000000000000200000000000002000002220202020 2
1 0 469435 466459 9 7 7 5 -1 -1 1010010001000000030000000000100000000030200000000100000001010000000101000000000000000000000200000000000022000002220202020 2
2 0 469435 463876 6 12 6 10 -1 -1 1010010001000000030000000000100000000030200000010100000001010000000001000000000000000000000200000000000022000002220202020 2
1 0 469434 463876 7 9 5 7 -1 -1 1010010001000000030000000000100000000032000000010100000001010000000001000000000000000000000200000000000022000002220202020 2
2 0 469434 461894 6 10 10 10 -1 -1 1010010001000000030000000010100000000032000000010000000001010000000001000000000000000000000200000000000022000002220202020 2
1 0 469433 461894 9 11 7 9 -1 -1 1010010001000000030000000010100000000030000000010000000001010000000001000000000200000000000200000000000022000002220202020 2
2 0 469433 459506 10 10 11 9 -1 -1 1010010001000000030000000010100000000030000000010100000001010000000000000000000200000000000200000000000022000002220202020 2
1 0 469432 459506 8 10 7 11 -1 -1 1010010001000000030000000010100000000030000000010100000001010000000000000000000000000000002200000000000022000002220202020 2
2 0 469432 458607 11 9 13 15 -1 -1 1010010001000000030000000010100000000030000000010110000001000000000000000000000000000000002200000000000022000002220202020 2
1 0 469431 458607 7 11 5 9 -1 -1 1010010001000000030000000010100000000030000000010110000001000000000000000000000000000000000200000000000022000002222202020 2
2 0 469431 458030 12 14 14 12 -1 -1 1010010001000000030000000011100000000030000000010100000001000000000000000000000000000000000200000000000022000002222202020 2
1 0 469431 458030 8 6 6 4 -1 -1 1010010001000000030000000011100000000030000000010100000001000000000000000000000000000000000200000000000020000002222222020 2
2 0 469431 457221 13 13 15 11 -1 -1 1010010001000000030000000011100000001030000000010100000000000000000000000000000000000000000200000000000020000002222222020 2
1 0 469430 457221 7 5 6 6 -1 -1 1010010001000000030000000011100000001030000000010100000000000000000000000000000000000000000200000000000020000002202222220 2
2 0 469430 456760 11 11 13 13 -1 -1 1010010001000000030000000011100000001130000000000100000000000000000000000000000000000000000200000000000020000002202222220 2
1 0 469429 456760 6 6 4 16 -1 -1 1010010001000000030000000011100000001130000000000100000000000000000000000000000000000000000000000000000020000002222222220 2
2 0 469429 456516 14 14 16 12 -1 -1 1010010001000000031000000011100000001030000000000100000000000000000000000000000000000000000000000000000020000002222222220 2
1 0 469428 456516 7 9 6 10 -1 -1 1010010001000000031000000011100000001030000000000100000000000000000000000000000000000000000000000000000020000002222220222 2
2 0 469428 456258 12 12 14 14 -1 -1 1010010001000000031000000011100000001031000000000000000000000000000000000000000000000000000000000000000020000002222220222 2
