1322289903000
kingfish
benny
1 0 599823 600000 14 10 12 12 -1 -1 2222222222000000000000000000000000000000000000000000000000000000000000000000000000000000000000000000000000000001111111111 1
2 0 599823 599997 2 12 4 14 -1 -1 2222222222000000000000000000000000000000000000000000000000000000000000000000000000000000000000000000000010000001111011111 1
1 0 599821 599997 16 12 12 8 -1 -1 2222022222000000020000000000000000000000000000000000000000000000000000000000000000000000000000000000000010000001111011111 1
2 0 599821 599996 3 13 5 15 -1 -1 2222022222000000020000000000000000000000000000000000000000000000000000000000000000000000000000000000001010000001111011110 1
1 0 599820 599996 13 13 11 11 -1 -1 2222022202000000020000000000002000000000000000000000000000000000000000000000000000000000000000000000001010000001111011110 1
2 0 599820 599995 2 14 6 14 -1 -1 2222022202000000020000000000002000000000000000000000000000000000000000000000000000000000000100000000001010000001101011110 1
1 0 599819 599995 14 12 10 12 -1 -1 2222002202000000020000000000002000000000020000000000000000000000000000000000000000000000000100000000001010000001101011110 1
2 0 599819 599994 3 15 7 15 11 15 2222002202000000020000000000002000000000020000000000000000000000000000000000000010000000000100000000001010000001101001110 1
1 0 599818 599994 13 11 9 11 -1 -1 2222002200000000020000000000002000000000020000000000200000000000000000000000000010000000000103000000001010000001101001110 1
2 0 599818 599993 4 14 8 14 -1 -1 2222002200000000020000000000002000000000020000000000200000000000000001000000000010000000000103000000001010000001001001110 1
1 0 593870 599993 14 14 8 16 -1 -1 2222002200000000000000000000002000000000020000000000200000000200000001000000000010000000000103000000001010000001001001110 1
2 0 593870 599992 5 15 9 15 8 8 2222002200000000000000000000002000000000020000000000200000000210000001000000000010000000000103000000001010000001001000110 1
1 0 586134 599992 15 13 14 14 -1 -1 2222002200000000000000000000000000000000020000000000200000300210000001020000000010000000000103000000001010000001001000110 1
2 0 586134 599991 8 14 12 14 -1 -1 2222002200000000000000000000000000000000020000000000200000300210000001020000000010000000000103000000001010000001001001100 1
1 0 580314 599991 14 14 8 12 -1 -1 2222002200000000000000000000000000000000020000000000200000300010000001020000000010000000000103000000001012000001001001100 1
2 0 580314 599990 7 15 9 9 -1 -1 2222002200000000000000000000000000000000020000000000200000301010000001020000000010000000000103000000001012000001001000100 1
1 0 576967 599990 9 11 5 15 -1 -1 2222002200000000000000000000000000000000020000000000000000301010000021020000000010000000000103000000001012000001001000100 1
2 0 576967 599989 2 10 4 8 -1 -1 2222002200000000000000000000001000000000020000000000000000301010000020020000000010000000000103000000001012000001001000100 1
1 0 571667 599989 11 11 5 13 -1 -1 2220002200000020000000000000001000000000020000000000000000301010000020020000000010000000000103000000001012000001001000100 1
2 0 571667 599988 0 12 4 12 -1 -1 2220002200000020000000000000011000000000020000000000000000301010000020020000000010000000000003000000001012000001001000100 1
1 0 562879 599988 13 15 7 13 -1 -1 0220002200000020200000000000011000000000020000000000000000301010000020020000000010000000000003000000001012000001001000100 1
2 0 562879 599987 3 9 5 11 -1 -1 0220002200000020200000000000011000000000020000000001000000301010000020020000000010000000000003000000001012000001000000100 1
1 0 550871 599987 12 12 10 10 -1 -1 0220000200000020200000000000211000000000020000000001000000301010000020020000000010000000000003000000001012000001000000100 1
2 0 550871 599986 9 9 11 11 -1 -1 0220000200000020200000000000211000000000020000000001000000301010000020020000000110000000000003000000001002000001000000100 1
1 0 538782 599986 10 10 9 11 -1 -1 0220000200000020200000000000211000000000020000000001000000301010000000020000000110000000000203000000001002000001000000100 1
2 0 538782 599985 4 12 6 10 -1 -1 0220000200000020200000000000211000000000020000000001000000301010000001020000000010000000000203000000001002000001000000100 1
1 0 528771 599985 10 12 2 12 -1 -1 0220000200000020000000000000211000000002020000000001000000301010000001020000000010000000000203000000001002000001000000100 1
2 0 528771 599984 5 11 9 7 -1 -1 0220100200000020000000000000211000000002020000000001000000301010000001020000000000000000000203000000001002000001000000100 1
1 0 519025 599984 12 8 12 10 -1 -1 0220100200000020000000000000011000000002020000000001000000301010000201020000000000000000000203000000001002000001000000100 1
2 0 519025 599983 1 11 5 7 -1 -1 0220100200000020000000000000011000000002020000000001000000301010000201020000000000000000000203000000000102000001000000100 1
1 0 499454 599983 12 10 4 6 -1 -1 0020100200000020000000000020011000000002020000000001000000301010000201020000000000000000000203000000000102000001000000100 1
2 0 499454 599982 4 8 6 6 -1 -1 0020100200000120000000000020011000000002020000000001000000301010000201020000000000000000000203000000000002000001000000100 1
1 0 487969 599982 5 15 4 14 -1 -1 0020100200000100000000000020011000000202020000000001000000301010000201020000000000000000000203000000000002000001000000100 1
2 0 487969 599981 5 7 7 5 -1 -1 0020100200000100010000000020010000000202020000000001000000301010000201020000000000000000000203000000000002000001000000100 1
1 0 473366 599981 7 13 1 11 -1 -1 0020100200000100010000000000010000000202020000020001000000301010000201020000000000000000000203000000000002000001000000100 1
2 0 473366 599980 6 6 8 4 -1 -1 0120100200000100010000000000010000000202020000020000000000301010000201020000000000000000000203000000000002000001000000100 1
1 0 462996 599980 9 11 3 13 -1 -1 0120100200000100010000000000010000000002020000020000000020301010000201020000000000000000000203000000000002000001000000100 1
2 0 462996 599979 12 14 13 13 -1 -1 0120100210000100010000000000010000000002020000020000000020301010000200020000000000000000000203000000000002000001000000100 1
1 0 458325 599979 15 11 14 12 -1 -1 0120100210000100010000000000010000000002020000020000000020301010000200020000000000000000000203000000000000000001020000100 1
2 0 458325 599978 13 13 15 11 -1 -1 0120100210000100010000000000010000000002020000020000000020301010000200020000000000000000000203000000000000000001020010000 1
1 0 453951 599978 5 13 3 15 -1 -1 0120100210000100010000000000010000000002020000020000000020301010000200020000000000000000000203000000000000000001000010200 1
2 0 453951 599977 15 11 16 12 -1 -1 0120100211000100010000000000000000000002020000020000000020301010000200020000000000000000000203000000000000000001000010200 1
1 0 449915 599977 13 9 13 11 -1 -1 0120100211000100010000000000000000000002020000020000000020301010000200020000000000000000000203000000000000000001000010002 1
2 0 449915 599969 11 11 12 10 -1 -1 0120100211000100010000000000000000000002020000020000000020301010000200020000000000000000000203000000000000000000100010002 1
1 0 445037 599969 13 11 11 9 -1 -1 0120100211000100010000000000000000000002020000020000000020301010000200020000000000000000000003000000000200000000100010002 1
2 0 445037 599968 12 10 13 11 -1 -1 0120100211000100010000000000000000000002020000020000000020301010000200020000000000000000001003000000000200000000000010002 1
1 0 438216 599968 14 12 6 4 -1 -1 0120100211000100010000000000000000000002020000020000000020301010000200020000000000000000001003000000000000000000200010002 1
2 0 438216 599967 13 11 14 10 -1 -1 0120100211000100010000000000000000001002020000020000000020301010000200020000000000000000001003000000000000000000200000002 1
1 0 434145 599967 11 9 10 10 -1 -1 0120100211000100010000000000000000001002020000020000000020301010000200020000000000000000001003000000000000000000000200002 1
2 0 434145 599967 14 10 15 11 -1 -1 0120100211000100010000000000000000001002020000020000000020301010000200020000000100000000000003000000000000000000000200002 1
1 0 428383 599967 10 10 9 9 -1 -1 0120100211000100010000000000000000001002020000020000000020301010000200020000000100000000000003000000000000000000000000202 1
2 0 428383 599967 9 15 10 14 -1 -1 0120100211000100010000000000000000001002020000020000000020301010000210020000000000000000000003000000000000000000000000202 1
1 0 425045 599967 9 9 5 5 -1 -1 0120100211000100010000000000000000001002020000020000000020301010000210000000000002000000000003000000000000000000000000202 1
2 0 425045 599967 10 14 12 16 -1 -1 0120100211000100010000000100000000001002020000020000000020301010000200000000000002000000000003000000000000000000000000202 1
1 0 421497 599967 8 16 7 15 -1 -1 0120100211000100010000000100000000001002020000020000000020301010000200000000000000000000000003000000000000200000000000202 1
2 0 421497 599967 6 14 8 16 -1 -1 0120100211000100010000000100000000001002020000020000100020301000000200000000000000000000000003000000000000200000000000202 1
1 0 417848 599967 7 15 6 14 -1 -1 0120100211000100010000000100000000001002000000020000100020301020000200000000000000000000000003000000000000200000000000202 1
2 0 417848 599966 12 16 13 15 -1 -1 0120100211000100010000000100000000001002010000020000000020301020000200000000000000000000000003000000000000200000000000202 1
1 0 413600 599966 8 12 7 13 -1 -1 0120100211000100010000000100000000001002010000020000000020301020000200000000000000000000000003000000000000000000002000202 1
2 0 413600 599965 13 15 14 14 -1 -1 0120100211000100010000000100000000001002010000020001000020300020000200000000000000000000000003000000000000000000002000202 1
1 0 409772 599965 7 13 5 15 -1 -1 0120100211000100010000000100000000001002010000020001000020300020000200000000000000000000000003000000000000000000000002202 1
2 0 409772 599965 14 14 15 13 -1 -1 0120100211000100010000000100001000001002010000020000000020300020000200000000000000000000000003000000000000000000000002202 1
1 0 406376 599965 6 14 0 12 -1 -1 0120100211000100010000000100001000001002010000020000000020300020000200000000000000000000000003000000000000000000000000222 1
2 0 406376 599965 9 7 10 6 -1 -1 1120100211000100010000000100001000001002000000020000000020300020000200000000000000000000000003000000000000000000000000222 1
1 0 404449 599965 5 5 4 4 -1 -1 1120100211000100010000000100001000001002000000020000000020300020000000000000020000000000000003000000000000000000000000222 1
2 0 404449 599964 10 6 11 7 -1 -1 1120100211001100010000000000001000001002000000020000000020300020000000000000020000000000000003000000000000000000000000222 1
1 0 403094 599964 6 4 5 5 -1 -1 1120100211001100010000000000001000001002000000020000000020300020000000000000000000000000020003000000000000000000000000222 1
2 0 403094 599963 11 7 12 8 -1 -1 1120100211001100010000000100001000000002000000020000000020300020000000000000000000000000020003000000000000000000000000222 1
1 0 401869 599963 5 15 4 16 -1 -1 1120100211001100010000000100001000000002000000020000000020300020000000000000000000000000000003000000002000000000000000222 1
2 0 401869 599962 12 8 13 9 -1 -1 1120100211001100011000000100000000000002000000020000000020300020000000000000000000000000000003000000002000000000000000222 1
1 0 400394 599962 4 16 2 10 -1 -1 1120100211001100011000000100000000000002000000020000000020300020000000000000000000000000000003000000000000000002000000222 1
2 0 400394 599961 13 9 14 10 -1 -1 1121100211001100010000000100000000000002000000020000000020300020000000000000000000000000000003000000000000000002000000222 1
1 0 399586 599961 4 4 4 8 -1 -1 1121100211001100010000000100000000000002000000020000000020300020000000000000000000000000000003000000000000000000000200222 1
2 0 399586 599961 8 16 9 15 -1 -1 1121100211000110010000000100000000000002000000020000000020300020000000000000000000000000000003000000000000000000000200222 1
1 0 398345 599961 4 8 3 9 -1 -1 1121100211000110010000000100000000000002000000020000000020300000000000020000000000000000000003000000000000000000000200222 1
2 0 398345 599960 9 15 10 14 -1 -1 1121101211000100010000000100000000000002000000020000000020300000000000020000000000000000000003000000000000000000000200222 1
1 0 397404 599960 5 5 4 4 -1 -1 1121101211000100010000000100000000000002000000020000000020300000000000000000000002000000000003000000000000000000000200222 1
2 0 397404 599959 10 14 12 16 -1 -1 1121101211001100010000000000000000000002000000020000000020300000000000000000000002000000000003000000000000000000000200222 1
1 0 396897 599959 2 10 2 14 -1 -1 1121101211001100010000000000000000000002000000020000000020300000000000000000000000000000000003000000000000200000000200222 1
2 0 396897 599959 12 16 13 15 -1 -1 1120111211001100010000000000000000000002000000020000000020300000000000000000000000000000000003000000000000200000000200222 1
1 0 396297 599959 4 4 2 10 -1 -1 1120111211001100010000000000000000000002000000020000000020300000000000000000000000000000000003000000000000000000002200222 1
